;;;0
1;1;1;23.970863012991096
1;1;2;4.479229293100291e-14
1;2;1;23.97086301297733
1;2;2;4.479229293100291e-14
1;3;1;23.9708630129833
1;3;2;4.479229293100291e-14
1;4;1;23.97086301297495
1;4;2;4.479229293100291e-14
1;5;1;23.97086301298055
1;5;2;4.479229293100291e-14
1;6;1;23.970863012975098
1;6;2;4.479229293100291e-14
1;7;1;23.970863012980548
1;7;2;4.479229293100291e-14
1;8;1;23.970863012994613
1;8;2;4.479229293100291e-14
1;9;1;2.557687427146769e-10
1;9;2;1.7375962742442038e-22
1;10;1;2.555928041258727e-10
1;10;2;1.7375962742442038e-22
1;11;1;2.5501950017881914e-10
1;11;2;1.7375962742442038e-22
1;12;1;2.5514242417010206e-10
1;12;2;1.7375962742442038e-22
1;13;1;2.553382871228277e-10
1;13;2;1.7375962742442038e-22
1;14;1;2.5553003535445526e-10
1;14;2;1.7375962742442038e-22
1;15;1;2.555936390239877e-10
1;15;2;1.7375962742442038e-22
1;16;1;2.559617375459217e-10
1;16;2;1.7375962742442038e-22
1;17;1;2.558947416250158e-10
1;17;2;1.7375962742442038e-22
1;18;1;2.5598767395279404e-10
1;18;2;1.7375962742442038e-22
1;19;1;2.5570684408288174e-10
1;19;2;1.7375962742442038e-22
1;20;1;2.557388038054033e-10
1;20;2;1.7375962742442038e-22
1;21;1;2.556205268686384e-10
1;21;2;1.7375962742442038e-22
1;22;1;2.5558253224640537e-10
1;22;2;1.7375962742442038e-22
1;23;1;2.5565250676002024e-10
1;23;2;1.7375962742442038e-22
1;24;1;2.559162141556168e-10
1;24;2;1.7375962742442038e-22
1;25;1;2.557687427146769e-10
1;25;2;1.7375962742442038e-22
1;26;1;2.555928041258727e-10
1;26;2;1.7375962742442038e-22
1;27;1;2.5501950017881914e-10
1;27;2;1.7375962742442038e-22
1;28;1;2.5514242417010206e-10
1;28;2;1.7375962742442038e-22
1;29;1;2.553382871228277e-10
1;29;2;1.7375962742442038e-22
1;30;1;2.5553003535445526e-10
1;30;2;1.7375962742442038e-22
1;31;1;2.555936390239877e-10
1;31;2;1.7375962742442038e-22
1;32;1;2.559617375459217e-10
1;32;2;1.7375962742442038e-22
1;33;1;2.558947416250158e-10
1;33;2;1.7375962742442038e-22
1;34;1;2.5598767395279404e-10
1;34;2;1.7375962742442038e-22
1;35;1;2.5570684408288174e-10
1;35;2;1.7375962742442038e-22
1;36;1;2.557388038054033e-10
1;36;2;1.7375962742442038e-22
1;37;1;2.556205268686384e-10
1;37;2;1.7375962742442038e-22
1;38;1;2.5558253224640537e-10
1;38;2;1.7375962742442038e-22
1;39;1;2.5565250676002024e-10
1;39;2;1.7375962742442038e-22
1;40;1;2.559162141556168e-10
1;40;2;1.7375962742442038e-22
1;41;1;4.797762187536136e-10
1;41;2;0.0
1;42;1;4.930384989165759e-10
1;42;2;0.0
1;43;1;4.877165338257328e-10
1;43;2;0.0
1;44;1;4.959375132784771e-10
1;44;2;0.0
1;45;1;4.925055918647558e-10
1;45;2;0.0
1;46;1;4.979412437933206e-10
1;46;2;0.0
1;47;1;4.932303454552311e-10
1;47;2;0.0
1;48;1;4.793747621079092e-10
1;48;2;0.0
1;49;1;4.794102892446972e-10
1;49;2;0.0
1;50;1;4.929781027840363e-10
1;50;2;0.0
1;51;1;4.876561376931932e-10
1;51;2;0.0
1;52;1;4.959090915690467e-10
1;52;2;0.0
1;53;1;4.925055918647558e-10
1;53;2;0.0
1;54;1;4.97703211976841e-10
1;54;2;0.0
1;55;1;4.931308694722247e-10
1;55;2;0.0
1;56;1;4.793889729626244e-10
1;56;2;0.0
1;57;1;4.691180777172121e-10
1;57;2;0.0
1;58;1;4.830269517697161e-10
1;58;2;0.0
1;59;1;4.87997198206358e-10
1;59;2;0.0
1;60;1;5.076330467090884e-10
1;60;2;0.0
1;61;1;4.930171826345031e-10
1;61;2;0.0
1;62;1;4.974793910150765e-10
1;62;2;0.0
1;63;1;4.928288888095267e-10
1;63;2;0.0
1;64;1;4.794777908045944e-10
1;64;2;0.0
1;65;1;4.783231588589842e-10
1;65;2;0.0
1;66;1;4.922462437662034e-10
1;66;2;0.0
1;67;1;4.879368020738184e-10
1;67;2;0.0
1;68;1;4.983924384305283e-10
1;68;2;0.0
1;69;1;4.930171826345031e-10
1;69;2;0.0
1;70;1;4.972804390490637e-10
1;70;2;0.0
1;71;1;4.927791508180235e-10
1;71;2;0.0
1;72;1;4.794706853772368e-10
1;72;2;0.0
1;73;1;4.801599118309241e-10
1;73;2;0.0
1;74;1;4.941291820159677e-10
1;74;2;0.0
1;75;1;4.886366866685421e-10
1;75;2;0.0
1;76;1;4.969500366769353e-10
1;76;2;0.0
1;77;1;4.922213747704518e-10
1;77;2;0.0
1;78;1;4.98005192639539e-10
1;78;2;0.0
1;79;1;4.932267927415523e-10
1;79;2;0.0
1;80;1;4.794600272362004e-10
1;80;2;0.0
1;81;1;4.609859161064378e-10
1;81;2;0.0
1;82;1;4.753211158003978e-10
1;82;2;0.0
1;83;1;4.790443597357807e-10
1;83;2;0.0
1;84;1;4.873683678852103e-10
1;84;2;0.0
1;85;1;4.829949773466069e-10
1;85;2;0.0
1;86;1;4.884874726940325e-10
1;86;2;0.0
1;87;1;4.839115774757374e-10
1;87;2;0.0
1;88;1;4.702371825260343e-10
1;88;2;0.0
1;89;1;4.689866273110965e-10
1;89;2;0.0
1;90;1;5.010605264033074e-10
1;90;2;0.0
1;91;1;4.883098370100925e-10
1;91;2;0.0
1;92;1;4.986304702470079e-10
1;92;2;0.0
1;93;1;4.93660223810366e-10
1;93;2;0.0
1;94;1;4.973585987499973e-10
1;94;2;0.0
1;95;1;4.929532337882847e-10
1;95;2;0.0
1;96;1;4.794564745225216e-10
1;96;2;0.0
1;97;1;4.5978154616932443e-10
1;97;2;0.0
1;98;1;4.826503641197633e-10
1;98;2;0.0
1;99;1;4.8822812459548e-10
1;99;2;0.0
1;100;1;4.985629686871107e-10
1;100;2;0.0
1;101;1;4.936637765240448e-10
1;101;2;0.0
1;102;1;4.972449119122757e-10
1;102;2;0.0
1;103;1;4.928750740873511e-10
1;103;2;0.0
1;104;1;4.794564745225216e-10
1;104;2;0.0
1;105;1;4.797762187536136e-10
1;105;2;0.0
1;106;1;4.930384989165759e-10
1;106;2;0.0
1;107;1;4.877165338257328e-10
1;107;2;0.0
1;108;1;4.959375132784771e-10
1;108;2;0.0
1;109;1;4.925055918647558e-10
1;109;2;0.0
1;110;1;4.979412437933206e-10
1;110;2;0.0
1;111;1;4.932303454552311e-10
1;111;2;0.0
1;112;1;4.793747621079092e-10
1;112;2;0.0
1;113;1;4.794102892446972e-10
1;113;2;0.0
1;114;1;4.929781027840363e-10
1;114;2;0.0
1;115;1;4.876561376931932e-10
1;115;2;0.0
1;116;1;4.959090915690467e-10
1;116;2;0.0
1;117;1;4.925055918647558e-10
1;117;2;0.0
1;118;1;4.97703211976841e-10
1;118;2;0.0
1;119;1;4.931308694722247e-10
1;119;2;0.0
1;120;1;4.793889729626244e-10
1;120;2;0.0
1;121;1;4.691180777172121e-10
1;121;2;0.0
1;122;1;4.830269517697161e-10
1;122;2;0.0
1;123;1;4.87997198206358e-10
1;123;2;0.0
1;124;1;5.076330467090884e-10
1;124;2;0.0
1;125;1;4.930171826345031e-10
1;125;2;0.0
1;126;1;4.974793910150765e-10
1;126;2;0.0
1;127;1;4.928288888095267e-10
1;127;2;0.0
1;128;1;4.794777908045944e-10
1;128;2;0.0
1;129;1;4.783231588589842e-10
1;129;2;0.0
1;130;1;4.922462437662034e-10
1;130;2;0.0
1;131;1;4.879368020738184e-10
1;131;2;0.0
1;132;1;4.983924384305283e-10
1;132;2;0.0
1;133;1;4.930171826345031e-10
1;133;2;0.0
1;134;1;4.972804390490637e-10
1;134;2;0.0
1;135;1;4.927791508180235e-10
1;135;2;0.0
1;136;1;4.794706853772368e-10
1;136;2;0.0
1;137;1;4.801599118309241e-10
1;137;2;0.0
1;138;1;4.941291820159677e-10
1;138;2;0.0
1;139;1;4.886366866685421e-10
1;139;2;0.0
1;140;1;4.969500366769353e-10
1;140;2;0.0
1;141;1;4.922213747704518e-10
1;141;2;0.0
1;142;1;4.98005192639539e-10
1;142;2;0.0
1;143;1;4.932267927415523e-10
1;143;2;0.0
1;144;1;4.794600272362004e-10
1;144;2;0.0
1;145;1;4.609859161064378e-10
1;145;2;0.0
1;146;1;4.753211158003978e-10
1;146;2;0.0
1;147;1;4.790443597357807e-10
1;147;2;0.0
1;148;1;4.873683678852103e-10
1;148;2;0.0
1;149;1;4.829949773466069e-10
1;149;2;0.0
1;150;1;4.884874726940325e-10
1;150;2;0.0
1;151;1;4.839115774757374e-10
1;151;2;0.0
1;152;1;4.702371825260343e-10
1;152;2;0.0
1;153;1;4.689866273110965e-10
1;153;2;0.0
1;154;1;5.010605264033074e-10
1;154;2;0.0
1;155;1;4.883098370100925e-10
1;155;2;0.0
1;156;1;4.986304702470079e-10
1;156;2;0.0
1;157;1;4.93660223810366e-10
1;157;2;0.0
1;158;1;4.973585987499973e-10
1;158;2;0.0
1;159;1;4.929532337882847e-10
1;159;2;0.0
1;160;1;4.794564745225216e-10
1;160;2;0.0
1;161;1;4.5978154616932443e-10
1;161;2;0.0
1;162;1;4.826503641197633e-10
1;162;2;0.0
1;163;1;4.8822812459548e-10
1;163;2;0.0
1;164;1;4.985629686871107e-10
1;164;2;0.0
1;165;1;4.936637765240448e-10
1;165;2;0.0
1;166;1;4.972449119122757e-10
1;166;2;0.0
1;167;1;4.928750740873511e-10
1;167;2;0.0
1;168;1;4.794564745225216e-10
1;168;2;0.0
2;1;1;0.0
2;1;2;0.0
2;2;1;0.0
2;2;2;0.0
2;3;1;0.0
2;3;2;0.0
2;4;1;0.0
2;4;2;0.0
2;5;1;0.0
2;5;2;0.0
2;6;1;0.0
2;6;2;0.0
2;7;1;0.0
2;7;2;0.0
2;8;1;0.0
2;8;2;0.0
2;9;1;0.0
2;9;2;0.0
2;10;1;0.0
2;10;2;0.0
2;11;1;0.0
2;11;2;0.0
2;12;1;0.0
2;12;2;0.0
2;13;1;0.0
2;13;2;0.0
2;14;1;0.0
2;14;2;0.0
2;15;1;0.0
2;15;2;0.0
2;16;1;0.0
2;16;2;0.0
2;17;1;0.0
2;17;2;0.0
2;18;1;0.0
2;18;2;0.0
2;19;1;0.0
2;19;2;0.0
2;20;1;0.0
2;20;2;0.0
2;21;1;0.0
2;21;2;0.0
2;22;1;0.0
2;22;2;0.0
2;23;1;0.0
2;23;2;0.0
2;24;1;0.0
2;24;2;0.0
2;25;1;0.0
2;25;2;0.0
2;26;1;0.0
2;26;2;0.0
2;27;1;0.0
2;27;2;0.0
2;28;1;0.0
2;28;2;0.0
2;29;1;0.0
2;29;2;0.0
2;30;1;0.0
2;30;2;0.0
2;31;1;0.0
2;31;2;0.0
2;32;1;0.0
2;32;2;0.0
2;33;1;0.0
2;33;2;0.0
2;34;1;0.0
2;34;2;0.0
2;35;1;0.0
2;35;2;0.0
2;36;1;0.0
2;36;2;0.0
2;37;1;0.0
2;37;2;0.0
2;38;1;0.0
2;38;2;0.0
2;39;1;0.0
2;39;2;0.0
2;40;1;0.0
2;40;2;0.0
2;41;1;0.0
2;41;2;0.0
2;42;1;0.0
2;42;2;0.0
2;43;1;0.0
2;43;2;0.0
2;44;1;0.0
2;44;2;0.0
2;45;1;0.0
2;45;2;0.0
2;46;1;0.0
2;46;2;0.0
2;47;1;0.0
2;47;2;0.0
2;48;1;0.0
2;48;2;0.0
2;49;1;0.0
2;49;2;0.0
2;50;1;0.0
2;50;2;0.0
2;51;1;0.0
2;51;2;0.0
2;52;1;0.0
2;52;2;0.0
2;53;1;0.0
2;53;2;0.0
2;54;1;0.0
2;54;2;0.0
2;55;1;0.0
2;55;2;0.0
2;56;1;0.0
2;56;2;0.0
2;57;1;0.0
2;57;2;0.0
2;58;1;0.0
2;58;2;0.0
2;59;1;0.0
2;59;2;0.0
2;60;1;0.0
2;60;2;0.0
2;61;1;0.0
2;61;2;0.0
2;62;1;0.0
2;62;2;0.0
2;63;1;0.0
2;63;2;0.0
2;64;1;0.0
2;64;2;0.0
2;65;1;0.0
2;65;2;0.0
2;66;1;0.0
2;66;2;0.0
2;67;1;0.0
2;67;2;0.0
2;68;1;0.0
2;68;2;0.0
2;69;1;0.0
2;69;2;0.0
2;70;1;0.0
2;70;2;0.0
2;71;1;0.0
2;71;2;0.0
2;72;1;0.0
2;72;2;0.0
2;73;1;0.0
2;73;2;0.0
2;74;1;0.0
2;74;2;0.0
2;75;1;0.0
2;75;2;0.0
2;76;1;0.0
2;76;2;0.0
2;77;1;0.0
2;77;2;0.0
2;78;1;0.0
2;78;2;0.0
2;79;1;0.0
2;79;2;0.0
2;80;1;0.0
2;80;2;0.0
2;81;1;0.0
2;81;2;0.0
2;82;1;0.0
2;82;2;0.0
2;83;1;0.0
2;83;2;0.0
2;84;1;0.0
2;84;2;0.0
2;85;1;0.0
2;85;2;0.0
2;86;1;0.0
2;86;2;0.0
2;87;1;0.0
2;87;2;0.0
2;88;1;0.0
2;88;2;0.0
2;89;1;0.0
2;89;2;0.0
2;90;1;0.0
2;90;2;0.0
2;91;1;0.0
2;91;2;0.0
2;92;1;0.0
2;92;2;0.0
2;93;1;0.0
2;93;2;0.0
2;94;1;0.0
2;94;2;0.0
2;95;1;0.0
2;95;2;0.0
2;96;1;0.0
2;96;2;0.0
2;97;1;0.0
2;97;2;0.0
2;98;1;0.0
2;98;2;0.0
2;99;1;0.0
2;99;2;0.0
2;100;1;0.0
2;100;2;0.0
2;101;1;0.0
2;101;2;0.0
2;102;1;0.0
2;102;2;0.0
2;103;1;0.0
2;103;2;0.0
2;104;1;0.0
2;104;2;0.0
2;105;1;0.0
2;105;2;0.0
2;106;1;0.0
2;106;2;0.0
2;107;1;0.0
2;107;2;0.0
2;108;1;0.0
2;108;2;0.0
2;109;1;0.0
2;109;2;0.0
2;110;1;0.0
2;110;2;0.0
2;111;1;0.0
2;111;2;0.0
2;112;1;0.0
2;112;2;0.0
2;113;1;0.0
2;113;2;0.0
2;114;1;0.0
2;114;2;0.0
2;115;1;0.0
2;115;2;0.0
2;116;1;0.0
2;116;2;0.0
2;117;1;0.0
2;117;2;0.0
2;118;1;0.0
2;118;2;0.0
2;119;1;0.0
2;119;2;0.0
2;120;1;0.0
2;120;2;0.0
2;121;1;0.0
2;121;2;0.0
2;122;1;0.0
2;122;2;0.0
2;123;1;0.0
2;123;2;0.0
2;124;1;0.0
2;124;2;0.0
2;125;1;0.0
2;125;2;0.0
2;126;1;0.0
2;126;2;0.0
2;127;1;0.0
2;127;2;0.0
2;128;1;0.0
2;128;2;0.0
2;129;1;0.0
2;129;2;0.0
2;130;1;0.0
2;130;2;0.0
2;131;1;0.0
2;131;2;0.0
2;132;1;0.0
2;132;2;0.0
2;133;1;0.0
2;133;2;0.0
2;134;1;0.0
2;134;2;0.0
2;135;1;0.0
2;135;2;0.0
2;136;1;0.0
2;136;2;0.0
2;137;1;0.0
2;137;2;0.0
2;138;1;0.0
2;138;2;0.0
2;139;1;0.0
2;139;2;0.0
2;140;1;0.0
2;140;2;0.0
2;141;1;0.0
2;141;2;0.0
2;142;1;0.0
2;142;2;0.0
2;143;1;0.0
2;143;2;0.0
2;144;1;0.0
2;144;2;0.0
2;145;1;0.0
2;145;2;0.0
2;146;1;0.0
2;146;2;0.0
2;147;1;0.0
2;147;2;0.0
2;148;1;0.0
2;148;2;0.0
2;149;1;0.0
2;149;2;0.0
2;150;1;0.0
2;150;2;0.0
2;151;1;0.0
2;151;2;0.0
2;152;1;0.0
2;152;2;0.0
2;153;1;0.0
2;153;2;0.0
2;154;1;0.0
2;154;2;0.0
2;155;1;0.0
2;155;2;0.0
2;156;1;0.0
2;156;2;0.0
2;157;1;0.0
2;157;2;0.0
2;158;1;0.0
2;158;2;0.0
2;159;1;0.0
2;159;2;0.0
2;160;1;0.0
2;160;2;0.0
2;161;1;0.0
2;161;2;0.0
2;162;1;0.0
2;162;2;0.0
2;163;1;0.0
2;163;2;0.0
2;164;1;0.0
2;164;2;0.0
2;165;1;0.0
2;165;2;0.0
2;166;1;0.0
2;166;2;0.0
2;167;1;0.0
2;167;2;0.0
2;168;1;0.0
2;168;2;0.0
3;1;1;0.0
3;1;2;0.0
3;2;1;0.0
3;2;2;0.0
3;3;1;0.0
3;3;2;0.0
3;4;1;0.0
3;4;2;0.0
3;5;1;0.0
3;5;2;0.0
3;6;1;0.0
3;6;2;0.0
3;7;1;0.0
3;7;2;0.0
3;8;1;0.0
3;8;2;0.0
3;9;1;0.0
3;9;2;0.0
3;10;1;0.0
3;10;2;0.0
3;11;1;0.0
3;11;2;0.0
3;12;1;0.0
3;12;2;0.0
3;13;1;0.0
3;13;2;0.0
3;14;1;0.0
3;14;2;0.0
3;15;1;0.0
3;15;2;0.0
3;16;1;0.0
3;16;2;0.0
3;17;1;0.0
3;17;2;0.0
3;18;1;0.0
3;18;2;0.0
3;19;1;0.0
3;19;2;0.0
3;20;1;0.0
3;20;2;0.0
3;21;1;0.0
3;21;2;0.0
3;22;1;0.0
3;22;2;0.0
3;23;1;0.0
3;23;2;0.0
3;24;1;0.0
3;24;2;0.0
3;25;1;0.0
3;25;2;0.0
3;26;1;0.0
3;26;2;0.0
3;27;1;0.0
3;27;2;0.0
3;28;1;0.0
3;28;2;0.0
3;29;1;0.0
3;29;2;0.0
3;30;1;0.0
3;30;2;0.0
3;31;1;0.0
3;31;2;0.0
3;32;1;0.0
3;32;2;0.0
3;33;1;0.0
3;33;2;0.0
3;34;1;0.0
3;34;2;0.0
3;35;1;0.0
3;35;2;0.0
3;36;1;0.0
3;36;2;0.0
3;37;1;0.0
3;37;2;0.0
3;38;1;0.0
3;38;2;0.0
3;39;1;0.0
3;39;2;0.0
3;40;1;0.0
3;40;2;0.0
3;41;1;0.0
3;41;2;0.0
3;42;1;0.0
3;42;2;0.0
3;43;1;0.0
3;43;2;0.0
3;44;1;0.0
3;44;2;0.0
3;45;1;0.0
3;45;2;0.0
3;46;1;0.0
3;46;2;0.0
3;47;1;0.0
3;47;2;0.0
3;48;1;0.0
3;48;2;0.0
3;49;1;0.0
3;49;2;0.0
3;50;1;0.0
3;50;2;0.0
3;51;1;0.0
3;51;2;0.0
3;52;1;0.0
3;52;2;0.0
3;53;1;0.0
3;53;2;0.0
3;54;1;0.0
3;54;2;0.0
3;55;1;0.0
3;55;2;0.0
3;56;1;0.0
3;56;2;0.0
3;57;1;0.0
3;57;2;0.0
3;58;1;0.0
3;58;2;0.0
3;59;1;0.0
3;59;2;0.0
3;60;1;0.0
3;60;2;0.0
3;61;1;0.0
3;61;2;0.0
3;62;1;0.0
3;62;2;0.0
3;63;1;0.0
3;63;2;0.0
3;64;1;0.0
3;64;2;0.0
3;65;1;0.0
3;65;2;0.0
3;66;1;0.0
3;66;2;0.0
3;67;1;0.0
3;67;2;0.0
3;68;1;0.0
3;68;2;0.0
3;69;1;0.0
3;69;2;0.0
3;70;1;0.0
3;70;2;0.0
3;71;1;0.0
3;71;2;0.0
3;72;1;0.0
3;72;2;0.0
3;73;1;0.0
3;73;2;0.0
3;74;1;0.0
3;74;2;0.0
3;75;1;0.0
3;75;2;0.0
3;76;1;0.0
3;76;2;0.0
3;77;1;0.0
3;77;2;0.0
3;78;1;0.0
3;78;2;0.0
3;79;1;0.0
3;79;2;0.0
3;80;1;0.0
3;80;2;0.0
3;81;1;0.0
3;81;2;0.0
3;82;1;0.0
3;82;2;0.0
3;83;1;0.0
3;83;2;0.0
3;84;1;0.0
3;84;2;0.0
3;85;1;0.0
3;85;2;0.0
3;86;1;0.0
3;86;2;0.0
3;87;1;0.0
3;87;2;0.0
3;88;1;0.0
3;88;2;0.0
3;89;1;0.0
3;89;2;0.0
3;90;1;0.0
3;90;2;0.0
3;91;1;0.0
3;91;2;0.0
3;92;1;0.0
3;92;2;0.0
3;93;1;0.0
3;93;2;0.0
3;94;1;0.0
3;94;2;0.0
3;95;1;0.0
3;95;2;0.0
3;96;1;0.0
3;96;2;0.0
3;97;1;0.0
3;97;2;0.0
3;98;1;0.0
3;98;2;0.0
3;99;1;0.0
3;99;2;0.0
3;100;1;0.0
3;100;2;0.0
3;101;1;0.0
3;101;2;0.0
3;102;1;0.0
3;102;2;0.0
3;103;1;0.0
3;103;2;0.0
3;104;1;0.0
3;104;2;0.0
3;105;1;0.0
3;105;2;0.0
3;106;1;0.0
3;106;2;0.0
3;107;1;0.0
3;107;2;0.0
3;108;1;0.0
3;108;2;0.0
3;109;1;0.0
3;109;2;0.0
3;110;1;0.0
3;110;2;0.0
3;111;1;0.0
3;111;2;0.0
3;112;1;0.0
3;112;2;0.0
3;113;1;0.0
3;113;2;0.0
3;114;1;0.0
3;114;2;0.0
3;115;1;0.0
3;115;2;0.0
3;116;1;0.0
3;116;2;0.0
3;117;1;0.0
3;117;2;0.0
3;118;1;0.0
3;118;2;0.0
3;119;1;0.0
3;119;2;0.0
3;120;1;0.0
3;120;2;0.0
3;121;1;0.0
3;121;2;0.0
3;122;1;0.0
3;122;2;0.0
3;123;1;0.0
3;123;2;0.0
3;124;1;0.0
3;124;2;0.0
3;125;1;0.0
3;125;2;0.0
3;126;1;0.0
3;126;2;0.0
3;127;1;0.0
3;127;2;0.0
3;128;1;0.0
3;128;2;0.0
3;129;1;0.0
3;129;2;0.0
3;130;1;0.0
3;130;2;0.0
3;131;1;0.0
3;131;2;0.0
3;132;1;0.0
3;132;2;0.0
3;133;1;0.0
3;133;2;0.0
3;134;1;0.0
3;134;2;0.0
3;135;1;0.0
3;135;2;0.0
3;136;1;0.0
3;136;2;0.0
3;137;1;0.0
3;137;2;0.0
3;138;1;0.0
3;138;2;0.0
3;139;1;0.0
3;139;2;0.0
3;140;1;0.0
3;140;2;0.0
3;141;1;0.0
3;141;2;0.0
3;142;1;0.0
3;142;2;0.0
3;143;1;0.0
3;143;2;0.0
3;144;1;0.0
3;144;2;0.0
3;145;1;0.0
3;145;2;0.0
3;146;1;0.0
3;146;2;0.0
3;147;1;0.0
3;147;2;0.0
3;148;1;0.0
3;148;2;0.0
3;149;1;0.0
3;149;2;0.0
3;150;1;0.0
3;150;2;0.0
3;151;1;0.0
3;151;2;0.0
3;152;1;0.0
3;152;2;0.0
3;153;1;0.0
3;153;2;0.0
3;154;1;0.0
3;154;2;0.0
3;155;1;0.0
3;155;2;0.0
3;156;1;0.0
3;156;2;0.0
3;157;1;0.0
3;157;2;0.0
3;158;1;0.0
3;158;2;0.0
3;159;1;0.0
3;159;2;0.0
3;160;1;0.0
3;160;2;0.0
3;161;1;0.0
3;161;2;0.0
3;162;1;0.0
3;162;2;0.0
3;163;1;0.0
3;163;2;0.0
3;164;1;0.0
3;164;2;0.0
3;165;1;0.0
3;165;2;0.0
3;166;1;0.0
3;166;2;0.0
3;167;1;0.0
3;167;2;0.0
3;168;1;0.0
3;168;2;0.0
4;1;1;0.0
4;1;2;0.0
4;2;1;0.0
4;2;2;0.0
4;3;1;0.0
4;3;2;0.0
4;4;1;0.0
4;4;2;0.0
4;5;1;0.0
4;5;2;0.0
4;6;1;0.0
4;6;2;0.0
4;7;1;0.0
4;7;2;0.0
4;8;1;0.0
4;8;2;0.0
4;9;1;0.0
4;9;2;0.0
4;10;1;0.0
4;10;2;0.0
4;11;1;0.0
4;11;2;0.0
4;12;1;0.0
4;12;2;0.0
4;13;1;0.0
4;13;2;0.0
4;14;1;0.0
4;14;2;0.0
4;15;1;0.0
4;15;2;0.0
4;16;1;0.0
4;16;2;0.0
4;17;1;0.0
4;17;2;0.0
4;18;1;0.0
4;18;2;0.0
4;19;1;0.0
4;19;2;0.0
4;20;1;0.0
4;20;2;0.0
4;21;1;0.0
4;21;2;0.0
4;22;1;0.0
4;22;2;0.0
4;23;1;0.0
4;23;2;0.0
4;24;1;0.0
4;24;2;0.0
4;25;1;0.0
4;25;2;0.0
4;26;1;0.0
4;26;2;0.0
4;27;1;0.0
4;27;2;0.0
4;28;1;0.0
4;28;2;0.0
4;29;1;0.0
4;29;2;0.0
4;30;1;0.0
4;30;2;0.0
4;31;1;0.0
4;31;2;0.0
4;32;1;0.0
4;32;2;0.0
4;33;1;0.0
4;33;2;0.0
4;34;1;0.0
4;34;2;0.0
4;35;1;0.0
4;35;2;0.0
4;36;1;0.0
4;36;2;0.0
4;37;1;0.0
4;37;2;0.0
4;38;1;0.0
4;38;2;0.0
4;39;1;0.0
4;39;2;0.0
4;40;1;0.0
4;40;2;0.0
4;41;1;0.0
4;41;2;0.0
4;42;1;0.0
4;42;2;0.0
4;43;1;0.0
4;43;2;0.0
4;44;1;0.0
4;44;2;0.0
4;45;1;0.0
4;45;2;0.0
4;46;1;0.0
4;46;2;0.0
4;47;1;0.0
4;47;2;0.0
4;48;1;0.0
4;48;2;0.0
4;49;1;0.0
4;49;2;0.0
4;50;1;0.0
4;50;2;0.0
4;51;1;0.0
4;51;2;0.0
4;52;1;0.0
4;52;2;0.0
4;53;1;0.0
4;53;2;0.0
4;54;1;0.0
4;54;2;0.0
4;55;1;0.0
4;55;2;0.0
4;56;1;0.0
4;56;2;0.0
4;57;1;0.0
4;57;2;0.0
4;58;1;0.0
4;58;2;0.0
4;59;1;0.0
4;59;2;0.0
4;60;1;0.0
4;60;2;0.0
4;61;1;0.0
4;61;2;0.0
4;62;1;0.0
4;62;2;0.0
4;63;1;0.0
4;63;2;0.0
4;64;1;0.0
4;64;2;0.0
4;65;1;0.0
4;65;2;0.0
4;66;1;0.0
4;66;2;0.0
4;67;1;0.0
4;67;2;0.0
4;68;1;0.0
4;68;2;0.0
4;69;1;0.0
4;69;2;0.0
4;70;1;0.0
4;70;2;0.0
4;71;1;0.0
4;71;2;0.0
4;72;1;0.0
4;72;2;0.0
4;73;1;0.0
4;73;2;0.0
4;74;1;0.0
4;74;2;0.0
4;75;1;0.0
4;75;2;0.0
4;76;1;0.0
4;76;2;0.0
4;77;1;0.0
4;77;2;0.0
4;78;1;0.0
4;78;2;0.0
4;79;1;0.0
4;79;2;0.0
4;80;1;0.0
4;80;2;0.0
4;81;1;0.0
4;81;2;0.0
4;82;1;0.0
4;82;2;0.0
4;83;1;0.0
4;83;2;0.0
4;84;1;0.0
4;84;2;0.0
4;85;1;0.0
4;85;2;0.0
4;86;1;0.0
4;86;2;0.0
4;87;1;0.0
4;87;2;0.0
4;88;1;0.0
4;88;2;0.0
4;89;1;0.0
4;89;2;0.0
4;90;1;0.0
4;90;2;0.0
4;91;1;0.0
4;91;2;0.0
4;92;1;0.0
4;92;2;0.0
4;93;1;0.0
4;93;2;0.0
4;94;1;0.0
4;94;2;0.0
4;95;1;0.0
4;95;2;0.0
4;96;1;0.0
4;96;2;0.0
4;97;1;0.0
4;97;2;0.0
4;98;1;0.0
4;98;2;0.0
4;99;1;0.0
4;99;2;0.0
4;100;1;0.0
4;100;2;0.0
4;101;1;0.0
4;101;2;0.0
4;102;1;0.0
4;102;2;0.0
4;103;1;0.0
4;103;2;0.0
4;104;1;0.0
4;104;2;0.0
4;105;1;0.0
4;105;2;0.0
4;106;1;0.0
4;106;2;0.0
4;107;1;0.0
4;107;2;0.0
4;108;1;0.0
4;108;2;0.0
4;109;1;0.0
4;109;2;0.0
4;110;1;0.0
4;110;2;0.0
4;111;1;0.0
4;111;2;0.0
4;112;1;0.0
4;112;2;0.0
4;113;1;0.0
4;113;2;0.0
4;114;1;0.0
4;114;2;0.0
4;115;1;0.0
4;115;2;0.0
4;116;1;0.0
4;116;2;0.0
4;117;1;0.0
4;117;2;0.0
4;118;1;0.0
4;118;2;0.0
4;119;1;0.0
4;119;2;0.0
4;120;1;0.0
4;120;2;0.0
4;121;1;0.0
4;121;2;0.0
4;122;1;0.0
4;122;2;0.0
4;123;1;0.0
4;123;2;0.0
4;124;1;0.0
4;124;2;0.0
4;125;1;0.0
4;125;2;0.0
4;126;1;0.0
4;126;2;0.0
4;127;1;0.0
4;127;2;0.0
4;128;1;0.0
4;128;2;0.0
4;129;1;0.0
4;129;2;0.0
4;130;1;0.0
4;130;2;0.0
4;131;1;0.0
4;131;2;0.0
4;132;1;0.0
4;132;2;0.0
4;133;1;0.0
4;133;2;0.0
4;134;1;0.0
4;134;2;0.0
4;135;1;0.0
4;135;2;0.0
4;136;1;0.0
4;136;2;0.0
4;137;1;0.0
4;137;2;0.0
4;138;1;0.0
4;138;2;0.0
4;139;1;0.0
4;139;2;0.0
4;140;1;0.0
4;140;2;0.0
4;141;1;0.0
4;141;2;0.0
4;142;1;0.0
4;142;2;0.0
4;143;1;0.0
4;143;2;0.0
4;144;1;0.0
4;144;2;0.0
4;145;1;0.0
4;145;2;0.0
4;146;1;0.0
4;146;2;0.0
4;147;1;0.0
4;147;2;0.0
4;148;1;0.0
4;148;2;0.0
4;149;1;0.0
4;149;2;0.0
4;150;1;0.0
4;150;2;0.0
4;151;1;0.0
4;151;2;0.0
4;152;1;0.0
4;152;2;0.0
4;153;1;0.0
4;153;2;0.0
4;154;1;0.0
4;154;2;0.0
4;155;1;0.0
4;155;2;0.0
4;156;1;0.0
4;156;2;0.0
4;157;1;0.0
4;157;2;0.0
4;158;1;0.0
4;158;2;0.0
4;159;1;0.0
4;159;2;0.0
4;160;1;0.0
4;160;2;0.0
4;161;1;0.0
4;161;2;0.0
4;162;1;0.0
4;162;2;0.0
4;163;1;0.0
4;163;2;0.0
4;164;1;0.0
4;164;2;0.0
4;165;1;0.0
4;165;2;0.0
4;166;1;0.0
4;166;2;0.0
4;167;1;0.0
4;167;2;0.0
4;168;1;0.0
4;168;2;0.0
5;1;1;0.0
5;1;2;0.0
5;2;1;0.0
5;2;2;0.0
5;3;1;0.0
5;3;2;0.0
5;4;1;0.0
5;4;2;0.0
5;5;1;0.0
5;5;2;0.0
5;6;1;0.0
5;6;2;0.0
5;7;1;0.0
5;7;2;0.0
5;8;1;0.0
5;8;2;0.0
5;9;1;0.0
5;9;2;0.0
5;10;1;0.0
5;10;2;0.0
5;11;1;0.0
5;11;2;0.0
5;12;1;0.0
5;12;2;0.0
5;13;1;0.0
5;13;2;0.0
5;14;1;0.0
5;14;2;0.0
5;15;1;0.0
5;15;2;0.0
5;16;1;0.0
5;16;2;0.0
5;17;1;0.0
5;17;2;0.0
5;18;1;0.0
5;18;2;0.0
5;19;1;0.0
5;19;2;0.0
5;20;1;0.0
5;20;2;0.0
5;21;1;0.0
5;21;2;0.0
5;22;1;0.0
5;22;2;0.0
5;23;1;0.0
5;23;2;0.0
5;24;1;0.0
5;24;2;0.0
5;25;1;0.0
5;25;2;0.0
5;26;1;0.0
5;26;2;0.0
5;27;1;0.0
5;27;2;0.0
5;28;1;0.0
5;28;2;0.0
5;29;1;0.0
5;29;2;0.0
5;30;1;0.0
5;30;2;0.0
5;31;1;0.0
5;31;2;0.0
5;32;1;0.0
5;32;2;0.0
5;33;1;0.0
5;33;2;0.0
5;34;1;0.0
5;34;2;0.0
5;35;1;0.0
5;35;2;0.0
5;36;1;0.0
5;36;2;0.0
5;37;1;0.0
5;37;2;0.0
5;38;1;0.0
5;38;2;0.0
5;39;1;0.0
5;39;2;0.0
5;40;1;0.0
5;40;2;0.0
5;41;1;0.0
5;41;2;0.0
5;42;1;0.0
5;42;2;0.0
5;43;1;0.0
5;43;2;0.0
5;44;1;0.0
5;44;2;0.0
5;45;1;0.0
5;45;2;0.0
5;46;1;0.0
5;46;2;0.0
5;47;1;0.0
5;47;2;0.0
5;48;1;0.0
5;48;2;0.0
5;49;1;0.0
5;49;2;0.0
5;50;1;0.0
5;50;2;0.0
5;51;1;0.0
5;51;2;0.0
5;52;1;0.0
5;52;2;0.0
5;53;1;0.0
5;53;2;0.0
5;54;1;0.0
5;54;2;0.0
5;55;1;0.0
5;55;2;0.0
5;56;1;0.0
5;56;2;0.0
5;57;1;0.0
5;57;2;0.0
5;58;1;0.0
5;58;2;0.0
5;59;1;0.0
5;59;2;0.0
5;60;1;0.0
5;60;2;0.0
5;61;1;0.0
5;61;2;0.0
5;62;1;0.0
5;62;2;0.0
5;63;1;0.0
5;63;2;0.0
5;64;1;0.0
5;64;2;0.0
5;65;1;0.0
5;65;2;0.0
5;66;1;0.0
5;66;2;0.0
5;67;1;0.0
5;67;2;0.0
5;68;1;0.0
5;68;2;0.0
5;69;1;0.0
5;69;2;0.0
5;70;1;0.0
5;70;2;0.0
5;71;1;0.0
5;71;2;0.0
5;72;1;0.0
5;72;2;0.0
5;73;1;0.0
5;73;2;0.0
5;74;1;0.0
5;74;2;0.0
5;75;1;0.0
5;75;2;0.0
5;76;1;0.0
5;76;2;0.0
5;77;1;0.0
5;77;2;0.0
5;78;1;0.0
5;78;2;0.0
5;79;1;0.0
5;79;2;0.0
5;80;1;0.0
5;80;2;0.0
5;81;1;0.0
5;81;2;0.0
5;82;1;0.0
5;82;2;0.0
5;83;1;0.0
5;83;2;0.0
5;84;1;0.0
5;84;2;0.0
5;85;1;0.0
5;85;2;0.0
5;86;1;0.0
5;86;2;0.0
5;87;1;0.0
5;87;2;0.0
5;88;1;0.0
5;88;2;0.0
5;89;1;0.0
5;89;2;0.0
5;90;1;0.0
5;90;2;0.0
5;91;1;0.0
5;91;2;0.0
5;92;1;0.0
5;92;2;0.0
5;93;1;0.0
5;93;2;0.0
5;94;1;0.0
5;94;2;0.0
5;95;1;0.0
5;95;2;0.0
5;96;1;0.0
5;96;2;0.0
5;97;1;0.0
5;97;2;0.0
5;98;1;0.0
5;98;2;0.0
5;99;1;0.0
5;99;2;0.0
5;100;1;0.0
5;100;2;0.0
5;101;1;0.0
5;101;2;0.0
5;102;1;0.0
5;102;2;0.0
5;103;1;0.0
5;103;2;0.0
5;104;1;0.0
5;104;2;0.0
5;105;1;0.0
5;105;2;0.0
5;106;1;0.0
5;106;2;0.0
5;107;1;0.0
5;107;2;0.0
5;108;1;0.0
5;108;2;0.0
5;109;1;0.0
5;109;2;0.0
5;110;1;0.0
5;110;2;0.0
5;111;1;0.0
5;111;2;0.0
5;112;1;0.0
5;112;2;0.0
5;113;1;0.0
5;113;2;0.0
5;114;1;0.0
5;114;2;0.0
5;115;1;0.0
5;115;2;0.0
5;116;1;0.0
5;116;2;0.0
5;117;1;0.0
5;117;2;0.0
5;118;1;0.0
5;118;2;0.0
5;119;1;0.0
5;119;2;0.0
5;120;1;0.0
5;120;2;0.0
5;121;1;0.0
5;121;2;0.0
5;122;1;0.0
5;122;2;0.0
5;123;1;0.0
5;123;2;0.0
5;124;1;0.0
5;124;2;0.0
5;125;1;0.0
5;125;2;0.0
5;126;1;0.0
5;126;2;0.0
5;127;1;0.0
5;127;2;0.0
5;128;1;0.0
5;128;2;0.0
5;129;1;0.0
5;129;2;0.0
5;130;1;0.0
5;130;2;0.0
5;131;1;0.0
5;131;2;0.0
5;132;1;0.0
5;132;2;0.0
5;133;1;0.0
5;133;2;0.0
5;134;1;0.0
5;134;2;0.0
5;135;1;0.0
5;135;2;0.0
5;136;1;0.0
5;136;2;0.0
5;137;1;0.0
5;137;2;0.0
5;138;1;0.0
5;138;2;0.0
5;139;1;0.0
5;139;2;0.0
5;140;1;0.0
5;140;2;0.0
5;141;1;0.0
5;141;2;0.0
5;142;1;0.0
5;142;2;0.0
5;143;1;0.0
5;143;2;0.0
5;144;1;0.0
5;144;2;0.0
5;145;1;0.0
5;145;2;0.0
5;146;1;0.0
5;146;2;0.0
5;147;1;0.0
5;147;2;0.0
5;148;1;0.0
5;148;2;0.0
5;149;1;0.0
5;149;2;0.0
5;150;1;0.0
5;150;2;0.0
5;151;1;0.0
5;151;2;0.0
5;152;1;0.0
5;152;2;0.0
5;153;1;0.0
5;153;2;0.0
5;154;1;0.0
5;154;2;0.0
5;155;1;0.0
5;155;2;0.0
5;156;1;0.0
5;156;2;0.0
5;157;1;0.0
5;157;2;0.0
5;158;1;0.0
5;158;2;0.0
5;159;1;0.0
5;159;2;0.0
5;160;1;0.0
5;160;2;0.0
5;161;1;0.0
5;161;2;0.0
5;162;1;0.0
5;162;2;0.0
5;163;1;0.0
5;163;2;0.0
5;164;1;0.0
5;164;2;0.0
5;165;1;0.0
5;165;2;0.0
5;166;1;0.0
5;166;2;0.0
5;167;1;0.0
5;167;2;0.0
5;168;1;0.0
5;168;2;0.0
6;1;1;0.35852054794569993
6;1;2;4.479229293100291e-14
6;2;1;0.35852054794569993
6;2;2;4.479229293100291e-14
6;3;1;0.35852054794569993
6;3;2;4.479229293100291e-14
6;4;1;0.35852054794569993
6;4;2;4.479229293100291e-14
6;5;1;0.35852054794569993
6;5;2;4.479229293100291e-14
6;6;1;0.35852054794569993
6;6;2;4.479229293100291e-14
6;7;1;0.35852054794569993
6;7;2;4.479229293100291e-14
6;8;1;0.35852054794569993
6;8;2;4.479229293100291e-14
6;9;1;-7.949205686634596e-22
6;9;2;1.7375962742442038e-22
6;10;1;-7.949205686634596e-22
6;10;2;1.7375962742442038e-22
6;11;1;-7.949205686634596e-22
6;11;2;1.7375962742442038e-22
6;12;1;-7.949205686634596e-22
6;12;2;1.7375962742442038e-22
6;13;1;-7.949205686634596e-22
6;13;2;1.7375962742442038e-22
6;14;1;-7.949205686634596e-22
6;14;2;1.7375962742442038e-22
6;15;1;-7.949205686634596e-22
6;15;2;1.7375962742442038e-22
6;16;1;-7.949205686634596e-22
6;16;2;1.7375962742442038e-22
6;17;1;-7.949205686634596e-22
6;17;2;1.7375962742442038e-22
6;18;1;-7.949205686634596e-22
6;18;2;1.7375962742442038e-22
6;19;1;-7.949205686634596e-22
6;19;2;1.7375962742442038e-22
6;20;1;-7.949205686634596e-22
6;20;2;1.7375962742442038e-22
6;21;1;-7.949205686634596e-22
6;21;2;1.7375962742442038e-22
6;22;1;-7.949205686634596e-22
6;22;2;1.7375962742442038e-22
6;23;1;-7.949205686634596e-22
6;23;2;1.7375962742442038e-22
6;24;1;-7.949205686634596e-22
6;24;2;1.7375962742442038e-22
6;25;1;-7.949205686634596e-22
6;25;2;1.7375962742442038e-22
6;26;1;-7.949205686634596e-22
6;26;2;1.7375962742442038e-22
6;27;1;-7.949205686634596e-22
6;27;2;1.7375962742442038e-22
6;28;1;-7.949205686634596e-22
6;28;2;1.7375962742442038e-22
6;29;1;-7.949205686634596e-22
6;29;2;1.7375962742442038e-22
6;30;1;-7.949205686634596e-22
6;30;2;1.7375962742442038e-22
6;31;1;-7.949205686634596e-22
6;31;2;1.7375962742442038e-22
6;32;1;-7.949205686634596e-22
6;32;2;1.7375962742442038e-22
6;33;1;-7.949205686634596e-22
6;33;2;1.7375962742442038e-22
6;34;1;-7.949205686634596e-22
6;34;2;1.7375962742442038e-22
6;35;1;-7.949205686634596e-22
6;35;2;1.7375962742442038e-22
6;36;1;-7.949205686634596e-22
6;36;2;1.7375962742442038e-22
6;37;1;-7.949205686634596e-22
6;37;2;1.7375962742442038e-22
6;38;1;-7.949205686634596e-22
6;38;2;1.7375962742442038e-22
6;39;1;-7.949205686634596e-22
6;39;2;1.7375962742442038e-22
6;40;1;-7.949205686634596e-22
6;40;2;1.7375962742442038e-22
6;41;1;0.0
6;41;2;0.0
6;42;1;0.0
6;42;2;0.0
6;43;1;0.0
6;43;2;0.0
6;44;1;0.0
6;44;2;0.0
6;45;1;0.0
6;45;2;0.0
6;46;1;0.0
6;46;2;0.0
6;47;1;0.0
6;47;2;0.0
6;48;1;0.0
6;48;2;0.0
6;49;1;0.0
6;49;2;0.0
6;50;1;0.0
6;50;2;0.0
6;51;1;0.0
6;51;2;0.0
6;52;1;0.0
6;52;2;0.0
6;53;1;0.0
6;53;2;0.0
6;54;1;0.0
6;54;2;0.0
6;55;1;0.0
6;55;2;0.0
6;56;1;0.0
6;56;2;0.0
6;57;1;0.0
6;57;2;0.0
6;58;1;0.0
6;58;2;0.0
6;59;1;0.0
6;59;2;0.0
6;60;1;0.0
6;60;2;0.0
6;61;1;0.0
6;61;2;0.0
6;62;1;0.0
6;62;2;0.0
6;63;1;0.0
6;63;2;0.0
6;64;1;0.0
6;64;2;0.0
6;65;1;0.0
6;65;2;0.0
6;66;1;0.0
6;66;2;0.0
6;67;1;0.0
6;67;2;0.0
6;68;1;0.0
6;68;2;0.0
6;69;1;0.0
6;69;2;0.0
6;70;1;0.0
6;70;2;0.0
6;71;1;0.0
6;71;2;0.0
6;72;1;0.0
6;72;2;0.0
6;73;1;0.0
6;73;2;0.0
6;74;1;0.0
6;74;2;0.0
6;75;1;0.0
6;75;2;0.0
6;76;1;0.0
6;76;2;0.0
6;77;1;0.0
6;77;2;0.0
6;78;1;0.0
6;78;2;0.0
6;79;1;0.0
6;79;2;0.0
6;80;1;0.0
6;80;2;0.0
6;81;1;0.0
6;81;2;0.0
6;82;1;0.0
6;82;2;0.0
6;83;1;0.0
6;83;2;0.0
6;84;1;0.0
6;84;2;0.0
6;85;1;0.0
6;85;2;0.0
6;86;1;0.0
6;86;2;0.0
6;87;1;0.0
6;87;2;0.0
6;88;1;0.0
6;88;2;0.0
6;89;1;0.0
6;89;2;0.0
6;90;1;0.0
6;90;2;0.0
6;91;1;0.0
6;91;2;0.0
6;92;1;0.0
6;92;2;0.0
6;93;1;0.0
6;93;2;0.0
6;94;1;0.0
6;94;2;0.0
6;95;1;0.0
6;95;2;0.0
6;96;1;0.0
6;96;2;0.0
6;97;1;0.0
6;97;2;0.0
6;98;1;0.0
6;98;2;0.0
6;99;1;0.0
6;99;2;0.0
6;100;1;0.0
6;100;2;0.0
6;101;1;0.0
6;101;2;0.0
6;102;1;0.0
6;102;2;0.0
6;103;1;0.0
6;103;2;0.0
6;104;1;0.0
6;104;2;0.0
6;105;1;0.0
6;105;2;0.0
6;106;1;0.0
6;106;2;0.0
6;107;1;0.0
6;107;2;0.0
6;108;1;0.0
6;108;2;0.0
6;109;1;0.0
6;109;2;0.0
6;110;1;0.0
6;110;2;0.0
6;111;1;0.0
6;111;2;0.0
6;112;1;0.0
6;112;2;0.0
6;113;1;0.0
6;113;2;0.0
6;114;1;0.0
6;114;2;0.0
6;115;1;0.0
6;115;2;0.0
6;116;1;0.0
6;116;2;0.0
6;117;1;0.0
6;117;2;0.0
6;118;1;0.0
6;118;2;0.0
6;119;1;0.0
6;119;2;0.0
6;120;1;0.0
6;120;2;0.0
6;121;1;0.0
6;121;2;0.0
6;122;1;0.0
6;122;2;0.0
6;123;1;0.0
6;123;2;0.0
6;124;1;0.0
6;124;2;0.0
6;125;1;0.0
6;125;2;0.0
6;126;1;0.0
6;126;2;0.0
6;127;1;0.0
6;127;2;0.0
6;128;1;0.0
6;128;2;0.0
6;129;1;0.0
6;129;2;0.0
6;130;1;0.0
6;130;2;0.0
6;131;1;0.0
6;131;2;0.0
6;132;1;0.0
6;132;2;0.0
6;133;1;0.0
6;133;2;0.0
6;134;1;0.0
6;134;2;0.0
6;135;1;0.0
6;135;2;0.0
6;136;1;0.0
6;136;2;0.0
6;137;1;0.0
6;137;2;0.0
6;138;1;0.0
6;138;2;0.0
6;139;1;0.0
6;139;2;0.0
6;140;1;0.0
6;140;2;0.0
6;141;1;0.0
6;141;2;0.0
6;142;1;0.0
6;142;2;0.0
6;143;1;0.0
6;143;2;0.0
6;144;1;0.0
6;144;2;0.0
6;145;1;0.0
6;145;2;0.0
6;146;1;0.0
6;146;2;0.0
6;147;1;0.0
6;147;2;0.0
6;148;1;0.0
6;148;2;0.0
6;149;1;0.0
6;149;2;0.0
6;150;1;0.0
6;150;2;0.0
6;151;1;0.0
6;151;2;0.0
6;152;1;0.0
6;152;2;0.0
6;153;1;0.0
6;153;2;0.0
6;154;1;0.0
6;154;2;0.0
6;155;1;0.0
6;155;2;0.0
6;156;1;0.0
6;156;2;0.0
6;157;1;0.0
6;157;2;0.0
6;158;1;0.0
6;158;2;0.0
6;159;1;0.0
6;159;2;0.0
6;160;1;0.0
6;160;2;0.0
6;161;1;0.0
6;161;2;0.0
6;162;1;0.0
6;162;2;0.0
6;163;1;0.0
6;163;2;0.0
6;164;1;0.0
6;164;2;0.0
6;165;1;0.0
6;165;2;0.0
6;166;1;0.0
6;166;2;0.0
6;167;1;0.0
6;167;2;0.0
6;168;1;0.0
6;168;2;0.0
7;1;1;0.0
7;1;2;0.0
7;2;1;0.0
7;2;2;0.0
7;3;1;0.0
7;3;2;0.0
7;4;1;0.0
7;4;2;0.0
7;5;1;0.0
7;5;2;0.0
7;6;1;0.0
7;6;2;0.0
7;7;1;0.0
7;7;2;0.0
7;8;1;0.0
7;8;2;0.0
7;9;1;0.0
7;9;2;0.0
7;10;1;0.0
7;10;2;0.0
7;11;1;0.0
7;11;2;0.0
7;12;1;0.0
7;12;2;0.0
7;13;1;0.0
7;13;2;0.0
7;14;1;0.0
7;14;2;0.0
7;15;1;0.0
7;15;2;0.0
7;16;1;0.0
7;16;2;0.0
7;17;1;0.0
7;17;2;0.0
7;18;1;0.0
7;18;2;0.0
7;19;1;0.0
7;19;2;0.0
7;20;1;0.0
7;20;2;0.0
7;21;1;0.0
7;21;2;0.0
7;22;1;0.0
7;22;2;0.0
7;23;1;0.0
7;23;2;0.0
7;24;1;0.0
7;24;2;0.0
7;25;1;0.0
7;25;2;0.0
7;26;1;0.0
7;26;2;0.0
7;27;1;0.0
7;27;2;0.0
7;28;1;0.0
7;28;2;0.0
7;29;1;0.0
7;29;2;0.0
7;30;1;0.0
7;30;2;0.0
7;31;1;0.0
7;31;2;0.0
7;32;1;0.0
7;32;2;0.0
7;33;1;0.0
7;33;2;0.0
7;34;1;0.0
7;34;2;0.0
7;35;1;0.0
7;35;2;0.0
7;36;1;0.0
7;36;2;0.0
7;37;1;0.0
7;37;2;0.0
7;38;1;0.0
7;38;2;0.0
7;39;1;0.0
7;39;2;0.0
7;40;1;0.0
7;40;2;0.0
7;41;1;0.0
7;41;2;0.0
7;42;1;0.0
7;42;2;0.0
7;43;1;0.0
7;43;2;0.0
7;44;1;0.0
7;44;2;0.0
7;45;1;0.0
7;45;2;0.0
7;46;1;0.0
7;46;2;0.0
7;47;1;0.0
7;47;2;0.0
7;48;1;0.0
7;48;2;0.0
7;49;1;0.0
7;49;2;0.0
7;50;1;0.0
7;50;2;0.0
7;51;1;0.0
7;51;2;0.0
7;52;1;0.0
7;52;2;0.0
7;53;1;0.0
7;53;2;0.0
7;54;1;0.0
7;54;2;0.0
7;55;1;0.0
7;55;2;0.0
7;56;1;0.0
7;56;2;0.0
7;57;1;0.0
7;57;2;0.0
7;58;1;0.0
7;58;2;0.0
7;59;1;0.0
7;59;2;0.0
7;60;1;0.0
7;60;2;0.0
7;61;1;0.0
7;61;2;0.0
7;62;1;0.0
7;62;2;0.0
7;63;1;0.0
7;63;2;0.0
7;64;1;0.0
7;64;2;0.0
7;65;1;0.0
7;65;2;0.0
7;66;1;0.0
7;66;2;0.0
7;67;1;0.0
7;67;2;0.0
7;68;1;0.0
7;68;2;0.0
7;69;1;0.0
7;69;2;0.0
7;70;1;0.0
7;70;2;0.0
7;71;1;0.0
7;71;2;0.0
7;72;1;0.0
7;72;2;0.0
7;73;1;0.0
7;73;2;0.0
7;74;1;0.0
7;74;2;0.0
7;75;1;0.0
7;75;2;0.0
7;76;1;0.0
7;76;2;0.0
7;77;1;0.0
7;77;2;0.0
7;78;1;0.0
7;78;2;0.0
7;79;1;0.0
7;79;2;0.0
7;80;1;0.0
7;80;2;0.0
7;81;1;0.0
7;81;2;0.0
7;82;1;0.0
7;82;2;0.0
7;83;1;0.0
7;83;2;0.0
7;84;1;0.0
7;84;2;0.0
7;85;1;0.0
7;85;2;0.0
7;86;1;0.0
7;86;2;0.0
7;87;1;0.0
7;87;2;0.0
7;88;1;0.0
7;88;2;0.0
7;89;1;0.0
7;89;2;0.0
7;90;1;0.0
7;90;2;0.0
7;91;1;0.0
7;91;2;0.0
7;92;1;0.0
7;92;2;0.0
7;93;1;0.0
7;93;2;0.0
7;94;1;0.0
7;94;2;0.0
7;95;1;0.0
7;95;2;0.0
7;96;1;0.0
7;96;2;0.0
7;97;1;0.0
7;97;2;0.0
7;98;1;0.0
7;98;2;0.0
7;99;1;0.0
7;99;2;0.0
7;100;1;0.0
7;100;2;0.0
7;101;1;0.0
7;101;2;0.0
7;102;1;0.0
7;102;2;0.0
7;103;1;0.0
7;103;2;0.0
7;104;1;0.0
7;104;2;0.0
7;105;1;0.0
7;105;2;0.0
7;106;1;0.0
7;106;2;0.0
7;107;1;0.0
7;107;2;0.0
7;108;1;0.0
7;108;2;0.0
7;109;1;0.0
7;109;2;0.0
7;110;1;0.0
7;110;2;0.0
7;111;1;0.0
7;111;2;0.0
7;112;1;0.0
7;112;2;0.0
7;113;1;0.0
7;113;2;0.0
7;114;1;0.0
7;114;2;0.0
7;115;1;0.0
7;115;2;0.0
7;116;1;0.0
7;116;2;0.0
7;117;1;0.0
7;117;2;0.0
7;118;1;0.0
7;118;2;0.0
7;119;1;0.0
7;119;2;0.0
7;120;1;0.0
7;120;2;0.0
7;121;1;0.0
7;121;2;0.0
7;122;1;0.0
7;122;2;0.0
7;123;1;0.0
7;123;2;0.0
7;124;1;0.0
7;124;2;0.0
7;125;1;0.0
7;125;2;0.0
7;126;1;0.0
7;126;2;0.0
7;127;1;0.0
7;127;2;0.0
7;128;1;0.0
7;128;2;0.0
7;129;1;0.0
7;129;2;0.0
7;130;1;0.0
7;130;2;0.0
7;131;1;0.0
7;131;2;0.0
7;132;1;0.0
7;132;2;0.0
7;133;1;0.0
7;133;2;0.0
7;134;1;0.0
7;134;2;0.0
7;135;1;0.0
7;135;2;0.0
7;136;1;0.0
7;136;2;0.0
7;137;1;0.0
7;137;2;0.0
7;138;1;0.0
7;138;2;0.0
7;139;1;0.0
7;139;2;0.0
7;140;1;0.0
7;140;2;0.0
7;141;1;0.0
7;141;2;0.0
7;142;1;0.0
7;142;2;0.0
7;143;1;0.0
7;143;2;0.0
7;144;1;0.0
7;144;2;0.0
7;145;1;0.0
7;145;2;0.0
7;146;1;0.0
7;146;2;0.0
7;147;1;0.0
7;147;2;0.0
7;148;1;0.0
7;148;2;0.0
7;149;1;0.0
7;149;2;0.0
7;150;1;0.0
7;150;2;0.0
7;151;1;0.0
7;151;2;0.0
7;152;1;0.0
7;152;2;0.0
7;153;1;0.0
7;153;2;0.0
7;154;1;0.0
7;154;2;0.0
7;155;1;0.0
7;155;2;0.0
7;156;1;0.0
7;156;2;0.0
7;157;1;0.0
7;157;2;0.0
7;158;1;0.0
7;158;2;0.0
7;159;1;0.0
7;159;2;0.0
7;160;1;0.0
7;160;2;0.0
7;161;1;0.0
7;161;2;0.0
7;162;1;0.0
7;162;2;0.0
7;163;1;0.0
7;163;2;0.0
7;164;1;0.0
7;164;2;0.0
7;165;1;0.0
7;165;2;0.0
7;166;1;0.0
7;166;2;0.0
7;167;1;0.0
7;167;2;0.0
7;168;1;0.0
7;168;2;0.0
8;1;1;48.00000000000057
8;1;2;4.479229293100291e-14
8;2;1;47.999999999986436
8;2;2;4.479229293100291e-14
8;3;1;48.00000000000057
8;3;2;4.479229293100291e-14
8;4;1;48.00000000000057
8;4;2;4.479229293100291e-14
8;5;1;48.00000000000057
8;5;2;4.479229293100291e-14
8;6;1;48.00000000000057
8;6;2;4.479229293100291e-14
8;7;1;48.00000000000057
8;7;2;4.479229293100291e-14
8;8;1;48.00000000000057
8;8;2;4.479229293100291e-14
8;9;1;0.0
8;9;2;1.7375962742442038e-22
8;10;1;1.0160331697761485e-10
8;10;2;1.7375962742442038e-22
8;11;1;0.0
8;11;2;1.7375962742442038e-22
8;12;1;0.0
8;12;2;1.7375962742442038e-22
8;13;1;0.0
8;13;2;1.7375962742442038e-22
8;14;1;0.0
8;14;2;1.7375962742442038e-22
8;15;1;0.0
8;15;2;1.7375962742442038e-22
8;16;1;0.0
8;16;2;1.7375962742442038e-22
8;17;1;0.0
8;17;2;1.7375962742442038e-22
8;18;1;1.0160331697761485e-10
8;18;2;1.7375962742442038e-22
8;19;1;0.0
8;19;2;1.7375962742442038e-22
8;20;1;0.0
8;20;2;1.7375962742442038e-22
8;21;1;0.0
8;21;2;1.7375962742442038e-22
8;22;1;0.0
8;22;2;1.7375962742442038e-22
8;23;1;0.0
8;23;2;1.7375962742442038e-22
8;24;1;0.0
8;24;2;1.7375962742442038e-22
8;25;1;0.0
8;25;2;1.7375962742442038e-22
8;26;1;1.0160331697761485e-10
8;26;2;1.7375962742442038e-22
8;27;1;0.0
8;27;2;1.7375962742442038e-22
8;28;1;0.0
8;28;2;1.7375962742442038e-22
8;29;1;0.0
8;29;2;1.7375962742442038e-22
8;30;1;0.0
8;30;2;1.7375962742442038e-22
8;31;1;0.0
8;31;2;1.7375962742442038e-22
8;32;1;0.0
8;32;2;1.7375962742442038e-22
8;33;1;0.0
8;33;2;1.7375962742442038e-22
8;34;1;1.0160331697761485e-10
8;34;2;1.7375962742442038e-22
8;35;1;0.0
8;35;2;1.7375962742442038e-22
8;36;1;0.0
8;36;2;1.7375962742442038e-22
8;37;1;0.0
8;37;2;1.7375962742442038e-22
8;38;1;0.0
8;38;2;1.7375962742442038e-22
8;39;1;0.0
8;39;2;1.7375962742442038e-22
8;40;1;0.0
8;40;2;1.7375962742442038e-22
8;41;1;0.0
8;41;2;0.0
8;42;1;0.0
8;42;2;0.0
8;43;1;0.0
8;43;2;0.0
8;44;1;0.0
8;44;2;0.0
8;45;1;0.0
8;45;2;0.0
8;46;1;0.0
8;46;2;0.0
8;47;1;0.0
8;47;2;0.0
8;48;1;0.0
8;48;2;0.0
8;49;1;0.0
8;49;2;0.0
8;50;1;0.0
8;50;2;0.0
8;51;1;0.0
8;51;2;0.0
8;52;1;0.0
8;52;2;0.0
8;53;1;0.0
8;53;2;0.0
8;54;1;0.0
8;54;2;0.0
8;55;1;0.0
8;55;2;0.0
8;56;1;0.0
8;56;2;0.0
8;57;1;0.0
8;57;2;0.0
8;58;1;0.0
8;58;2;0.0
8;59;1;0.0
8;59;2;0.0
8;60;1;0.0
8;60;2;0.0
8;61;1;0.0
8;61;2;0.0
8;62;1;0.0
8;62;2;0.0
8;63;1;0.0
8;63;2;0.0
8;64;1;0.0
8;64;2;0.0
8;65;1;0.0
8;65;2;0.0
8;66;1;0.0
8;66;2;0.0
8;67;1;0.0
8;67;2;0.0
8;68;1;0.0
8;68;2;0.0
8;69;1;0.0
8;69;2;0.0
8;70;1;0.0
8;70;2;0.0
8;71;1;0.0
8;71;2;0.0
8;72;1;0.0
8;72;2;0.0
8;73;1;0.0
8;73;2;0.0
8;74;1;0.0
8;74;2;0.0
8;75;1;0.0
8;75;2;0.0
8;76;1;0.0
8;76;2;0.0
8;77;1;0.0
8;77;2;0.0
8;78;1;0.0
8;78;2;0.0
8;79;1;0.0
8;79;2;0.0
8;80;1;0.0
8;80;2;0.0
8;81;1;0.0
8;81;2;0.0
8;82;1;0.0
8;82;2;0.0
8;83;1;0.0
8;83;2;0.0
8;84;1;0.0
8;84;2;0.0
8;85;1;0.0
8;85;2;0.0
8;86;1;0.0
8;86;2;0.0
8;87;1;0.0
8;87;2;0.0
8;88;1;0.0
8;88;2;0.0
8;89;1;0.0
8;89;2;0.0
8;90;1;0.0
8;90;2;0.0
8;91;1;0.0
8;91;2;0.0
8;92;1;0.0
8;92;2;0.0
8;93;1;0.0
8;93;2;0.0
8;94;1;0.0
8;94;2;0.0
8;95;1;0.0
8;95;2;0.0
8;96;1;0.0
8;96;2;0.0
8;97;1;0.0
8;97;2;0.0
8;98;1;0.0
8;98;2;0.0
8;99;1;0.0
8;99;2;0.0
8;100;1;0.0
8;100;2;0.0
8;101;1;0.0
8;101;2;0.0
8;102;1;0.0
8;102;2;0.0
8;103;1;0.0
8;103;2;0.0
8;104;1;0.0
8;104;2;0.0
8;105;1;0.0
8;105;2;0.0
8;106;1;0.0
8;106;2;0.0
8;107;1;0.0
8;107;2;0.0
8;108;1;0.0
8;108;2;0.0
8;109;1;0.0
8;109;2;0.0
8;110;1;0.0
8;110;2;0.0
8;111;1;0.0
8;111;2;0.0
8;112;1;0.0
8;112;2;0.0
8;113;1;0.0
8;113;2;0.0
8;114;1;0.0
8;114;2;0.0
8;115;1;0.0
8;115;2;0.0
8;116;1;0.0
8;116;2;0.0
8;117;1;0.0
8;117;2;0.0
8;118;1;0.0
8;118;2;0.0
8;119;1;0.0
8;119;2;0.0
8;120;1;0.0
8;120;2;0.0
8;121;1;0.0
8;121;2;0.0
8;122;1;0.0
8;122;2;0.0
8;123;1;0.0
8;123;2;0.0
8;124;1;0.0
8;124;2;0.0
8;125;1;0.0
8;125;2;0.0
8;126;1;0.0
8;126;2;0.0
8;127;1;0.0
8;127;2;0.0
8;128;1;0.0
8;128;2;0.0
8;129;1;0.0
8;129;2;0.0
8;130;1;0.0
8;130;2;0.0
8;131;1;0.0
8;131;2;0.0
8;132;1;0.0
8;132;2;0.0
8;133;1;0.0
8;133;2;0.0
8;134;1;0.0
8;134;2;0.0
8;135;1;0.0
8;135;2;0.0
8;136;1;0.0
8;136;2;0.0
8;137;1;0.0
8;137;2;0.0
8;138;1;0.0
8;138;2;0.0
8;139;1;0.0
8;139;2;0.0
8;140;1;0.0
8;140;2;0.0
8;141;1;0.0
8;141;2;0.0
8;142;1;0.0
8;142;2;0.0
8;143;1;0.0
8;143;2;0.0
8;144;1;0.0
8;144;2;0.0
8;145;1;0.0
8;145;2;0.0
8;146;1;0.0
8;146;2;0.0
8;147;1;0.0
8;147;2;0.0
8;148;1;0.0
8;148;2;0.0
8;149;1;0.0
8;149;2;0.0
8;150;1;0.0
8;150;2;0.0
8;151;1;0.0
8;151;2;0.0
8;152;1;0.0
8;152;2;0.0
8;153;1;0.0
8;153;2;0.0
8;154;1;0.0
8;154;2;0.0
8;155;1;0.0
8;155;2;0.0
8;156;1;0.0
8;156;2;0.0
8;157;1;0.0
8;157;2;0.0
8;158;1;0.0
8;158;2;0.0
8;159;1;0.0
8;159;2;0.0
8;160;1;0.0
8;160;2;0.0
8;161;1;0.0
8;161;2;0.0
8;162;1;0.0
8;162;2;0.0
8;163;1;0.0
8;163;2;0.0
8;164;1;0.0
8;164;2;0.0
8;165;1;0.0
8;165;2;0.0
8;166;1;0.0
8;166;2;0.0
8;167;1;0.0
8;167;2;0.0
8;168;1;0.0
8;168;2;0.0
9;1;1;0.0
9;1;2;0.0
9;2;1;0.0
9;2;2;0.0
9;3;1;0.0
9;3;2;0.0
9;4;1;0.0
9;4;2;0.0
9;5;1;0.0
9;5;2;0.0
9;6;1;0.0
9;6;2;0.0
9;7;1;0.0
9;7;2;0.0
9;8;1;0.0
9;8;2;0.0
9;9;1;0.0
9;9;2;0.0
9;10;1;0.0
9;10;2;0.0
9;11;1;0.0
9;11;2;0.0
9;12;1;0.0
9;12;2;0.0
9;13;1;0.0
9;13;2;0.0
9;14;1;0.0
9;14;2;0.0
9;15;1;0.0
9;15;2;0.0
9;16;1;0.0
9;16;2;0.0
9;17;1;0.0
9;17;2;0.0
9;18;1;0.0
9;18;2;0.0
9;19;1;0.0
9;19;2;0.0
9;20;1;0.0
9;20;2;0.0
9;21;1;0.0
9;21;2;0.0
9;22;1;0.0
9;22;2;0.0
9;23;1;0.0
9;23;2;0.0
9;24;1;0.0
9;24;2;0.0
9;25;1;0.0
9;25;2;0.0
9;26;1;0.0
9;26;2;0.0
9;27;1;0.0
9;27;2;0.0
9;28;1;0.0
9;28;2;0.0
9;29;1;0.0
9;29;2;0.0
9;30;1;0.0
9;30;2;0.0
9;31;1;0.0
9;31;2;0.0
9;32;1;0.0
9;32;2;0.0
9;33;1;0.0
9;33;2;0.0
9;34;1;0.0
9;34;2;0.0
9;35;1;0.0
9;35;2;0.0
9;36;1;0.0
9;36;2;0.0
9;37;1;0.0
9;37;2;0.0
9;38;1;0.0
9;38;2;0.0
9;39;1;0.0
9;39;2;0.0
9;40;1;0.0
9;40;2;0.0
9;41;1;0.0
9;41;2;0.0
9;42;1;0.0
9;42;2;0.0
9;43;1;0.0
9;43;2;0.0
9;44;1;0.0
9;44;2;0.0
9;45;1;0.0
9;45;2;0.0
9;46;1;0.0
9;46;2;0.0
9;47;1;0.0
9;47;2;0.0
9;48;1;0.0
9;48;2;0.0
9;49;1;0.0
9;49;2;0.0
9;50;1;0.0
9;50;2;0.0
9;51;1;0.0
9;51;2;0.0
9;52;1;0.0
9;52;2;0.0
9;53;1;0.0
9;53;2;0.0
9;54;1;0.0
9;54;2;0.0
9;55;1;0.0
9;55;2;0.0
9;56;1;0.0
9;56;2;0.0
9;57;1;0.0
9;57;2;0.0
9;58;1;0.0
9;58;2;0.0
9;59;1;0.0
9;59;2;0.0
9;60;1;0.0
9;60;2;0.0
9;61;1;0.0
9;61;2;0.0
9;62;1;0.0
9;62;2;0.0
9;63;1;0.0
9;63;2;0.0
9;64;1;0.0
9;64;2;0.0
9;65;1;0.0
9;65;2;0.0
9;66;1;0.0
9;66;2;0.0
9;67;1;0.0
9;67;2;0.0
9;68;1;0.0
9;68;2;0.0
9;69;1;0.0
9;69;2;0.0
9;70;1;0.0
9;70;2;0.0
9;71;1;0.0
9;71;2;0.0
9;72;1;0.0
9;72;2;0.0
9;73;1;0.0
9;73;2;0.0
9;74;1;0.0
9;74;2;0.0
9;75;1;0.0
9;75;2;0.0
9;76;1;0.0
9;76;2;0.0
9;77;1;0.0
9;77;2;0.0
9;78;1;0.0
9;78;2;0.0
9;79;1;0.0
9;79;2;0.0
9;80;1;0.0
9;80;2;0.0
9;81;1;0.0
9;81;2;0.0
9;82;1;0.0
9;82;2;0.0
9;83;1;0.0
9;83;2;0.0
9;84;1;0.0
9;84;2;0.0
9;85;1;0.0
9;85;2;0.0
9;86;1;0.0
9;86;2;0.0
9;87;1;0.0
9;87;2;0.0
9;88;1;0.0
9;88;2;0.0
9;89;1;0.0
9;89;2;0.0
9;90;1;0.0
9;90;2;0.0
9;91;1;0.0
9;91;2;0.0
9;92;1;0.0
9;92;2;0.0
9;93;1;0.0
9;93;2;0.0
9;94;1;0.0
9;94;2;0.0
9;95;1;0.0
9;95;2;0.0
9;96;1;0.0
9;96;2;0.0
9;97;1;0.0
9;97;2;0.0
9;98;1;0.0
9;98;2;0.0
9;99;1;0.0
9;99;2;0.0
9;100;1;0.0
9;100;2;0.0
9;101;1;0.0
9;101;2;0.0
9;102;1;0.0
9;102;2;0.0
9;103;1;0.0
9;103;2;0.0
9;104;1;0.0
9;104;2;0.0
9;105;1;0.0
9;105;2;0.0
9;106;1;0.0
9;106;2;0.0
9;107;1;0.0
9;107;2;0.0
9;108;1;0.0
9;108;2;0.0
9;109;1;0.0
9;109;2;0.0
9;110;1;0.0
9;110;2;0.0
9;111;1;0.0
9;111;2;0.0
9;112;1;0.0
9;112;2;0.0
9;113;1;0.0
9;113;2;0.0
9;114;1;0.0
9;114;2;0.0
9;115;1;0.0
9;115;2;0.0
9;116;1;0.0
9;116;2;0.0
9;117;1;0.0
9;117;2;0.0
9;118;1;0.0
9;118;2;0.0
9;119;1;0.0
9;119;2;0.0
9;120;1;0.0
9;120;2;0.0
9;121;1;0.0
9;121;2;0.0
9;122;1;0.0
9;122;2;0.0
9;123;1;0.0
9;123;2;0.0
9;124;1;0.0
9;124;2;0.0
9;125;1;0.0
9;125;2;0.0
9;126;1;0.0
9;126;2;0.0
9;127;1;0.0
9;127;2;0.0
9;128;1;0.0
9;128;2;0.0
9;129;1;0.0
9;129;2;0.0
9;130;1;0.0
9;130;2;0.0
9;131;1;0.0
9;131;2;0.0
9;132;1;0.0
9;132;2;0.0
9;133;1;0.0
9;133;2;0.0
9;134;1;0.0
9;134;2;0.0
9;135;1;0.0
9;135;2;0.0
9;136;1;0.0
9;136;2;0.0
9;137;1;0.0
9;137;2;0.0
9;138;1;0.0
9;138;2;0.0
9;139;1;0.0
9;139;2;0.0
9;140;1;0.0
9;140;2;0.0
9;141;1;0.0
9;141;2;0.0
9;142;1;0.0
9;142;2;0.0
9;143;1;0.0
9;143;2;0.0
9;144;1;0.0
9;144;2;0.0
9;145;1;0.0
9;145;2;0.0
9;146;1;0.0
9;146;2;0.0
9;147;1;0.0
9;147;2;0.0
9;148;1;0.0
9;148;2;0.0
9;149;1;0.0
9;149;2;0.0
9;150;1;0.0
9;150;2;0.0
9;151;1;0.0
9;151;2;0.0
9;152;1;0.0
9;152;2;0.0
9;153;1;0.0
9;153;2;0.0
9;154;1;0.0
9;154;2;0.0
9;155;1;0.0
9;155;2;0.0
9;156;1;0.0
9;156;2;0.0
9;157;1;0.0
9;157;2;0.0
9;158;1;0.0
9;158;2;0.0
9;159;1;0.0
9;159;2;0.0
9;160;1;0.0
9;160;2;0.0
9;161;1;0.0
9;161;2;0.0
9;162;1;0.0
9;162;2;0.0
9;163;1;0.0
9;163;2;0.0
9;164;1;0.0
9;164;2;0.0
9;165;1;0.0
9;165;2;0.0
9;166;1;0.0
9;166;2;0.0
9;167;1;0.0
9;167;2;0.0
9;168;1;0.0
9;168;2;0.0
10;1;1;0.0
10;1;2;0.0
10;2;1;0.0
10;2;2;0.0
10;3;1;0.0
10;3;2;0.0
10;4;1;0.0
10;4;2;0.0
10;5;1;0.0
10;5;2;0.0
10;6;1;0.0
10;6;2;0.0
10;7;1;0.0
10;7;2;0.0
10;8;1;0.0
10;8;2;0.0
10;9;1;0.0
10;9;2;0.0
10;10;1;0.0
10;10;2;0.0
10;11;1;0.0
10;11;2;0.0
10;12;1;0.0
10;12;2;0.0
10;13;1;0.0
10;13;2;0.0
10;14;1;0.0
10;14;2;0.0
10;15;1;0.0
10;15;2;0.0
10;16;1;0.0
10;16;2;0.0
10;17;1;0.0
10;17;2;0.0
10;18;1;0.0
10;18;2;0.0
10;19;1;0.0
10;19;2;0.0
10;20;1;0.0
10;20;2;0.0
10;21;1;0.0
10;21;2;0.0
10;22;1;0.0
10;22;2;0.0
10;23;1;0.0
10;23;2;0.0
10;24;1;0.0
10;24;2;0.0
10;25;1;0.0
10;25;2;0.0
10;26;1;0.0
10;26;2;0.0
10;27;1;0.0
10;27;2;0.0
10;28;1;0.0
10;28;2;0.0
10;29;1;0.0
10;29;2;0.0
10;30;1;0.0
10;30;2;0.0
10;31;1;0.0
10;31;2;0.0
10;32;1;0.0
10;32;2;0.0
10;33;1;0.0
10;33;2;0.0
10;34;1;0.0
10;34;2;0.0
10;35;1;0.0
10;35;2;0.0
10;36;1;0.0
10;36;2;0.0
10;37;1;0.0
10;37;2;0.0
10;38;1;0.0
10;38;2;0.0
10;39;1;0.0
10;39;2;0.0
10;40;1;0.0
10;40;2;0.0
10;41;1;0.0
10;41;2;0.0
10;42;1;0.0
10;42;2;0.0
10;43;1;0.0
10;43;2;0.0
10;44;1;0.0
10;44;2;0.0
10;45;1;0.0
10;45;2;0.0
10;46;1;0.0
10;46;2;0.0
10;47;1;0.0
10;47;2;0.0
10;48;1;0.0
10;48;2;0.0
10;49;1;0.0
10;49;2;0.0
10;50;1;0.0
10;50;2;0.0
10;51;1;0.0
10;51;2;0.0
10;52;1;0.0
10;52;2;0.0
10;53;1;0.0
10;53;2;0.0
10;54;1;0.0
10;54;2;0.0
10;55;1;0.0
10;55;2;0.0
10;56;1;0.0
10;56;2;0.0
10;57;1;0.0
10;57;2;0.0
10;58;1;0.0
10;58;2;0.0
10;59;1;0.0
10;59;2;0.0
10;60;1;0.0
10;60;2;0.0
10;61;1;0.0
10;61;2;0.0
10;62;1;0.0
10;62;2;0.0
10;63;1;0.0
10;63;2;0.0
10;64;1;0.0
10;64;2;0.0
10;65;1;0.0
10;65;2;0.0
10;66;1;0.0
10;66;2;0.0
10;67;1;0.0
10;67;2;0.0
10;68;1;0.0
10;68;2;0.0
10;69;1;0.0
10;69;2;0.0
10;70;1;0.0
10;70;2;0.0
10;71;1;0.0
10;71;2;0.0
10;72;1;0.0
10;72;2;0.0
10;73;1;0.0
10;73;2;0.0
10;74;1;0.0
10;74;2;0.0
10;75;1;0.0
10;75;2;0.0
10;76;1;0.0
10;76;2;0.0
10;77;1;0.0
10;77;2;0.0
10;78;1;0.0
10;78;2;0.0
10;79;1;0.0
10;79;2;0.0
10;80;1;0.0
10;80;2;0.0
10;81;1;0.0
10;81;2;0.0
10;82;1;0.0
10;82;2;0.0
10;83;1;0.0
10;83;2;0.0
10;84;1;0.0
10;84;2;0.0
10;85;1;0.0
10;85;2;0.0
10;86;1;0.0
10;86;2;0.0
10;87;1;0.0
10;87;2;0.0
10;88;1;0.0
10;88;2;0.0
10;89;1;0.0
10;89;2;0.0
10;90;1;0.0
10;90;2;0.0
10;91;1;0.0
10;91;2;0.0
10;92;1;0.0
10;92;2;0.0
10;93;1;0.0
10;93;2;0.0
10;94;1;0.0
10;94;2;0.0
10;95;1;0.0
10;95;2;0.0
10;96;1;0.0
10;96;2;0.0
10;97;1;0.0
10;97;2;0.0
10;98;1;0.0
10;98;2;0.0
10;99;1;0.0
10;99;2;0.0
10;100;1;0.0
10;100;2;0.0
10;101;1;0.0
10;101;2;0.0
10;102;1;0.0
10;102;2;0.0
10;103;1;0.0
10;103;2;0.0
10;104;1;0.0
10;104;2;0.0
10;105;1;0.0
10;105;2;0.0
10;106;1;0.0
10;106;2;0.0
10;107;1;0.0
10;107;2;0.0
10;108;1;0.0
10;108;2;0.0
10;109;1;0.0
10;109;2;0.0
10;110;1;0.0
10;110;2;0.0
10;111;1;0.0
10;111;2;0.0
10;112;1;0.0
10;112;2;0.0
10;113;1;0.0
10;113;2;0.0
10;114;1;0.0
10;114;2;0.0
10;115;1;0.0
10;115;2;0.0
10;116;1;0.0
10;116;2;0.0
10;117;1;0.0
10;117;2;0.0
10;118;1;0.0
10;118;2;0.0
10;119;1;0.0
10;119;2;0.0
10;120;1;0.0
10;120;2;0.0
10;121;1;0.0
10;121;2;0.0
10;122;1;0.0
10;122;2;0.0
10;123;1;0.0
10;123;2;0.0
10;124;1;0.0
10;124;2;0.0
10;125;1;0.0
10;125;2;0.0
10;126;1;0.0
10;126;2;0.0
10;127;1;0.0
10;127;2;0.0
10;128;1;0.0
10;128;2;0.0
10;129;1;0.0
10;129;2;0.0
10;130;1;0.0
10;130;2;0.0
10;131;1;0.0
10;131;2;0.0
10;132;1;0.0
10;132;2;0.0
10;133;1;0.0
10;133;2;0.0
10;134;1;0.0
10;134;2;0.0
10;135;1;0.0
10;135;2;0.0
10;136;1;0.0
10;136;2;0.0
10;137;1;0.0
10;137;2;0.0
10;138;1;0.0
10;138;2;0.0
10;139;1;0.0
10;139;2;0.0
10;140;1;0.0
10;140;2;0.0
10;141;1;0.0
10;141;2;0.0
10;142;1;0.0
10;142;2;0.0
10;143;1;0.0
10;143;2;0.0
10;144;1;0.0
10;144;2;0.0
10;145;1;0.0
10;145;2;0.0
10;146;1;0.0
10;146;2;0.0
10;147;1;0.0
10;147;2;0.0
10;148;1;0.0
10;148;2;0.0
10;149;1;0.0
10;149;2;0.0
10;150;1;0.0
10;150;2;0.0
10;151;1;0.0
10;151;2;0.0
10;152;1;0.0
10;152;2;0.0
10;153;1;0.0
10;153;2;0.0
10;154;1;0.0
10;154;2;0.0
10;155;1;0.0
10;155;2;0.0
10;156;1;0.0
10;156;2;0.0
10;157;1;0.0
10;157;2;0.0
10;158;1;0.0
10;158;2;0.0
10;159;1;0.0
10;159;2;0.0
10;160;1;0.0
10;160;2;0.0
10;161;1;0.0
10;161;2;0.0
10;162;1;0.0
10;162;2;0.0
10;163;1;0.0
10;163;2;0.0
10;164;1;0.0
10;164;2;0.0
10;165;1;0.0
10;165;2;0.0
10;166;1;0.0
10;166;2;0.0
10;167;1;0.0
10;167;2;0.0
10;168;1;0.0
10;168;2;0.0
11;1;1;0.0
11;1;2;0.0
11;2;1;0.0
11;2;2;0.0
11;3;1;0.0
11;3;2;0.0
11;4;1;0.0
11;4;2;0.0
11;5;1;0.0
11;5;2;0.0
11;6;1;0.0
11;6;2;0.0
11;7;1;0.0
11;7;2;0.0
11;8;1;0.0
11;8;2;0.0
11;9;1;0.0
11;9;2;0.0
11;10;1;0.0
11;10;2;0.0
11;11;1;0.0
11;11;2;0.0
11;12;1;0.0
11;12;2;0.0
11;13;1;0.0
11;13;2;0.0
11;14;1;0.0
11;14;2;0.0
11;15;1;0.0
11;15;2;0.0
11;16;1;0.0
11;16;2;0.0
11;17;1;0.0
11;17;2;0.0
11;18;1;0.0
11;18;2;0.0
11;19;1;0.0
11;19;2;0.0
11;20;1;0.0
11;20;2;0.0
11;21;1;0.0
11;21;2;0.0
11;22;1;0.0
11;22;2;0.0
11;23;1;0.0
11;23;2;0.0
11;24;1;0.0
11;24;2;0.0
11;25;1;0.0
11;25;2;0.0
11;26;1;0.0
11;26;2;0.0
11;27;1;0.0
11;27;2;0.0
11;28;1;0.0
11;28;2;0.0
11;29;1;0.0
11;29;2;0.0
11;30;1;0.0
11;30;2;0.0
11;31;1;0.0
11;31;2;0.0
11;32;1;0.0
11;32;2;0.0
11;33;1;0.0
11;33;2;0.0
11;34;1;0.0
11;34;2;0.0
11;35;1;0.0
11;35;2;0.0
11;36;1;0.0
11;36;2;0.0
11;37;1;0.0
11;37;2;0.0
11;38;1;0.0
11;38;2;0.0
11;39;1;0.0
11;39;2;0.0
11;40;1;0.0
11;40;2;0.0
11;41;1;0.0
11;41;2;0.0
11;42;1;0.0
11;42;2;0.0
11;43;1;0.0
11;43;2;0.0
11;44;1;0.0
11;44;2;0.0
11;45;1;0.0
11;45;2;0.0
11;46;1;0.0
11;46;2;0.0
11;47;1;0.0
11;47;2;0.0
11;48;1;0.0
11;48;2;0.0
11;49;1;0.0
11;49;2;0.0
11;50;1;0.0
11;50;2;0.0
11;51;1;0.0
11;51;2;0.0
11;52;1;0.0
11;52;2;0.0
11;53;1;0.0
11;53;2;0.0
11;54;1;0.0
11;54;2;0.0
11;55;1;0.0
11;55;2;0.0
11;56;1;0.0
11;56;2;0.0
11;57;1;0.0
11;57;2;0.0
11;58;1;0.0
11;58;2;0.0
11;59;1;0.0
11;59;2;0.0
11;60;1;0.0
11;60;2;0.0
11;61;1;0.0
11;61;2;0.0
11;62;1;0.0
11;62;2;0.0
11;63;1;0.0
11;63;2;0.0
11;64;1;0.0
11;64;2;0.0
11;65;1;0.0
11;65;2;0.0
11;66;1;0.0
11;66;2;0.0
11;67;1;0.0
11;67;2;0.0
11;68;1;0.0
11;68;2;0.0
11;69;1;0.0
11;69;2;0.0
11;70;1;0.0
11;70;2;0.0
11;71;1;0.0
11;71;2;0.0
11;72;1;0.0
11;72;2;0.0
11;73;1;0.0
11;73;2;0.0
11;74;1;0.0
11;74;2;0.0
11;75;1;0.0
11;75;2;0.0
11;76;1;0.0
11;76;2;0.0
11;77;1;0.0
11;77;2;0.0
11;78;1;0.0
11;78;2;0.0
11;79;1;0.0
11;79;2;0.0
11;80;1;0.0
11;80;2;0.0
11;81;1;0.0
11;81;2;0.0
11;82;1;0.0
11;82;2;0.0
11;83;1;0.0
11;83;2;0.0
11;84;1;0.0
11;84;2;0.0
11;85;1;0.0
11;85;2;0.0
11;86;1;0.0
11;86;2;0.0
11;87;1;0.0
11;87;2;0.0
11;88;1;0.0
11;88;2;0.0
11;89;1;0.0
11;89;2;0.0
11;90;1;0.0
11;90;2;0.0
11;91;1;0.0
11;91;2;0.0
11;92;1;0.0
11;92;2;0.0
11;93;1;0.0
11;93;2;0.0
11;94;1;0.0
11;94;2;0.0
11;95;1;0.0
11;95;2;0.0
11;96;1;0.0
11;96;2;0.0
11;97;1;0.0
11;97;2;0.0
11;98;1;0.0
11;98;2;0.0
11;99;1;0.0
11;99;2;0.0
11;100;1;0.0
11;100;2;0.0
11;101;1;0.0
11;101;2;0.0
11;102;1;0.0
11;102;2;0.0
11;103;1;0.0
11;103;2;0.0
11;104;1;0.0
11;104;2;0.0
11;105;1;0.0
11;105;2;0.0
11;106;1;0.0
11;106;2;0.0
11;107;1;0.0
11;107;2;0.0
11;108;1;0.0
11;108;2;0.0
11;109;1;0.0
11;109;2;0.0
11;110;1;0.0
11;110;2;0.0
11;111;1;0.0
11;111;2;0.0
11;112;1;0.0
11;112;2;0.0
11;113;1;0.0
11;113;2;0.0
11;114;1;0.0
11;114;2;0.0
11;115;1;0.0
11;115;2;0.0
11;116;1;0.0
11;116;2;0.0
11;117;1;0.0
11;117;2;0.0
11;118;1;0.0
11;118;2;0.0
11;119;1;0.0
11;119;2;0.0
11;120;1;0.0
11;120;2;0.0
11;121;1;0.0
11;121;2;0.0
11;122;1;0.0
11;122;2;0.0
11;123;1;0.0
11;123;2;0.0
11;124;1;0.0
11;124;2;0.0
11;125;1;0.0
11;125;2;0.0
11;126;1;0.0
11;126;2;0.0
11;127;1;0.0
11;127;2;0.0
11;128;1;0.0
11;128;2;0.0
11;129;1;0.0
11;129;2;0.0
11;130;1;0.0
11;130;2;0.0
11;131;1;0.0
11;131;2;0.0
11;132;1;0.0
11;132;2;0.0
11;133;1;0.0
11;133;2;0.0
11;134;1;0.0
11;134;2;0.0
11;135;1;0.0
11;135;2;0.0
11;136;1;0.0
11;136;2;0.0
11;137;1;0.0
11;137;2;0.0
11;138;1;0.0
11;138;2;0.0
11;139;1;0.0
11;139;2;0.0
11;140;1;0.0
11;140;2;0.0
11;141;1;0.0
11;141;2;0.0
11;142;1;0.0
11;142;2;0.0
11;143;1;0.0
11;143;2;0.0
11;144;1;0.0
11;144;2;0.0
11;145;1;0.0
11;145;2;0.0
11;146;1;0.0
11;146;2;0.0
11;147;1;0.0
11;147;2;0.0
11;148;1;0.0
11;148;2;0.0
11;149;1;0.0
11;149;2;0.0
11;150;1;0.0
11;150;2;0.0
11;151;1;0.0
11;151;2;0.0
11;152;1;0.0
11;152;2;0.0
11;153;1;0.0
11;153;2;0.0
11;154;1;0.0
11;154;2;0.0
11;155;1;0.0
11;155;2;0.0
11;156;1;0.0
11;156;2;0.0
11;157;1;0.0
11;157;2;0.0
11;158;1;0.0
11;158;2;0.0
11;159;1;0.0
11;159;2;0.0
11;160;1;0.0
11;160;2;0.0
11;161;1;0.0
11;161;2;0.0
11;162;1;0.0
11;162;2;0.0
11;163;1;0.0
11;163;2;0.0
11;164;1;0.0
11;164;2;0.0
11;165;1;0.0
11;165;2;0.0
11;166;1;0.0
11;166;2;0.0
11;167;1;0.0
11;167;2;0.0
11;168;1;0.0
11;168;2;0.0
12;1;1;0.0
12;1;2;0.0
12;2;1;0.0
12;2;2;0.0
12;3;1;0.0
12;3;2;0.0
12;4;1;0.0
12;4;2;0.0
12;5;1;0.0
12;5;2;0.0
12;6;1;0.0
12;6;2;0.0
12;7;1;0.0
12;7;2;0.0
12;8;1;0.0
12;8;2;0.0
12;9;1;0.0
12;9;2;0.0
12;10;1;0.0
12;10;2;0.0
12;11;1;0.0
12;11;2;0.0
12;12;1;0.0
12;12;2;0.0
12;13;1;0.0
12;13;2;0.0
12;14;1;0.0
12;14;2;0.0
12;15;1;0.0
12;15;2;0.0
12;16;1;0.0
12;16;2;0.0
12;17;1;0.0
12;17;2;0.0
12;18;1;0.0
12;18;2;0.0
12;19;1;0.0
12;19;2;0.0
12;20;1;0.0
12;20;2;0.0
12;21;1;0.0
12;21;2;0.0
12;22;1;0.0
12;22;2;0.0
12;23;1;0.0
12;23;2;0.0
12;24;1;0.0
12;24;2;0.0
12;25;1;0.0
12;25;2;0.0
12;26;1;0.0
12;26;2;0.0
12;27;1;0.0
12;27;2;0.0
12;28;1;0.0
12;28;2;0.0
12;29;1;0.0
12;29;2;0.0
12;30;1;0.0
12;30;2;0.0
12;31;1;0.0
12;31;2;0.0
12;32;1;0.0
12;32;2;0.0
12;33;1;0.0
12;33;2;0.0
12;34;1;0.0
12;34;2;0.0
12;35;1;0.0
12;35;2;0.0
12;36;1;0.0
12;36;2;0.0
12;37;1;0.0
12;37;2;0.0
12;38;1;0.0
12;38;2;0.0
12;39;1;0.0
12;39;2;0.0
12;40;1;0.0
12;40;2;0.0
12;41;1;0.0
12;41;2;0.0
12;42;1;0.0
12;42;2;0.0
12;43;1;0.0
12;43;2;0.0
12;44;1;0.0
12;44;2;0.0
12;45;1;0.0
12;45;2;0.0
12;46;1;0.0
12;46;2;0.0
12;47;1;0.0
12;47;2;0.0
12;48;1;0.0
12;48;2;0.0
12;49;1;0.0
12;49;2;0.0
12;50;1;0.0
12;50;2;0.0
12;51;1;0.0
12;51;2;0.0
12;52;1;0.0
12;52;2;0.0
12;53;1;0.0
12;53;2;0.0
12;54;1;0.0
12;54;2;0.0
12;55;1;0.0
12;55;2;0.0
12;56;1;0.0
12;56;2;0.0
12;57;1;0.0
12;57;2;0.0
12;58;1;0.0
12;58;2;0.0
12;59;1;0.0
12;59;2;0.0
12;60;1;0.0
12;60;2;0.0
12;61;1;0.0
12;61;2;0.0
12;62;1;0.0
12;62;2;0.0
12;63;1;0.0
12;63;2;0.0
12;64;1;0.0
12;64;2;0.0
12;65;1;0.0
12;65;2;0.0
12;66;1;0.0
12;66;2;0.0
12;67;1;0.0
12;67;2;0.0
12;68;1;0.0
12;68;2;0.0
12;69;1;0.0
12;69;2;0.0
12;70;1;0.0
12;70;2;0.0
12;71;1;0.0
12;71;2;0.0
12;72;1;0.0
12;72;2;0.0
12;73;1;0.0
12;73;2;0.0
12;74;1;0.0
12;74;2;0.0
12;75;1;0.0
12;75;2;0.0
12;76;1;0.0
12;76;2;0.0
12;77;1;0.0
12;77;2;0.0
12;78;1;0.0
12;78;2;0.0
12;79;1;0.0
12;79;2;0.0
12;80;1;0.0
12;80;2;0.0
12;81;1;0.0
12;81;2;0.0
12;82;1;0.0
12;82;2;0.0
12;83;1;0.0
12;83;2;0.0
12;84;1;0.0
12;84;2;0.0
12;85;1;0.0
12;85;2;0.0
12;86;1;0.0
12;86;2;0.0
12;87;1;0.0
12;87;2;0.0
12;88;1;0.0
12;88;2;0.0
12;89;1;0.0
12;89;2;0.0
12;90;1;0.0
12;90;2;0.0
12;91;1;0.0
12;91;2;0.0
12;92;1;0.0
12;92;2;0.0
12;93;1;0.0
12;93;2;0.0
12;94;1;0.0
12;94;2;0.0
12;95;1;0.0
12;95;2;0.0
12;96;1;0.0
12;96;2;0.0
12;97;1;0.0
12;97;2;0.0
12;98;1;0.0
12;98;2;0.0
12;99;1;0.0
12;99;2;0.0
12;100;1;0.0
12;100;2;0.0
12;101;1;0.0
12;101;2;0.0
12;102;1;0.0
12;102;2;0.0
12;103;1;0.0
12;103;2;0.0
12;104;1;0.0
12;104;2;0.0
12;105;1;0.0
12;105;2;0.0
12;106;1;0.0
12;106;2;0.0
12;107;1;0.0
12;107;2;0.0
12;108;1;0.0
12;108;2;0.0
12;109;1;0.0
12;109;2;0.0
12;110;1;0.0
12;110;2;0.0
12;111;1;0.0
12;111;2;0.0
12;112;1;0.0
12;112;2;0.0
12;113;1;0.0
12;113;2;0.0
12;114;1;0.0
12;114;2;0.0
12;115;1;0.0
12;115;2;0.0
12;116;1;0.0
12;116;2;0.0
12;117;1;0.0
12;117;2;0.0
12;118;1;0.0
12;118;2;0.0
12;119;1;0.0
12;119;2;0.0
12;120;1;0.0
12;120;2;0.0
12;121;1;0.0
12;121;2;0.0
12;122;1;0.0
12;122;2;0.0
12;123;1;0.0
12;123;2;0.0
12;124;1;0.0
12;124;2;0.0
12;125;1;0.0
12;125;2;0.0
12;126;1;0.0
12;126;2;0.0
12;127;1;0.0
12;127;2;0.0
12;128;1;0.0
12;128;2;0.0
12;129;1;0.0
12;129;2;0.0
12;130;1;0.0
12;130;2;0.0
12;131;1;0.0
12;131;2;0.0
12;132;1;0.0
12;132;2;0.0
12;133;1;0.0
12;133;2;0.0
12;134;1;0.0
12;134;2;0.0
12;135;1;0.0
12;135;2;0.0
12;136;1;0.0
12;136;2;0.0
12;137;1;0.0
12;137;2;0.0
12;138;1;0.0
12;138;2;0.0
12;139;1;0.0
12;139;2;0.0
12;140;1;0.0
12;140;2;0.0
12;141;1;0.0
12;141;2;0.0
12;142;1;0.0
12;142;2;0.0
12;143;1;0.0
12;143;2;0.0
12;144;1;0.0
12;144;2;0.0
12;145;1;0.0
12;145;2;0.0
12;146;1;0.0
12;146;2;0.0
12;147;1;0.0
12;147;2;0.0
12;148;1;0.0
12;148;2;0.0
12;149;1;0.0
12;149;2;0.0
12;150;1;0.0
12;150;2;0.0
12;151;1;0.0
12;151;2;0.0
12;152;1;0.0
12;152;2;0.0
12;153;1;0.0
12;153;2;0.0
12;154;1;0.0
12;154;2;0.0
12;155;1;0.0
12;155;2;0.0
12;156;1;0.0
12;156;2;0.0
12;157;1;0.0
12;157;2;0.0
12;158;1;0.0
12;158;2;0.0
12;159;1;0.0
12;159;2;0.0
12;160;1;0.0
12;160;2;0.0
12;161;1;0.0
12;161;2;0.0
12;162;1;0.0
12;162;2;0.0
12;163;1;0.0
12;163;2;0.0
12;164;1;0.0
12;164;2;0.0
12;165;1;0.0
12;165;2;0.0
12;166;1;0.0
12;166;2;0.0
12;167;1;0.0
12;167;2;0.0
12;168;1;0.0
12;168;2;0.0
13;1;1;0.0
13;1;2;0.0
13;2;1;0.0
13;2;2;0.0
13;3;1;0.0
13;3;2;0.0
13;4;1;0.0
13;4;2;0.0
13;5;1;0.0
13;5;2;0.0
13;6;1;0.0
13;6;2;0.0
13;7;1;0.0
13;7;2;0.0
13;8;1;0.0
13;8;2;0.0
13;9;1;0.0
13;9;2;0.0
13;10;1;0.0
13;10;2;0.0
13;11;1;0.0
13;11;2;0.0
13;12;1;0.0
13;12;2;0.0
13;13;1;0.0
13;13;2;0.0
13;14;1;0.0
13;14;2;0.0
13;15;1;0.0
13;15;2;0.0
13;16;1;0.0
13;16;2;0.0
13;17;1;0.0
13;17;2;0.0
13;18;1;0.0
13;18;2;0.0
13;19;1;0.0
13;19;2;0.0
13;20;1;0.0
13;20;2;0.0
13;21;1;0.0
13;21;2;0.0
13;22;1;0.0
13;22;2;0.0
13;23;1;0.0
13;23;2;0.0
13;24;1;0.0
13;24;2;0.0
13;25;1;0.0
13;25;2;0.0
13;26;1;0.0
13;26;2;0.0
13;27;1;0.0
13;27;2;0.0
13;28;1;0.0
13;28;2;0.0
13;29;1;0.0
13;29;2;0.0
13;30;1;0.0
13;30;2;0.0
13;31;1;0.0
13;31;2;0.0
13;32;1;0.0
13;32;2;0.0
13;33;1;0.0
13;33;2;0.0
13;34;1;0.0
13;34;2;0.0
13;35;1;0.0
13;35;2;0.0
13;36;1;0.0
13;36;2;0.0
13;37;1;0.0
13;37;2;0.0
13;38;1;0.0
13;38;2;0.0
13;39;1;0.0
13;39;2;0.0
13;40;1;0.0
13;40;2;0.0
13;41;1;0.0
13;41;2;0.0
13;42;1;0.0
13;42;2;0.0
13;43;1;0.0
13;43;2;0.0
13;44;1;0.0
13;44;2;0.0
13;45;1;0.0
13;45;2;0.0
13;46;1;0.0
13;46;2;0.0
13;47;1;0.0
13;47;2;0.0
13;48;1;0.0
13;48;2;0.0
13;49;1;0.0
13;49;2;0.0
13;50;1;0.0
13;50;2;0.0
13;51;1;0.0
13;51;2;0.0
13;52;1;0.0
13;52;2;0.0
13;53;1;0.0
13;53;2;0.0
13;54;1;0.0
13;54;2;0.0
13;55;1;0.0
13;55;2;0.0
13;56;1;0.0
13;56;2;0.0
13;57;1;0.0
13;57;2;0.0
13;58;1;0.0
13;58;2;0.0
13;59;1;0.0
13;59;2;0.0
13;60;1;0.0
13;60;2;0.0
13;61;1;0.0
13;61;2;0.0
13;62;1;0.0
13;62;2;0.0
13;63;1;0.0
13;63;2;0.0
13;64;1;0.0
13;64;2;0.0
13;65;1;0.0
13;65;2;0.0
13;66;1;0.0
13;66;2;0.0
13;67;1;0.0
13;67;2;0.0
13;68;1;0.0
13;68;2;0.0
13;69;1;0.0
13;69;2;0.0
13;70;1;0.0
13;70;2;0.0
13;71;1;0.0
13;71;2;0.0
13;72;1;0.0
13;72;2;0.0
13;73;1;0.0
13;73;2;0.0
13;74;1;0.0
13;74;2;0.0
13;75;1;0.0
13;75;2;0.0
13;76;1;0.0
13;76;2;0.0
13;77;1;0.0
13;77;2;0.0
13;78;1;0.0
13;78;2;0.0
13;79;1;0.0
13;79;2;0.0
13;80;1;0.0
13;80;2;0.0
13;81;1;0.0
13;81;2;0.0
13;82;1;0.0
13;82;2;0.0
13;83;1;0.0
13;83;2;0.0
13;84;1;0.0
13;84;2;0.0
13;85;1;0.0
13;85;2;0.0
13;86;1;0.0
13;86;2;0.0
13;87;1;0.0
13;87;2;0.0
13;88;1;0.0
13;88;2;0.0
13;89;1;0.0
13;89;2;0.0
13;90;1;0.0
13;90;2;0.0
13;91;1;0.0
13;91;2;0.0
13;92;1;0.0
13;92;2;0.0
13;93;1;0.0
13;93;2;0.0
13;94;1;0.0
13;94;2;0.0
13;95;1;0.0
13;95;2;0.0
13;96;1;0.0
13;96;2;0.0
13;97;1;0.0
13;97;2;0.0
13;98;1;0.0
13;98;2;0.0
13;99;1;0.0
13;99;2;0.0
13;100;1;0.0
13;100;2;0.0
13;101;1;0.0
13;101;2;0.0
13;102;1;0.0
13;102;2;0.0
13;103;1;0.0
13;103;2;0.0
13;104;1;0.0
13;104;2;0.0
13;105;1;0.0
13;105;2;0.0
13;106;1;0.0
13;106;2;0.0
13;107;1;0.0
13;107;2;0.0
13;108;1;0.0
13;108;2;0.0
13;109;1;0.0
13;109;2;0.0
13;110;1;0.0
13;110;2;0.0
13;111;1;0.0
13;111;2;0.0
13;112;1;0.0
13;112;2;0.0
13;113;1;0.0
13;113;2;0.0
13;114;1;0.0
13;114;2;0.0
13;115;1;0.0
13;115;2;0.0
13;116;1;0.0
13;116;2;0.0
13;117;1;0.0
13;117;2;0.0
13;118;1;0.0
13;118;2;0.0
13;119;1;0.0
13;119;2;0.0
13;120;1;0.0
13;120;2;0.0
13;121;1;0.0
13;121;2;0.0
13;122;1;0.0
13;122;2;0.0
13;123;1;0.0
13;123;2;0.0
13;124;1;0.0
13;124;2;0.0
13;125;1;0.0
13;125;2;0.0
13;126;1;0.0
13;126;2;0.0
13;127;1;0.0
13;127;2;0.0
13;128;1;0.0
13;128;2;0.0
13;129;1;0.0
13;129;2;0.0
13;130;1;0.0
13;130;2;0.0
13;131;1;0.0
13;131;2;0.0
13;132;1;0.0
13;132;2;0.0
13;133;1;0.0
13;133;2;0.0
13;134;1;0.0
13;134;2;0.0
13;135;1;0.0
13;135;2;0.0
13;136;1;0.0
13;136;2;0.0
13;137;1;0.0
13;137;2;0.0
13;138;1;0.0
13;138;2;0.0
13;139;1;0.0
13;139;2;0.0
13;140;1;0.0
13;140;2;0.0
13;141;1;0.0
13;141;2;0.0
13;142;1;0.0
13;142;2;0.0
13;143;1;0.0
13;143;2;0.0
13;144;1;0.0
13;144;2;0.0
13;145;1;0.0
13;145;2;0.0
13;146;1;0.0
13;146;2;0.0
13;147;1;0.0
13;147;2;0.0
13;148;1;0.0
13;148;2;0.0
13;149;1;0.0
13;149;2;0.0
13;150;1;0.0
13;150;2;0.0
13;151;1;0.0
13;151;2;0.0
13;152;1;0.0
13;152;2;0.0
13;153;1;0.0
13;153;2;0.0
13;154;1;0.0
13;154;2;0.0
13;155;1;0.0
13;155;2;0.0
13;156;1;0.0
13;156;2;0.0
13;157;1;0.0
13;157;2;0.0
13;158;1;0.0
13;158;2;0.0
13;159;1;0.0
13;159;2;0.0
13;160;1;0.0
13;160;2;0.0
13;161;1;0.0
13;161;2;0.0
13;162;1;0.0
13;162;2;0.0
13;163;1;0.0
13;163;2;0.0
13;164;1;0.0
13;164;2;0.0
13;165;1;0.0
13;165;2;0.0
13;166;1;0.0
13;166;2;0.0
13;167;1;0.0
13;167;2;0.0
13;168;1;0.0
13;168;2;0.0
14;1;1;0.0
14;1;2;0.0
14;2;1;0.0
14;2;2;0.0
14;3;1;0.0
14;3;2;0.0
14;4;1;0.0
14;4;2;0.0
14;5;1;0.0
14;5;2;0.0
14;6;1;0.0
14;6;2;0.0
14;7;1;0.0
14;7;2;0.0
14;8;1;0.0
14;8;2;0.0
14;9;1;0.0
14;9;2;0.0
14;10;1;0.0
14;10;2;0.0
14;11;1;0.0
14;11;2;0.0
14;12;1;0.0
14;12;2;0.0
14;13;1;0.0
14;13;2;0.0
14;14;1;0.0
14;14;2;0.0
14;15;1;0.0
14;15;2;0.0
14;16;1;0.0
14;16;2;0.0
14;17;1;0.0
14;17;2;0.0
14;18;1;0.0
14;18;2;0.0
14;19;1;0.0
14;19;2;0.0
14;20;1;0.0
14;20;2;0.0
14;21;1;0.0
14;21;2;0.0
14;22;1;0.0
14;22;2;0.0
14;23;1;0.0
14;23;2;0.0
14;24;1;0.0
14;24;2;0.0
14;25;1;0.0
14;25;2;0.0
14;26;1;0.0
14;26;2;0.0
14;27;1;0.0
14;27;2;0.0
14;28;1;0.0
14;28;2;0.0
14;29;1;0.0
14;29;2;0.0
14;30;1;0.0
14;30;2;0.0
14;31;1;0.0
14;31;2;0.0
14;32;1;0.0
14;32;2;0.0
14;33;1;0.0
14;33;2;0.0
14;34;1;0.0
14;34;2;0.0
14;35;1;0.0
14;35;2;0.0
14;36;1;0.0
14;36;2;0.0
14;37;1;0.0
14;37;2;0.0
14;38;1;0.0
14;38;2;0.0
14;39;1;0.0
14;39;2;0.0
14;40;1;0.0
14;40;2;0.0
14;41;1;0.0
14;41;2;0.0
14;42;1;0.0
14;42;2;0.0
14;43;1;0.0
14;43;2;0.0
14;44;1;0.0
14;44;2;0.0
14;45;1;0.0
14;45;2;0.0
14;46;1;0.0
14;46;2;0.0
14;47;1;0.0
14;47;2;0.0
14;48;1;0.0
14;48;2;0.0
14;49;1;0.0
14;49;2;0.0
14;50;1;0.0
14;50;2;0.0
14;51;1;0.0
14;51;2;0.0
14;52;1;0.0
14;52;2;0.0
14;53;1;0.0
14;53;2;0.0
14;54;1;0.0
14;54;2;0.0
14;55;1;0.0
14;55;2;0.0
14;56;1;0.0
14;56;2;0.0
14;57;1;0.0
14;57;2;0.0
14;58;1;0.0
14;58;2;0.0
14;59;1;0.0
14;59;2;0.0
14;60;1;0.0
14;60;2;0.0
14;61;1;0.0
14;61;2;0.0
14;62;1;0.0
14;62;2;0.0
14;63;1;0.0
14;63;2;0.0
14;64;1;0.0
14;64;2;0.0
14;65;1;0.0
14;65;2;0.0
14;66;1;0.0
14;66;2;0.0
14;67;1;0.0
14;67;2;0.0
14;68;1;0.0
14;68;2;0.0
14;69;1;0.0
14;69;2;0.0
14;70;1;0.0
14;70;2;0.0
14;71;1;0.0
14;71;2;0.0
14;72;1;0.0
14;72;2;0.0
14;73;1;0.0
14;73;2;0.0
14;74;1;0.0
14;74;2;0.0
14;75;1;0.0
14;75;2;0.0
14;76;1;0.0
14;76;2;0.0
14;77;1;0.0
14;77;2;0.0
14;78;1;0.0
14;78;2;0.0
14;79;1;0.0
14;79;2;0.0
14;80;1;0.0
14;80;2;0.0
14;81;1;0.0
14;81;2;0.0
14;82;1;0.0
14;82;2;0.0
14;83;1;0.0
14;83;2;0.0
14;84;1;0.0
14;84;2;0.0
14;85;1;0.0
14;85;2;0.0
14;86;1;0.0
14;86;2;0.0
14;87;1;0.0
14;87;2;0.0
14;88;1;0.0
14;88;2;0.0
14;89;1;0.0
14;89;2;0.0
14;90;1;0.0
14;90;2;0.0
14;91;1;0.0
14;91;2;0.0
14;92;1;0.0
14;92;2;0.0
14;93;1;0.0
14;93;2;0.0
14;94;1;0.0
14;94;2;0.0
14;95;1;0.0
14;95;2;0.0
14;96;1;0.0
14;96;2;0.0
14;97;1;0.0
14;97;2;0.0
14;98;1;0.0
14;98;2;0.0
14;99;1;0.0
14;99;2;0.0
14;100;1;0.0
14;100;2;0.0
14;101;1;0.0
14;101;2;0.0
14;102;1;0.0
14;102;2;0.0
14;103;1;0.0
14;103;2;0.0
14;104;1;0.0
14;104;2;0.0
14;105;1;0.0
14;105;2;0.0
14;106;1;0.0
14;106;2;0.0
14;107;1;0.0
14;107;2;0.0
14;108;1;0.0
14;108;2;0.0
14;109;1;0.0
14;109;2;0.0
14;110;1;0.0
14;110;2;0.0
14;111;1;0.0
14;111;2;0.0
14;112;1;0.0
14;112;2;0.0
14;113;1;0.0
14;113;2;0.0
14;114;1;0.0
14;114;2;0.0
14;115;1;0.0
14;115;2;0.0
14;116;1;0.0
14;116;2;0.0
14;117;1;0.0
14;117;2;0.0
14;118;1;0.0
14;118;2;0.0
14;119;1;0.0
14;119;2;0.0
14;120;1;0.0
14;120;2;0.0
14;121;1;0.0
14;121;2;0.0
14;122;1;0.0
14;122;2;0.0
14;123;1;0.0
14;123;2;0.0
14;124;1;0.0
14;124;2;0.0
14;125;1;0.0
14;125;2;0.0
14;126;1;0.0
14;126;2;0.0
14;127;1;0.0
14;127;2;0.0
14;128;1;0.0
14;128;2;0.0
14;129;1;0.0
14;129;2;0.0
14;130;1;0.0
14;130;2;0.0
14;131;1;0.0
14;131;2;0.0
14;132;1;0.0
14;132;2;0.0
14;133;1;0.0
14;133;2;0.0
14;134;1;0.0
14;134;2;0.0
14;135;1;0.0
14;135;2;0.0
14;136;1;0.0
14;136;2;0.0
14;137;1;0.0
14;137;2;0.0
14;138;1;0.0
14;138;2;0.0
14;139;1;0.0
14;139;2;0.0
14;140;1;0.0
14;140;2;0.0
14;141;1;0.0
14;141;2;0.0
14;142;1;0.0
14;142;2;0.0
14;143;1;0.0
14;143;2;0.0
14;144;1;0.0
14;144;2;0.0
14;145;1;0.0
14;145;2;0.0
14;146;1;0.0
14;146;2;0.0
14;147;1;0.0
14;147;2;0.0
14;148;1;0.0
14;148;2;0.0
14;149;1;0.0
14;149;2;0.0
14;150;1;0.0
14;150;2;0.0
14;151;1;0.0
14;151;2;0.0
14;152;1;0.0
14;152;2;0.0
14;153;1;0.0
14;153;2;0.0
14;154;1;0.0
14;154;2;0.0
14;155;1;0.0
14;155;2;0.0
14;156;1;0.0
14;156;2;0.0
14;157;1;0.0
14;157;2;0.0
14;158;1;0.0
14;158;2;0.0
14;159;1;0.0
14;159;2;0.0
14;160;1;0.0
14;160;2;0.0
14;161;1;0.0
14;161;2;0.0
14;162;1;0.0
14;162;2;0.0
14;163;1;0.0
14;163;2;0.0
14;164;1;0.0
14;164;2;0.0
14;165;1;0.0
14;165;2;0.0
14;166;1;0.0
14;166;2;0.0
14;167;1;0.0
14;167;2;0.0
14;168;1;0.0
14;168;2;0.0
15;1;1;0.0
15;1;2;0.0
15;2;1;0.0
15;2;2;0.0
15;3;1;0.0
15;3;2;0.0
15;4;1;0.0
15;4;2;0.0
15;5;1;0.0
15;5;2;0.0
15;6;1;0.0
15;6;2;0.0
15;7;1;0.0
15;7;2;0.0
15;8;1;0.0
15;8;2;0.0
15;9;1;0.0
15;9;2;0.0
15;10;1;0.0
15;10;2;0.0
15;11;1;0.0
15;11;2;0.0
15;12;1;0.0
15;12;2;0.0
15;13;1;0.0
15;13;2;0.0
15;14;1;0.0
15;14;2;0.0
15;15;1;0.0
15;15;2;0.0
15;16;1;0.0
15;16;2;0.0
15;17;1;0.0
15;17;2;0.0
15;18;1;0.0
15;18;2;0.0
15;19;1;0.0
15;19;2;0.0
15;20;1;0.0
15;20;2;0.0
15;21;1;0.0
15;21;2;0.0
15;22;1;0.0
15;22;2;0.0
15;23;1;0.0
15;23;2;0.0
15;24;1;0.0
15;24;2;0.0
15;25;1;0.0
15;25;2;0.0
15;26;1;0.0
15;26;2;0.0
15;27;1;0.0
15;27;2;0.0
15;28;1;0.0
15;28;2;0.0
15;29;1;0.0
15;29;2;0.0
15;30;1;0.0
15;30;2;0.0
15;31;1;0.0
15;31;2;0.0
15;32;1;0.0
15;32;2;0.0
15;33;1;0.0
15;33;2;0.0
15;34;1;0.0
15;34;2;0.0
15;35;1;0.0
15;35;2;0.0
15;36;1;0.0
15;36;2;0.0
15;37;1;0.0
15;37;2;0.0
15;38;1;0.0
15;38;2;0.0
15;39;1;0.0
15;39;2;0.0
15;40;1;0.0
15;40;2;0.0
15;41;1;0.0
15;41;2;0.0
15;42;1;0.0
15;42;2;0.0
15;43;1;0.0
15;43;2;0.0
15;44;1;0.0
15;44;2;0.0
15;45;1;0.0
15;45;2;0.0
15;46;1;0.0
15;46;2;0.0
15;47;1;0.0
15;47;2;0.0
15;48;1;0.0
15;48;2;0.0
15;49;1;0.0
15;49;2;0.0
15;50;1;0.0
15;50;2;0.0
15;51;1;0.0
15;51;2;0.0
15;52;1;0.0
15;52;2;0.0
15;53;1;0.0
15;53;2;0.0
15;54;1;0.0
15;54;2;0.0
15;55;1;0.0
15;55;2;0.0
15;56;1;0.0
15;56;2;0.0
15;57;1;0.0
15;57;2;0.0
15;58;1;0.0
15;58;2;0.0
15;59;1;0.0
15;59;2;0.0
15;60;1;0.0
15;60;2;0.0
15;61;1;0.0
15;61;2;0.0
15;62;1;0.0
15;62;2;0.0
15;63;1;0.0
15;63;2;0.0
15;64;1;0.0
15;64;2;0.0
15;65;1;0.0
15;65;2;0.0
15;66;1;0.0
15;66;2;0.0
15;67;1;0.0
15;67;2;0.0
15;68;1;0.0
15;68;2;0.0
15;69;1;0.0
15;69;2;0.0
15;70;1;0.0
15;70;2;0.0
15;71;1;0.0
15;71;2;0.0
15;72;1;0.0
15;72;2;0.0
15;73;1;0.0
15;73;2;0.0
15;74;1;0.0
15;74;2;0.0
15;75;1;0.0
15;75;2;0.0
15;76;1;0.0
15;76;2;0.0
15;77;1;0.0
15;77;2;0.0
15;78;1;0.0
15;78;2;0.0
15;79;1;0.0
15;79;2;0.0
15;80;1;0.0
15;80;2;0.0
15;81;1;0.0
15;81;2;0.0
15;82;1;0.0
15;82;2;0.0
15;83;1;0.0
15;83;2;0.0
15;84;1;0.0
15;84;2;0.0
15;85;1;0.0
15;85;2;0.0
15;86;1;0.0
15;86;2;0.0
15;87;1;0.0
15;87;2;0.0
15;88;1;0.0
15;88;2;0.0
15;89;1;0.0
15;89;2;0.0
15;90;1;0.0
15;90;2;0.0
15;91;1;0.0
15;91;2;0.0
15;92;1;0.0
15;92;2;0.0
15;93;1;0.0
15;93;2;0.0
15;94;1;0.0
15;94;2;0.0
15;95;1;0.0
15;95;2;0.0
15;96;1;0.0
15;96;2;0.0
15;97;1;0.0
15;97;2;0.0
15;98;1;0.0
15;98;2;0.0
15;99;1;0.0
15;99;2;0.0
15;100;1;0.0
15;100;2;0.0
15;101;1;0.0
15;101;2;0.0
15;102;1;0.0
15;102;2;0.0
15;103;1;0.0
15;103;2;0.0
15;104;1;0.0
15;104;2;0.0
15;105;1;0.0
15;105;2;0.0
15;106;1;0.0
15;106;2;0.0
15;107;1;0.0
15;107;2;0.0
15;108;1;0.0
15;108;2;0.0
15;109;1;0.0
15;109;2;0.0
15;110;1;0.0
15;110;2;0.0
15;111;1;0.0
15;111;2;0.0
15;112;1;0.0
15;112;2;0.0
15;113;1;0.0
15;113;2;0.0
15;114;1;0.0
15;114;2;0.0
15;115;1;0.0
15;115;2;0.0
15;116;1;0.0
15;116;2;0.0
15;117;1;0.0
15;117;2;0.0
15;118;1;0.0
15;118;2;0.0
15;119;1;0.0
15;119;2;0.0
15;120;1;0.0
15;120;2;0.0
15;121;1;0.0
15;121;2;0.0
15;122;1;0.0
15;122;2;0.0
15;123;1;0.0
15;123;2;0.0
15;124;1;0.0
15;124;2;0.0
15;125;1;0.0
15;125;2;0.0
15;126;1;0.0
15;126;2;0.0
15;127;1;0.0
15;127;2;0.0
15;128;1;0.0
15;128;2;0.0
15;129;1;0.0
15;129;2;0.0
15;130;1;0.0
15;130;2;0.0
15;131;1;0.0
15;131;2;0.0
15;132;1;0.0
15;132;2;0.0
15;133;1;0.0
15;133;2;0.0
15;134;1;0.0
15;134;2;0.0
15;135;1;0.0
15;135;2;0.0
15;136;1;0.0
15;136;2;0.0
15;137;1;0.0
15;137;2;0.0
15;138;1;0.0
15;138;2;0.0
15;139;1;0.0
15;139;2;0.0
15;140;1;0.0
15;140;2;0.0
15;141;1;0.0
15;141;2;0.0
15;142;1;0.0
15;142;2;0.0
15;143;1;0.0
15;143;2;0.0
15;144;1;0.0
15;144;2;0.0
15;145;1;0.0
15;145;2;0.0
15;146;1;0.0
15;146;2;0.0
15;147;1;0.0
15;147;2;0.0
15;148;1;0.0
15;148;2;0.0
15;149;1;0.0
15;149;2;0.0
15;150;1;0.0
15;150;2;0.0
15;151;1;0.0
15;151;2;0.0
15;152;1;0.0
15;152;2;0.0
15;153;1;0.0
15;153;2;0.0
15;154;1;0.0
15;154;2;0.0
15;155;1;0.0
15;155;2;0.0
15;156;1;0.0
15;156;2;0.0
15;157;1;0.0
15;157;2;0.0
15;158;1;0.0
15;158;2;0.0
15;159;1;0.0
15;159;2;0.0
15;160;1;0.0
15;160;2;0.0
15;161;1;0.0
15;161;2;0.0
15;162;1;0.0
15;162;2;0.0
15;163;1;0.0
15;163;2;0.0
15;164;1;0.0
15;164;2;0.0
15;165;1;0.0
15;165;2;0.0
15;166;1;0.0
15;166;2;0.0
15;167;1;0.0
15;167;2;0.0
15;168;1;0.0
15;168;2;0.0
16;1;1;0.0
16;1;2;0.0
16;2;1;0.0
16;2;2;0.0
16;3;1;0.0
16;3;2;0.0
16;4;1;0.0
16;4;2;0.0
16;5;1;0.0
16;5;2;0.0
16;6;1;0.0
16;6;2;0.0
16;7;1;0.0
16;7;2;0.0
16;8;1;0.0
16;8;2;0.0
16;9;1;0.0
16;9;2;0.0
16;10;1;0.0
16;10;2;0.0
16;11;1;0.0
16;11;2;0.0
16;12;1;0.0
16;12;2;0.0
16;13;1;0.0
16;13;2;0.0
16;14;1;0.0
16;14;2;0.0
16;15;1;0.0
16;15;2;0.0
16;16;1;0.0
16;16;2;0.0
16;17;1;0.0
16;17;2;0.0
16;18;1;0.0
16;18;2;0.0
16;19;1;0.0
16;19;2;0.0
16;20;1;0.0
16;20;2;0.0
16;21;1;0.0
16;21;2;0.0
16;22;1;0.0
16;22;2;0.0
16;23;1;0.0
16;23;2;0.0
16;24;1;0.0
16;24;2;0.0
16;25;1;0.0
16;25;2;0.0
16;26;1;0.0
16;26;2;0.0
16;27;1;0.0
16;27;2;0.0
16;28;1;0.0
16;28;2;0.0
16;29;1;0.0
16;29;2;0.0
16;30;1;0.0
16;30;2;0.0
16;31;1;0.0
16;31;2;0.0
16;32;1;0.0
16;32;2;0.0
16;33;1;0.0
16;33;2;0.0
16;34;1;0.0
16;34;2;0.0
16;35;1;0.0
16;35;2;0.0
16;36;1;0.0
16;36;2;0.0
16;37;1;0.0
16;37;2;0.0
16;38;1;0.0
16;38;2;0.0
16;39;1;0.0
16;39;2;0.0
16;40;1;0.0
16;40;2;0.0
16;41;1;0.0
16;41;2;0.0
16;42;1;0.0
16;42;2;0.0
16;43;1;0.0
16;43;2;0.0
16;44;1;0.0
16;44;2;0.0
16;45;1;0.0
16;45;2;0.0
16;46;1;0.0
16;46;2;0.0
16;47;1;0.0
16;47;2;0.0
16;48;1;0.0
16;48;2;0.0
16;49;1;0.0
16;49;2;0.0
16;50;1;0.0
16;50;2;0.0
16;51;1;0.0
16;51;2;0.0
16;52;1;0.0
16;52;2;0.0
16;53;1;0.0
16;53;2;0.0
16;54;1;0.0
16;54;2;0.0
16;55;1;0.0
16;55;2;0.0
16;56;1;0.0
16;56;2;0.0
16;57;1;0.0
16;57;2;0.0
16;58;1;0.0
16;58;2;0.0
16;59;1;0.0
16;59;2;0.0
16;60;1;0.0
16;60;2;0.0
16;61;1;0.0
16;61;2;0.0
16;62;1;0.0
16;62;2;0.0
16;63;1;0.0
16;63;2;0.0
16;64;1;0.0
16;64;2;0.0
16;65;1;0.0
16;65;2;0.0
16;66;1;0.0
16;66;2;0.0
16;67;1;0.0
16;67;2;0.0
16;68;1;0.0
16;68;2;0.0
16;69;1;0.0
16;69;2;0.0
16;70;1;0.0
16;70;2;0.0
16;71;1;0.0
16;71;2;0.0
16;72;1;0.0
16;72;2;0.0
16;73;1;0.0
16;73;2;0.0
16;74;1;0.0
16;74;2;0.0
16;75;1;0.0
16;75;2;0.0
16;76;1;0.0
16;76;2;0.0
16;77;1;0.0
16;77;2;0.0
16;78;1;0.0
16;78;2;0.0
16;79;1;0.0
16;79;2;0.0
16;80;1;0.0
16;80;2;0.0
16;81;1;0.0
16;81;2;0.0
16;82;1;0.0
16;82;2;0.0
16;83;1;0.0
16;83;2;0.0
16;84;1;0.0
16;84;2;0.0
16;85;1;0.0
16;85;2;0.0
16;86;1;0.0
16;86;2;0.0
16;87;1;0.0
16;87;2;0.0
16;88;1;0.0
16;88;2;0.0
16;89;1;0.0
16;89;2;0.0
16;90;1;0.0
16;90;2;0.0
16;91;1;0.0
16;91;2;0.0
16;92;1;0.0
16;92;2;0.0
16;93;1;0.0
16;93;2;0.0
16;94;1;0.0
16;94;2;0.0
16;95;1;0.0
16;95;2;0.0
16;96;1;0.0
16;96;2;0.0
16;97;1;0.0
16;97;2;0.0
16;98;1;0.0
16;98;2;0.0
16;99;1;0.0
16;99;2;0.0
16;100;1;0.0
16;100;2;0.0
16;101;1;0.0
16;101;2;0.0
16;102;1;0.0
16;102;2;0.0
16;103;1;0.0
16;103;2;0.0
16;104;1;0.0
16;104;2;0.0
16;105;1;0.0
16;105;2;0.0
16;106;1;0.0
16;106;2;0.0
16;107;1;0.0
16;107;2;0.0
16;108;1;0.0
16;108;2;0.0
16;109;1;0.0
16;109;2;0.0
16;110;1;0.0
16;110;2;0.0
16;111;1;0.0
16;111;2;0.0
16;112;1;0.0
16;112;2;0.0
16;113;1;0.0
16;113;2;0.0
16;114;1;0.0
16;114;2;0.0
16;115;1;0.0
16;115;2;0.0
16;116;1;0.0
16;116;2;0.0
16;117;1;0.0
16;117;2;0.0
16;118;1;0.0
16;118;2;0.0
16;119;1;0.0
16;119;2;0.0
16;120;1;0.0
16;120;2;0.0
16;121;1;0.0
16;121;2;0.0
16;122;1;0.0
16;122;2;0.0
16;123;1;0.0
16;123;2;0.0
16;124;1;0.0
16;124;2;0.0
16;125;1;0.0
16;125;2;0.0
16;126;1;0.0
16;126;2;0.0
16;127;1;0.0
16;127;2;0.0
16;128;1;0.0
16;128;2;0.0
16;129;1;0.0
16;129;2;0.0
16;130;1;0.0
16;130;2;0.0
16;131;1;0.0
16;131;2;0.0
16;132;1;0.0
16;132;2;0.0
16;133;1;0.0
16;133;2;0.0
16;134;1;0.0
16;134;2;0.0
16;135;1;0.0
16;135;2;0.0
16;136;1;0.0
16;136;2;0.0
16;137;1;0.0
16;137;2;0.0
16;138;1;0.0
16;138;2;0.0
16;139;1;0.0
16;139;2;0.0
16;140;1;0.0
16;140;2;0.0
16;141;1;0.0
16;141;2;0.0
16;142;1;0.0
16;142;2;0.0
16;143;1;0.0
16;143;2;0.0
16;144;1;0.0
16;144;2;0.0
16;145;1;0.0
16;145;2;0.0
16;146;1;0.0
16;146;2;0.0
16;147;1;0.0
16;147;2;0.0
16;148;1;0.0
16;148;2;0.0
16;149;1;0.0
16;149;2;0.0
16;150;1;0.0
16;150;2;0.0
16;151;1;0.0
16;151;2;0.0
16;152;1;0.0
16;152;2;0.0
16;153;1;0.0
16;153;2;0.0
16;154;1;0.0
16;154;2;0.0
16;155;1;0.0
16;155;2;0.0
16;156;1;0.0
16;156;2;0.0
16;157;1;0.0
16;157;2;0.0
16;158;1;0.0
16;158;2;0.0
16;159;1;0.0
16;159;2;0.0
16;160;1;0.0
16;160;2;0.0
16;161;1;0.0
16;161;2;0.0
16;162;1;0.0
16;162;2;0.0
16;163;1;0.0
16;163;2;0.0
16;164;1;0.0
16;164;2;0.0
16;165;1;0.0
16;165;2;0.0
16;166;1;0.0
16;166;2;0.0
16;167;1;0.0
16;167;2;0.0
16;168;1;0.0
16;168;2;0.0
17;1;1;0.0
17;1;2;0.0
17;2;1;0.0
17;2;2;0.0
17;3;1;0.0
17;3;2;0.0
17;4;1;0.0
17;4;2;0.0
17;5;1;0.0
17;5;2;0.0
17;6;1;0.0
17;6;2;0.0
17;7;1;0.0
17;7;2;0.0
17;8;1;0.0
17;8;2;0.0
17;9;1;0.0
17;9;2;0.0
17;10;1;0.0
17;10;2;0.0
17;11;1;0.0
17;11;2;0.0
17;12;1;0.0
17;12;2;0.0
17;13;1;0.0
17;13;2;0.0
17;14;1;0.0
17;14;2;0.0
17;15;1;0.0
17;15;2;0.0
17;16;1;0.0
17;16;2;0.0
17;17;1;0.0
17;17;2;0.0
17;18;1;0.0
17;18;2;0.0
17;19;1;0.0
17;19;2;0.0
17;20;1;0.0
17;20;2;0.0
17;21;1;0.0
17;21;2;0.0
17;22;1;0.0
17;22;2;0.0
17;23;1;0.0
17;23;2;0.0
17;24;1;0.0
17;24;2;0.0
17;25;1;0.0
17;25;2;0.0
17;26;1;0.0
17;26;2;0.0
17;27;1;0.0
17;27;2;0.0
17;28;1;0.0
17;28;2;0.0
17;29;1;0.0
17;29;2;0.0
17;30;1;0.0
17;30;2;0.0
17;31;1;0.0
17;31;2;0.0
17;32;1;0.0
17;32;2;0.0
17;33;1;0.0
17;33;2;0.0
17;34;1;0.0
17;34;2;0.0
17;35;1;0.0
17;35;2;0.0
17;36;1;0.0
17;36;2;0.0
17;37;1;0.0
17;37;2;0.0
17;38;1;0.0
17;38;2;0.0
17;39;1;0.0
17;39;2;0.0
17;40;1;0.0
17;40;2;0.0
17;41;1;0.0
17;41;2;0.0
17;42;1;0.0
17;42;2;0.0
17;43;1;0.0
17;43;2;0.0
17;44;1;0.0
17;44;2;0.0
17;45;1;0.0
17;45;2;0.0
17;46;1;0.0
17;46;2;0.0
17;47;1;0.0
17;47;2;0.0
17;48;1;0.0
17;48;2;0.0
17;49;1;0.0
17;49;2;0.0
17;50;1;0.0
17;50;2;0.0
17;51;1;0.0
17;51;2;0.0
17;52;1;0.0
17;52;2;0.0
17;53;1;0.0
17;53;2;0.0
17;54;1;0.0
17;54;2;0.0
17;55;1;0.0
17;55;2;0.0
17;56;1;0.0
17;56;2;0.0
17;57;1;0.0
17;57;2;0.0
17;58;1;0.0
17;58;2;0.0
17;59;1;0.0
17;59;2;0.0
17;60;1;0.0
17;60;2;0.0
17;61;1;0.0
17;61;2;0.0
17;62;1;0.0
17;62;2;0.0
17;63;1;0.0
17;63;2;0.0
17;64;1;0.0
17;64;2;0.0
17;65;1;0.0
17;65;2;0.0
17;66;1;0.0
17;66;2;0.0
17;67;1;0.0
17;67;2;0.0
17;68;1;0.0
17;68;2;0.0
17;69;1;0.0
17;69;2;0.0
17;70;1;0.0
17;70;2;0.0
17;71;1;0.0
17;71;2;0.0
17;72;1;0.0
17;72;2;0.0
17;73;1;0.0
17;73;2;0.0
17;74;1;0.0
17;74;2;0.0
17;75;1;0.0
17;75;2;0.0
17;76;1;0.0
17;76;2;0.0
17;77;1;0.0
17;77;2;0.0
17;78;1;0.0
17;78;2;0.0
17;79;1;0.0
17;79;2;0.0
17;80;1;0.0
17;80;2;0.0
17;81;1;0.0
17;81;2;0.0
17;82;1;0.0
17;82;2;0.0
17;83;1;0.0
17;83;2;0.0
17;84;1;0.0
17;84;2;0.0
17;85;1;0.0
17;85;2;0.0
17;86;1;0.0
17;86;2;0.0
17;87;1;0.0
17;87;2;0.0
17;88;1;0.0
17;88;2;0.0
17;89;1;0.0
17;89;2;0.0
17;90;1;0.0
17;90;2;0.0
17;91;1;0.0
17;91;2;0.0
17;92;1;0.0
17;92;2;0.0
17;93;1;0.0
17;93;2;0.0
17;94;1;0.0
17;94;2;0.0
17;95;1;0.0
17;95;2;0.0
17;96;1;0.0
17;96;2;0.0
17;97;1;0.0
17;97;2;0.0
17;98;1;0.0
17;98;2;0.0
17;99;1;0.0
17;99;2;0.0
17;100;1;0.0
17;100;2;0.0
17;101;1;0.0
17;101;2;0.0
17;102;1;0.0
17;102;2;0.0
17;103;1;0.0
17;103;2;0.0
17;104;1;0.0
17;104;2;0.0
17;105;1;0.0
17;105;2;0.0
17;106;1;0.0
17;106;2;0.0
17;107;1;0.0
17;107;2;0.0
17;108;1;0.0
17;108;2;0.0
17;109;1;0.0
17;109;2;0.0
17;110;1;0.0
17;110;2;0.0
17;111;1;0.0
17;111;2;0.0
17;112;1;0.0
17;112;2;0.0
17;113;1;0.0
17;113;2;0.0
17;114;1;0.0
17;114;2;0.0
17;115;1;0.0
17;115;2;0.0
17;116;1;0.0
17;116;2;0.0
17;117;1;0.0
17;117;2;0.0
17;118;1;0.0
17;118;2;0.0
17;119;1;0.0
17;119;2;0.0
17;120;1;0.0
17;120;2;0.0
17;121;1;0.0
17;121;2;0.0
17;122;1;0.0
17;122;2;0.0
17;123;1;0.0
17;123;2;0.0
17;124;1;0.0
17;124;2;0.0
17;125;1;0.0
17;125;2;0.0
17;126;1;0.0
17;126;2;0.0
17;127;1;0.0
17;127;2;0.0
17;128;1;0.0
17;128;2;0.0
17;129;1;0.0
17;129;2;0.0
17;130;1;0.0
17;130;2;0.0
17;131;1;0.0
17;131;2;0.0
17;132;1;0.0
17;132;2;0.0
17;133;1;0.0
17;133;2;0.0
17;134;1;0.0
17;134;2;0.0
17;135;1;0.0
17;135;2;0.0
17;136;1;0.0
17;136;2;0.0
17;137;1;0.0
17;137;2;0.0
17;138;1;0.0
17;138;2;0.0
17;139;1;0.0
17;139;2;0.0
17;140;1;0.0
17;140;2;0.0
17;141;1;0.0
17;141;2;0.0
17;142;1;0.0
17;142;2;0.0
17;143;1;0.0
17;143;2;0.0
17;144;1;0.0
17;144;2;0.0
17;145;1;0.0
17;145;2;0.0
17;146;1;0.0
17;146;2;0.0
17;147;1;0.0
17;147;2;0.0
17;148;1;0.0
17;148;2;0.0
17;149;1;0.0
17;149;2;0.0
17;150;1;0.0
17;150;2;0.0
17;151;1;0.0
17;151;2;0.0
17;152;1;0.0
17;152;2;0.0
17;153;1;0.0
17;153;2;0.0
17;154;1;0.0
17;154;2;0.0
17;155;1;0.0
17;155;2;0.0
17;156;1;0.0
17;156;2;0.0
17;157;1;0.0
17;157;2;0.0
17;158;1;0.0
17;158;2;0.0
17;159;1;0.0
17;159;2;0.0
17;160;1;0.0
17;160;2;0.0
17;161;1;0.0
17;161;2;0.0
17;162;1;0.0
17;162;2;0.0
17;163;1;0.0
17;163;2;0.0
17;164;1;0.0
17;164;2;0.0
17;165;1;0.0
17;165;2;0.0
17;166;1;0.0
17;166;2;0.0
17;167;1;0.0
17;167;2;0.0
17;168;1;0.0
17;168;2;0.0
18;1;1;0.0
18;1;2;0.0
18;2;1;0.0
18;2;2;0.0
18;3;1;0.0
18;3;2;0.0
18;4;1;0.0
18;4;2;0.0
18;5;1;0.0
18;5;2;0.0
18;6;1;0.0
18;6;2;0.0
18;7;1;0.0
18;7;2;0.0
18;8;1;0.0
18;8;2;0.0
18;9;1;0.0
18;9;2;0.0
18;10;1;0.0
18;10;2;0.0
18;11;1;0.0
18;11;2;0.0
18;12;1;0.0
18;12;2;0.0
18;13;1;0.0
18;13;2;0.0
18;14;1;0.0
18;14;2;0.0
18;15;1;0.0
18;15;2;0.0
18;16;1;0.0
18;16;2;0.0
18;17;1;0.0
18;17;2;0.0
18;18;1;0.0
18;18;2;0.0
18;19;1;0.0
18;19;2;0.0
18;20;1;0.0
18;20;2;0.0
18;21;1;0.0
18;21;2;0.0
18;22;1;0.0
18;22;2;0.0
18;23;1;0.0
18;23;2;0.0
18;24;1;0.0
18;24;2;0.0
18;25;1;0.0
18;25;2;0.0
18;26;1;0.0
18;26;2;0.0
18;27;1;0.0
18;27;2;0.0
18;28;1;0.0
18;28;2;0.0
18;29;1;0.0
18;29;2;0.0
18;30;1;0.0
18;30;2;0.0
18;31;1;0.0
18;31;2;0.0
18;32;1;0.0
18;32;2;0.0
18;33;1;0.0
18;33;2;0.0
18;34;1;0.0
18;34;2;0.0
18;35;1;0.0
18;35;2;0.0
18;36;1;0.0
18;36;2;0.0
18;37;1;0.0
18;37;2;0.0
18;38;1;0.0
18;38;2;0.0
18;39;1;0.0
18;39;2;0.0
18;40;1;0.0
18;40;2;0.0
18;41;1;0.0
18;41;2;0.0
18;42;1;0.0
18;42;2;0.0
18;43;1;0.0
18;43;2;0.0
18;44;1;0.0
18;44;2;0.0
18;45;1;0.0
18;45;2;0.0
18;46;1;0.0
18;46;2;0.0
18;47;1;0.0
18;47;2;0.0
18;48;1;0.0
18;48;2;0.0
18;49;1;0.0
18;49;2;0.0
18;50;1;0.0
18;50;2;0.0
18;51;1;0.0
18;51;2;0.0
18;52;1;0.0
18;52;2;0.0
18;53;1;0.0
18;53;2;0.0
18;54;1;0.0
18;54;2;0.0
18;55;1;0.0
18;55;2;0.0
18;56;1;0.0
18;56;2;0.0
18;57;1;0.0
18;57;2;0.0
18;58;1;0.0
18;58;2;0.0
18;59;1;0.0
18;59;2;0.0
18;60;1;0.0
18;60;2;0.0
18;61;1;0.0
18;61;2;0.0
18;62;1;0.0
18;62;2;0.0
18;63;1;0.0
18;63;2;0.0
18;64;1;0.0
18;64;2;0.0
18;65;1;0.0
18;65;2;0.0
18;66;1;0.0
18;66;2;0.0
18;67;1;0.0
18;67;2;0.0
18;68;1;0.0
18;68;2;0.0
18;69;1;0.0
18;69;2;0.0
18;70;1;0.0
18;70;2;0.0
18;71;1;0.0
18;71;2;0.0
18;72;1;0.0
18;72;2;0.0
18;73;1;0.0
18;73;2;0.0
18;74;1;0.0
18;74;2;0.0
18;75;1;0.0
18;75;2;0.0
18;76;1;0.0
18;76;2;0.0
18;77;1;0.0
18;77;2;0.0
18;78;1;0.0
18;78;2;0.0
18;79;1;0.0
18;79;2;0.0
18;80;1;0.0
18;80;2;0.0
18;81;1;0.0
18;81;2;0.0
18;82;1;0.0
18;82;2;0.0
18;83;1;0.0
18;83;2;0.0
18;84;1;0.0
18;84;2;0.0
18;85;1;0.0
18;85;2;0.0
18;86;1;0.0
18;86;2;0.0
18;87;1;0.0
18;87;2;0.0
18;88;1;0.0
18;88;2;0.0
18;89;1;0.0
18;89;2;0.0
18;90;1;0.0
18;90;2;0.0
18;91;1;0.0
18;91;2;0.0
18;92;1;0.0
18;92;2;0.0
18;93;1;0.0
18;93;2;0.0
18;94;1;0.0
18;94;2;0.0
18;95;1;0.0
18;95;2;0.0
18;96;1;0.0
18;96;2;0.0
18;97;1;0.0
18;97;2;0.0
18;98;1;0.0
18;98;2;0.0
18;99;1;0.0
18;99;2;0.0
18;100;1;0.0
18;100;2;0.0
18;101;1;0.0
18;101;2;0.0
18;102;1;0.0
18;102;2;0.0
18;103;1;0.0
18;103;2;0.0
18;104;1;0.0
18;104;2;0.0
18;105;1;0.0
18;105;2;0.0
18;106;1;0.0
18;106;2;0.0
18;107;1;0.0
18;107;2;0.0
18;108;1;0.0
18;108;2;0.0
18;109;1;0.0
18;109;2;0.0
18;110;1;0.0
18;110;2;0.0
18;111;1;0.0
18;111;2;0.0
18;112;1;0.0
18;112;2;0.0
18;113;1;0.0
18;113;2;0.0
18;114;1;0.0
18;114;2;0.0
18;115;1;0.0
18;115;2;0.0
18;116;1;0.0
18;116;2;0.0
18;117;1;0.0
18;117;2;0.0
18;118;1;0.0
18;118;2;0.0
18;119;1;0.0
18;119;2;0.0
18;120;1;0.0
18;120;2;0.0
18;121;1;0.0
18;121;2;0.0
18;122;1;0.0
18;122;2;0.0
18;123;1;0.0
18;123;2;0.0
18;124;1;0.0
18;124;2;0.0
18;125;1;0.0
18;125;2;0.0
18;126;1;0.0
18;126;2;0.0
18;127;1;0.0
18;127;2;0.0
18;128;1;0.0
18;128;2;0.0
18;129;1;0.0
18;129;2;0.0
18;130;1;0.0
18;130;2;0.0
18;131;1;0.0
18;131;2;0.0
18;132;1;0.0
18;132;2;0.0
18;133;1;0.0
18;133;2;0.0
18;134;1;0.0
18;134;2;0.0
18;135;1;0.0
18;135;2;0.0
18;136;1;0.0
18;136;2;0.0
18;137;1;0.0
18;137;2;0.0
18;138;1;0.0
18;138;2;0.0
18;139;1;0.0
18;139;2;0.0
18;140;1;0.0
18;140;2;0.0
18;141;1;0.0
18;141;2;0.0
18;142;1;0.0
18;142;2;0.0
18;143;1;0.0
18;143;2;0.0
18;144;1;0.0
18;144;2;0.0
18;145;1;0.0
18;145;2;0.0
18;146;1;0.0
18;146;2;0.0
18;147;1;0.0
18;147;2;0.0
18;148;1;0.0
18;148;2;0.0
18;149;1;0.0
18;149;2;0.0
18;150;1;0.0
18;150;2;0.0
18;151;1;0.0
18;151;2;0.0
18;152;1;0.0
18;152;2;0.0
18;153;1;0.0
18;153;2;0.0
18;154;1;0.0
18;154;2;0.0
18;155;1;0.0
18;155;2;0.0
18;156;1;0.0
18;156;2;0.0
18;157;1;0.0
18;157;2;0.0
18;158;1;0.0
18;158;2;0.0
18;159;1;0.0
18;159;2;0.0
18;160;1;0.0
18;160;2;0.0
18;161;1;0.0
18;161;2;0.0
18;162;1;0.0
18;162;2;0.0
18;163;1;0.0
18;163;2;0.0
18;164;1;0.0
18;164;2;0.0
18;165;1;0.0
18;165;2;0.0
18;166;1;0.0
18;166;2;0.0
18;167;1;0.0
18;167;2;0.0
18;168;1;0.0
18;168;2;0.0
19;1;1;2.6952109623379314
19;1;2;4.479229293100291e-14
19;2;1;2.695210961224061
19;2;2;4.479229293100291e-14
19;3;1;2.6952109617637254
19;3;2;4.479229293100291e-14
19;4;1;2.695210961321785
19;4;2;4.479229293100291e-14
19;5;1;2.6952109611352855
19;5;2;4.479229293100291e-14
19;6;1;2.695210961460389
19;6;2;4.479229293100291e-14
19;7;1;2.695210961292894
19;7;2;4.479229293100291e-14
19;8;1;2.6952109614345763
19;8;2;4.479229293100291e-14
19;9;1;2.0947450352716378e-10
19;9;2;1.7375962742442038e-22
19;10;1;2.086221183264039e-10
19;10;2;1.7375962742442038e-22
19;11;1;2.101092291702546e-10
19;11;2;1.7375962742442038e-22
19;12;1;2.100036576634696e-10
19;12;2;1.7375962742442038e-22
19;13;1;2.098664305747762e-10
19;13;2;1.7375962742442038e-22
19;14;1;2.094708468565358e-10
19;14;2;1.7375962742442038e-22
19;15;1;2.0916228748277462e-10
19;15;2;1.7375962742442038e-22
19;16;1;2.0896494446982115e-10
19;16;2;1.7375962742442038e-22
19;17;1;2.099389690629193e-10
19;17;2;1.7375962742442038e-22
19;18;1;2.1120877395234862e-10
19;18;2;1.7375962742442038e-22
19;19;1;2.099565490094993e-10
19;19;2;1.7375962742442038e-22
19;20;1;2.1007953971559853e-10
19;20;2;1.7375962742442038e-22
19;21;1;2.0992416567731728e-10
19;21;2;1.7375962742442038e-22
19;22;1;2.0997268672990155e-10
19;22;2;1.7375962742442038e-22
19;23;1;2.0954942216346263e-10
19;23;2;1.7375962742442038e-22
19;24;1;2.0891942897165308e-10
19;24;2;1.7375962742442038e-22
19;25;1;2.0947450352716378e-10
19;25;2;1.7375962742442038e-22
19;26;1;2.086221183264039e-10
19;26;2;1.7375962742442038e-22
19;27;1;2.101092291702546e-10
19;27;2;1.7375962742442038e-22
19;28;1;2.100036576634696e-10
19;28;2;1.7375962742442038e-22
19;29;1;2.098664305747762e-10
19;29;2;1.7375962742442038e-22
19;30;1;2.094708468565358e-10
19;30;2;1.7375962742442038e-22
19;31;1;2.0916228748277462e-10
19;31;2;1.7375962742442038e-22
19;32;1;2.0896494446982115e-10
19;32;2;1.7375962742442038e-22
19;33;1;2.099389690629193e-10
19;33;2;1.7375962742442038e-22
19;34;1;2.1120877395234862e-10
19;34;2;1.7375962742442038e-22
19;35;1;2.099565490094993e-10
19;35;2;1.7375962742442038e-22
19;36;1;2.1007953971559853e-10
19;36;2;1.7375962742442038e-22
19;37;1;2.0992416567731728e-10
19;37;2;1.7375962742442038e-22
19;38;1;2.0997268672990155e-10
19;38;2;1.7375962742442038e-22
19;39;1;2.0954942216346263e-10
19;39;2;1.7375962742442038e-22
19;40;1;2.0891942897165308e-10
19;40;2;1.7375962742442038e-22
19;41;1;4.116311735913314e-10
19;41;2;0.0
19;42;1;4.123026364766247e-10
19;42;2;0.0
19;43;1;4.1070569167800386e-10
19;43;2;0.0
19;44;1;4.1167602660152625e-10
19;44;2;0.0
19;45;1;4.1369396797108493e-10
19;45;2;0.0
19;46;1;4.1139491813169116e-10
19;46;2;0.0
19;47;1;4.15858902869104e-10
19;47;2;0.0
19;48;1;3.944995441429455e-10
19;48;2;0.0
19;49;1;4.118798635488474e-10
19;49;2;0.0
19;50;1;4.1255798777228847e-10
19;50;2;0.0
19;51;1;4.112061802175049e-10
19;51;2;0.0
19;52;1;4.1062486744181115e-10
19;52;2;0.0
19;53;1;4.1338621414865884e-10
19;53;2;0.0
19;54;1;4.1171954734409155e-10
19;54;2;0.0
19;55;1;4.1546011075865863e-10
19;55;2;0.0
19;56;1;3.868403375406615e-10
19;56;2;0.0
19;57;1;4.1283998442054326e-10
19;57;2;0.0
19;58;1;4.1711034626246146e-10
19;58;2;0.0
19;59;1;4.159574906736907e-10
19;59;2;0.0
19;60;1;4.115214835564984e-10
19;60;2;0.0
19;61;1;4.1814640638904166e-10
19;61;2;0.0
19;62;1;4.094924399566935e-10
19;62;2;0.0
19;63;1;4.106670559167469e-10
19;63;2;0.0
19;64;1;4.009552689865359e-10
19;64;2;0.0
19;65;1;4.121707419812992e-10
19;65;2;0.0
19;66;1;4.1822012519787677e-10
19;66;2;0.0
19;67;1;4.1675374262695186e-10
19;67;2;0.0
19;68;1;4.1090775226848564e-10
19;68;2;0.0
19;69;1;4.1787062698972477e-10
19;69;2;0.0
19;70;1;4.098579253764001e-10
19;70;2;0.0
19;71;1;4.106635032030681e-10
19;71;2;0.0
19;72;1;3.9890046821255964e-10
19;72;2;0.0
19;73;1;4.120837004961686e-10
19;73;2;0.0
19;74;1;4.1229952785215573e-10
19;74;2;0.0
19;75;1;4.1148107143840207e-10
19;75;2;0.0
19;76;1;4.1043435317078547e-10
19;76;2;0.0
19;77;1;4.132547637425432e-10
19;77;2;0.0
19;78;1;4.120224161852093e-10
19;78;2;0.0
19;79;1;4.1398795502800567e-10
19;79;2;0.0
19;80;1;4.008966492108357e-10
19;80;2;0.0
19;81;1;4.118532181962564e-10
19;81;2;0.0
19;82;1;4.1172398823619005e-10
19;82;2;0.0
19;83;1;4.116977869728089e-10
19;83;2;0.0
19;84;1;4.1214009982581956e-10
19;84;2;0.0
19;85;1;4.117102214706847e-10
19;85;2;0.0
19;86;1;4.1256775773490517e-10
19;86;2;0.0
19;87;1;4.162661326745365e-10
19;87;2;0.0
19;88;1;4.0112624333232816e-10
19;88;2;0.0
19;89;1;4.144280474349671e-10
19;89;2;0.0
19;90;1;4.228555283702917e-10
19;90;2;0.0
19;91;1;4.164419920016371e-10
19;91;2;0.0
19;92;1;4.0884717833478135e-10
19;92;2;0.0
19;93;1;4.1743408729644216e-10
19;93;2;0.0
19;94;1;4.1121550609091173e-10
19;94;2;0.0
19;95;1;4.1008396678421377e-10
19;95;2;0.0
19;96;1;3.975322293570116e-10
19;96;2;0.0
19;97;1;4.1373926507048964e-10
19;97;2;0.0
19;98;1;4.228528638350326e-10
19;98;2;0.0
19;99;1;4.1535841432960297e-10
19;99;2;0.0
19;100;1;4.051901036916661e-10
19;100;2;0.0
19;101;1;4.177724832743479e-10
19;101;2;0.0
19;102;1;4.103317685633101e-10
19;102;2;0.0
19;103;1;4.087747917935758e-10
19;103;2;0.0
19;104;1;4.036069256585506e-10
19;104;2;0.0
19;105;1;4.116311735913314e-10
19;105;2;0.0
19;106;1;4.123026364766247e-10
19;106;2;0.0
19;107;1;4.1070569167800386e-10
19;107;2;0.0
19;108;1;4.1167602660152625e-10
19;108;2;0.0
19;109;1;4.1369396797108493e-10
19;109;2;0.0
19;110;1;4.1139491813169116e-10
19;110;2;0.0
19;111;1;4.15858902869104e-10
19;111;2;0.0
19;112;1;3.944995441429455e-10
19;112;2;0.0
19;113;1;4.118798635488474e-10
19;113;2;0.0
19;114;1;4.1255798777228847e-10
19;114;2;0.0
19;115;1;4.112061802175049e-10
19;115;2;0.0
19;116;1;4.1062486744181115e-10
19;116;2;0.0
19;117;1;4.1338621414865884e-10
19;117;2;0.0
19;118;1;4.1171954734409155e-10
19;118;2;0.0
19;119;1;4.1546011075865863e-10
19;119;2;0.0
19;120;1;3.868403375406615e-10
19;120;2;0.0
19;121;1;4.1283998442054326e-10
19;121;2;0.0
19;122;1;4.1711034626246146e-10
19;122;2;0.0
19;123;1;4.159574906736907e-10
19;123;2;0.0
19;124;1;4.115214835564984e-10
19;124;2;0.0
19;125;1;4.1814640638904166e-10
19;125;2;0.0
19;126;1;4.094924399566935e-10
19;126;2;0.0
19;127;1;4.106670559167469e-10
19;127;2;0.0
19;128;1;4.009552689865359e-10
19;128;2;0.0
19;129;1;4.121707419812992e-10
19;129;2;0.0
19;130;1;4.1822012519787677e-10
19;130;2;0.0
19;131;1;4.1675374262695186e-10
19;131;2;0.0
19;132;1;4.1090775226848564e-10
19;132;2;0.0
19;133;1;4.1787062698972477e-10
19;133;2;0.0
19;134;1;4.098579253764001e-10
19;134;2;0.0
19;135;1;4.106635032030681e-10
19;135;2;0.0
19;136;1;3.9890046821255964e-10
19;136;2;0.0
19;137;1;4.120837004961686e-10
19;137;2;0.0
19;138;1;4.1229952785215573e-10
19;138;2;0.0
19;139;1;4.1148107143840207e-10
19;139;2;0.0
19;140;1;4.1043435317078547e-10
19;140;2;0.0
19;141;1;4.132547637425432e-10
19;141;2;0.0
19;142;1;4.120224161852093e-10
19;142;2;0.0
19;143;1;4.1398795502800567e-10
19;143;2;0.0
19;144;1;4.008966492108357e-10
19;144;2;0.0
19;145;1;4.118532181962564e-10
19;145;2;0.0
19;146;1;4.1172398823619005e-10
19;146;2;0.0
19;147;1;4.116977869728089e-10
19;147;2;0.0
19;148;1;4.1214009982581956e-10
19;148;2;0.0
19;149;1;4.117102214706847e-10
19;149;2;0.0
19;150;1;4.1256775773490517e-10
19;150;2;0.0
19;151;1;4.162661326745365e-10
19;151;2;0.0
19;152;1;4.0112624333232816e-10
19;152;2;0.0
19;153;1;4.144280474349671e-10
19;153;2;0.0
19;154;1;4.228555283702917e-10
19;154;2;0.0
19;155;1;4.164419920016371e-10
19;155;2;0.0
19;156;1;4.0884717833478135e-10
19;156;2;0.0
19;157;1;4.1743408729644216e-10
19;157;2;0.0
19;158;1;4.1121550609091173e-10
19;158;2;0.0
19;159;1;4.1008396678421377e-10
19;159;2;0.0
19;160;1;3.975322293570116e-10
19;160;2;0.0
19;161;1;4.1373926507048964e-10
19;161;2;0.0
19;162;1;4.228528638350326e-10
19;162;2;0.0
19;163;1;4.1535841432960297e-10
19;163;2;0.0
19;164;1;4.051901036916661e-10
19;164;2;0.0
19;165;1;4.177724832743479e-10
19;165;2;0.0
19;166;1;4.103317685633101e-10
19;166;2;0.0
19;167;1;4.087747917935758e-10
19;167;2;0.0
19;168;1;4.036069256585506e-10
19;168;2;0.0
20;1;1;3.848271232274593
20;1;2;4.479229293100291e-14
20;2;1;3.848271232276104
20;2;2;4.479229293100291e-14
20;3;1;3.8482712322770314
20;3;2;4.479229293100291e-14
20;4;1;3.848271232278012
20;4;2;4.479229293100291e-14
20;5;1;3.848271232276924
20;5;2;4.479229293100291e-14
20;6;1;3.8482712322797465
20;6;2;4.479229293100291e-14
20;7;1;3.848271232279598
20;7;2;4.479229293100291e-14
20;8;1;3.848271232281033
20;8;2;4.479229293100291e-14
20;9;1;2.0927769747360803e-10
20;9;2;1.7375962742442038e-22
20;10;1;2.0935221828006472e-10
20;10;2;1.7375962742442038e-22
20;11;1;2.0933162810859504e-10
20;11;2;1.7375962742442038e-22
20;12;1;2.0928305859736173e-10
20;12;2;1.7375962742442038e-22
20;13;1;2.0916897421039086e-10
20;13;2;1.7375962742442038e-22
20;14;1;2.0889442775438928e-10
20;14;2;1.7375962742442038e-22
20;15;1;2.088202396007335e-10
20;15;2;1.7375962742442038e-22
20;16;1;2.0848826311686956e-10
20;16;2;1.7375962742442038e-22
20;17;1;2.092321447704442e-10
20;17;2;1.7375962742442038e-22
20;18;1;2.09198478841002e-10
20;18;2;1.7375962742442038e-22
20;19;1;2.091425751079859e-10
20;19;2;1.7375962742442038e-22
20;20;1;2.0912312514442776e-10
20;20;2;1.7375962742442038e-22
20;21;1;2.0897563162196098e-10
20;21;2;1.7375962742442038e-22
20;22;1;2.089898421548566e-10
20;22;2;1.7375962742442038e-22
20;23;1;2.0874202457551207e-10
20;23;2;1.7375962742442038e-22
20;24;1;2.0850370858270795e-10
20;24;2;1.7375962742442038e-22
20;25;1;2.0927769747360803e-10
20;25;2;1.7375962742442038e-22
20;26;1;2.0935221828006472e-10
20;26;2;1.7375962742442038e-22
20;27;1;2.0933162810859504e-10
20;27;2;1.7375962742442038e-22
20;28;1;2.0928305859736173e-10
20;28;2;1.7375962742442038e-22
20;29;1;2.0916897421039086e-10
20;29;2;1.7375962742442038e-22
20;30;1;2.0889442775438928e-10
20;30;2;1.7375962742442038e-22
20;31;1;2.088202396007335e-10
20;31;2;1.7375962742442038e-22
20;32;1;2.0848826311686956e-10
20;32;2;1.7375962742442038e-22
20;33;1;2.092321447704442e-10
20;33;2;1.7375962742442038e-22
20;34;1;2.09198478841002e-10
20;34;2;1.7375962742442038e-22
20;35;1;2.091425751079859e-10
20;35;2;1.7375962742442038e-22
20;36;1;2.0912312514442776e-10
20;36;2;1.7375962742442038e-22
20;37;1;2.0897563162196098e-10
20;37;2;1.7375962742442038e-22
20;38;1;2.089898421548566e-10
20;38;2;1.7375962742442038e-22
20;39;1;2.0874202457551207e-10
20;39;2;1.7375962742442038e-22
20;40;1;2.0850370858270795e-10
20;40;2;1.7375962742442038e-22
20;41;1;4.127507224893634e-10
20;41;2;0.0
20;42;1;4.1217029789208937e-10
20;42;2;0.0
20;43;1;4.11549461176719e-10
20;43;2;0.0
20;44;1;4.100426664876977e-10
20;44;2;0.0
20;45;1;4.127418407051664e-10
20;45;2;0.0
20;46;1;4.0982728322092044e-10
20;46;2;0.0
20;47;1;4.098659189821774e-10
20;47;2;0.0
20;48;1;4.076246007400641e-10
20;48;2;0.0
20;49;1;4.1413583673488574e-10
20;49;2;0.0
20;50;1;4.12239575808826e-10
20;50;2;0.0
20;51;1;4.108064999286398e-10
20;51;2;0.0
20;52;1;4.101798900535414e-10
20;52;2;0.0
20;53;1;4.119664609447682e-10
20;53;2;0.0
20;54;1;4.1051562149618803e-10
20;54;2;0.0
20;55;1;4.097491235199868e-10
20;55;2;0.0
20;56;1;4.0867975670266787e-10
20;56;2;0.0
20;57;1;4.083622329176251e-10
20;57;2;0.0
20;58;1;4.0756287233989497e-10
20;58;2;0.0
20;59;1;4.0873437967547943e-10
20;59;2;0.0
20;60;1;4.0967851333562066e-10
20;60;2;0.0
20;61;1;4.106768258793636e-10
20;61;2;0.0
20;62;1;4.071187831300449e-10
20;62;2;0.0
20;63;1;4.086642135803231e-10
20;63;2;0.0
20;64;1;4.08214351210745e-10
20;64;2;0.0
20;65;1;4.0784398080973006e-10
20;65;2;0.0
20;66;1;4.072564507850984e-10
20;66;2;0.0
20;67;1;4.079847570892525e-10
20;67;2;0.0
20;68;1;4.093179128972224e-10
20;68;2;0.0
20;69;1;4.10939282602385e-10
20;69;2;0.0
20;70;1;4.070264125743961e-10
20;70;2;0.0
20;71;1;4.086064819830426e-10
20;71;2;0.0
20;72;1;4.0782444088449665e-10
20;72;2;0.0
20;73;1;4.133067221800957e-10
20;73;2;0.0
20;74;1;4.126290420458645e-10
20;74;2;0.0
20;75;1;4.115832119566676e-10
20;75;2;0.0
20;76;1;4.1055203681139574e-10
20;76;2;0.0
20;77;1;4.110849438632158e-10
20;77;2;0.0
20;78;1;4.097859829244044e-10
20;78;2;0.0
20;79;1;4.100666473050296e-10
20;79;2;0.0
20;80;1;4.085647375973167e-10
20;80;2;0.0
20;81;1;4.1532732808491346e-10
20;81;2;0.0
20;82;1;4.119620200526697e-10
20;82;2;0.0
20;83;1;4.108224871401944e-10
20;83;2;0.0
20;84;1;4.1059289301870194e-10
20;84;2;0.0
20;85;1;4.1123238148088603e-10
20;85;2;0.0
20;86;1;4.0916292576298474e-10
20;86;2;0.0
20;87;1;4.0978020976467633e-10
20;87;2;0.0
20;88;1;4.085700666678349e-10
20;88;2;0.0
20;89;1;4.0756908958883287e-10
20;89;2;0.0
20;90;1;4.073785753178072e-10
20;90;2;0.0
20;91;1;4.0812508927956515e-10
20;91;2;0.0
20;92;1;4.088840377391989e-10
20;92;2;0.0
20;93;1;4.10723011157188e-10
20;93;2;0.0
20;94;1;4.081068816219613e-10
20;94;2;0.0
20;95;1;4.0932102152169136e-10
20;95;2;0.0
20;96;1;4.0811265478168934e-10
20;96;2;0.0
20;97;1;4.0784220445289066e-10
20;97;2;0.0
20;98;1;4.0679459800685436e-10
20;98;2;0.0
20;99;1;4.075135784376016e-10
20;99;2;0.0
20;100;1;4.0883474383690555e-10
20;100;2;0.0
20;101;1;4.106821549498818e-10
20;101;2;0.0
20;102;1;4.0743852736113695e-10
20;102;2;0.0
20;103;1;4.087303828725908e-10
20;103;2;0.0
20;104;1;4.085674021325758e-10
20;104;2;0.0
20;105;1;4.127507224893634e-10
20;105;2;0.0
20;106;1;4.1217029789208937e-10
20;106;2;0.0
20;107;1;4.11549461176719e-10
20;107;2;0.0
20;108;1;4.100426664876977e-10
20;108;2;0.0
20;109;1;4.127418407051664e-10
20;109;2;0.0
20;110;1;4.0982728322092044e-10
20;110;2;0.0
20;111;1;4.098659189821774e-10
20;111;2;0.0
20;112;1;4.076246007400641e-10
20;112;2;0.0
20;113;1;4.1413583673488574e-10
20;113;2;0.0
20;114;1;4.12239575808826e-10
20;114;2;0.0
20;115;1;4.108064999286398e-10
20;115;2;0.0
20;116;1;4.101798900535414e-10
20;116;2;0.0
20;117;1;4.119664609447682e-10
20;117;2;0.0
20;118;1;4.1051562149618803e-10
20;118;2;0.0
20;119;1;4.097491235199868e-10
20;119;2;0.0
20;120;1;4.0867975670266787e-10
20;120;2;0.0
20;121;1;4.083622329176251e-10
20;121;2;0.0
20;122;1;4.0756287233989497e-10
20;122;2;0.0
20;123;1;4.0873437967547943e-10
20;123;2;0.0
20;124;1;4.0967851333562066e-10
20;124;2;0.0
20;125;1;4.106768258793636e-10
20;125;2;0.0
20;126;1;4.071187831300449e-10
20;126;2;0.0
20;127;1;4.086642135803231e-10
20;127;2;0.0
20;128;1;4.08214351210745e-10
20;128;2;0.0
20;129;1;4.0784398080973006e-10
20;129;2;0.0
20;130;1;4.072564507850984e-10
20;130;2;0.0
20;131;1;4.079847570892525e-10
20;131;2;0.0
20;132;1;4.093179128972224e-10
20;132;2;0.0
20;133;1;4.10939282602385e-10
20;133;2;0.0
20;134;1;4.070264125743961e-10
20;134;2;0.0
20;135;1;4.086064819830426e-10
20;135;2;0.0
20;136;1;4.0782444088449665e-10
20;136;2;0.0
20;137;1;4.133067221800957e-10
20;137;2;0.0
20;138;1;4.126290420458645e-10
20;138;2;0.0
20;139;1;4.115832119566676e-10
20;139;2;0.0
20;140;1;4.1055203681139574e-10
20;140;2;0.0
20;141;1;4.110849438632158e-10
20;141;2;0.0
20;142;1;4.097859829244044e-10
20;142;2;0.0
20;143;1;4.100666473050296e-10
20;143;2;0.0
20;144;1;4.085647375973167e-10
20;144;2;0.0
20;145;1;4.1532732808491346e-10
20;145;2;0.0
20;146;1;4.119620200526697e-10
20;146;2;0.0
20;147;1;4.108224871401944e-10
20;147;2;0.0
20;148;1;4.1059289301870194e-10
20;148;2;0.0
20;149;1;4.1123238148088603e-10
20;149;2;0.0
20;150;1;4.0916292576298474e-10
20;150;2;0.0
20;151;1;4.0978020976467633e-10
20;151;2;0.0
20;152;1;4.085700666678349e-10
20;152;2;0.0
20;153;1;4.0756908958883287e-10
20;153;2;0.0
20;154;1;4.073785753178072e-10
20;154;2;0.0
20;155;1;4.0812508927956515e-10
20;155;2;0.0
20;156;1;4.088840377391989e-10
20;156;2;0.0
20;157;1;4.10723011157188e-10
20;157;2;0.0
20;158;1;4.081068816219613e-10
20;158;2;0.0
20;159;1;4.0932102152169136e-10
20;159;2;0.0
20;160;1;4.0811265478168934e-10
20;160;2;0.0
20;161;1;4.0784220445289066e-10
20;161;2;0.0
20;162;1;4.0679459800685436e-10
20;162;2;0.0
20;163;1;4.075135784376016e-10
20;163;2;0.0
20;164;1;4.0883474383690555e-10
20;164;2;0.0
20;165;1;4.106821549498818e-10
20;165;2;0.0
20;166;1;4.0743852736113695e-10
20;166;2;0.0
20;167;1;4.087303828725908e-10
20;167;2;0.0
20;168;1;4.085674021325758e-10
20;168;2;0.0
21;1;1;0.0
21;1;2;0.0
21;2;1;0.0
21;2;2;0.0
21;3;1;0.0
21;3;2;0.0
21;4;1;0.0
21;4;2;0.0
21;5;1;0.0
21;5;2;0.0
21;6;1;0.0
21;6;2;0.0
21;7;1;0.0
21;7;2;0.0
21;8;1;0.0
21;8;2;0.0
21;9;1;0.0
21;9;2;0.0
21;10;1;0.0
21;10;2;0.0
21;11;1;0.0
21;11;2;0.0
21;12;1;0.0
21;12;2;0.0
21;13;1;0.0
21;13;2;0.0
21;14;1;0.0
21;14;2;0.0
21;15;1;0.0
21;15;2;0.0
21;16;1;0.0
21;16;2;0.0
21;17;1;0.0
21;17;2;0.0
21;18;1;0.0
21;18;2;0.0
21;19;1;0.0
21;19;2;0.0
21;20;1;0.0
21;20;2;0.0
21;21;1;0.0
21;21;2;0.0
21;22;1;0.0
21;22;2;0.0
21;23;1;0.0
21;23;2;0.0
21;24;1;0.0
21;24;2;0.0
21;25;1;0.0
21;25;2;0.0
21;26;1;0.0
21;26;2;0.0
21;27;1;0.0
21;27;2;0.0
21;28;1;0.0
21;28;2;0.0
21;29;1;0.0
21;29;2;0.0
21;30;1;0.0
21;30;2;0.0
21;31;1;0.0
21;31;2;0.0
21;32;1;0.0
21;32;2;0.0
21;33;1;0.0
21;33;2;0.0
21;34;1;0.0
21;34;2;0.0
21;35;1;0.0
21;35;2;0.0
21;36;1;0.0
21;36;2;0.0
21;37;1;0.0
21;37;2;0.0
21;38;1;0.0
21;38;2;0.0
21;39;1;0.0
21;39;2;0.0
21;40;1;0.0
21;40;2;0.0
21;41;1;0.0
21;41;2;0.0
21;42;1;0.0
21;42;2;0.0
21;43;1;0.0
21;43;2;0.0
21;44;1;0.0
21;44;2;0.0
21;45;1;0.0
21;45;2;0.0
21;46;1;0.0
21;46;2;0.0
21;47;1;0.0
21;47;2;0.0
21;48;1;0.0
21;48;2;0.0
21;49;1;0.0
21;49;2;0.0
21;50;1;0.0
21;50;2;0.0
21;51;1;0.0
21;51;2;0.0
21;52;1;0.0
21;52;2;0.0
21;53;1;0.0
21;53;2;0.0
21;54;1;0.0
21;54;2;0.0
21;55;1;0.0
21;55;2;0.0
21;56;1;0.0
21;56;2;0.0
21;57;1;0.0
21;57;2;0.0
21;58;1;0.0
21;58;2;0.0
21;59;1;0.0
21;59;2;0.0
21;60;1;0.0
21;60;2;0.0
21;61;1;0.0
21;61;2;0.0
21;62;1;0.0
21;62;2;0.0
21;63;1;0.0
21;63;2;0.0
21;64;1;0.0
21;64;2;0.0
21;65;1;0.0
21;65;2;0.0
21;66;1;0.0
21;66;2;0.0
21;67;1;0.0
21;67;2;0.0
21;68;1;0.0
21;68;2;0.0
21;69;1;0.0
21;69;2;0.0
21;70;1;0.0
21;70;2;0.0
21;71;1;0.0
21;71;2;0.0
21;72;1;0.0
21;72;2;0.0
21;73;1;0.0
21;73;2;0.0
21;74;1;0.0
21;74;2;0.0
21;75;1;0.0
21;75;2;0.0
21;76;1;0.0
21;76;2;0.0
21;77;1;0.0
21;77;2;0.0
21;78;1;0.0
21;78;2;0.0
21;79;1;0.0
21;79;2;0.0
21;80;1;0.0
21;80;2;0.0
21;81;1;0.0
21;81;2;0.0
21;82;1;0.0
21;82;2;0.0
21;83;1;0.0
21;83;2;0.0
21;84;1;0.0
21;84;2;0.0
21;85;1;0.0
21;85;2;0.0
21;86;1;0.0
21;86;2;0.0
21;87;1;0.0
21;87;2;0.0
21;88;1;0.0
21;88;2;0.0
21;89;1;0.0
21;89;2;0.0
21;90;1;0.0
21;90;2;0.0
21;91;1;0.0
21;91;2;0.0
21;92;1;0.0
21;92;2;0.0
21;93;1;0.0
21;93;2;0.0
21;94;1;0.0
21;94;2;0.0
21;95;1;0.0
21;95;2;0.0
21;96;1;0.0
21;96;2;0.0
21;97;1;0.0
21;97;2;0.0
21;98;1;0.0
21;98;2;0.0
21;99;1;0.0
21;99;2;0.0
21;100;1;0.0
21;100;2;0.0
21;101;1;0.0
21;101;2;0.0
21;102;1;0.0
21;102;2;0.0
21;103;1;0.0
21;103;2;0.0
21;104;1;0.0
21;104;2;0.0
21;105;1;0.0
21;105;2;0.0
21;106;1;0.0
21;106;2;0.0
21;107;1;0.0
21;107;2;0.0
21;108;1;0.0
21;108;2;0.0
21;109;1;0.0
21;109;2;0.0
21;110;1;0.0
21;110;2;0.0
21;111;1;0.0
21;111;2;0.0
21;112;1;0.0
21;112;2;0.0
21;113;1;0.0
21;113;2;0.0
21;114;1;0.0
21;114;2;0.0
21;115;1;0.0
21;115;2;0.0
21;116;1;0.0
21;116;2;0.0
21;117;1;0.0
21;117;2;0.0
21;118;1;0.0
21;118;2;0.0
21;119;1;0.0
21;119;2;0.0
21;120;1;0.0
21;120;2;0.0
21;121;1;0.0
21;121;2;0.0
21;122;1;0.0
21;122;2;0.0
21;123;1;0.0
21;123;2;0.0
21;124;1;0.0
21;124;2;0.0
21;125;1;0.0
21;125;2;0.0
21;126;1;0.0
21;126;2;0.0
21;127;1;0.0
21;127;2;0.0
21;128;1;0.0
21;128;2;0.0
21;129;1;0.0
21;129;2;0.0
21;130;1;0.0
21;130;2;0.0
21;131;1;0.0
21;131;2;0.0
21;132;1;0.0
21;132;2;0.0
21;133;1;0.0
21;133;2;0.0
21;134;1;0.0
21;134;2;0.0
21;135;1;0.0
21;135;2;0.0
21;136;1;0.0
21;136;2;0.0
21;137;1;0.0
21;137;2;0.0
21;138;1;0.0
21;138;2;0.0
21;139;1;0.0
21;139;2;0.0
21;140;1;0.0
21;140;2;0.0
21;141;1;0.0
21;141;2;0.0
21;142;1;0.0
21;142;2;0.0
21;143;1;0.0
21;143;2;0.0
21;144;1;0.0
21;144;2;0.0
21;145;1;0.0
21;145;2;0.0
21;146;1;0.0
21;146;2;0.0
21;147;1;0.0
21;147;2;0.0
21;148;1;0.0
21;148;2;0.0
21;149;1;0.0
21;149;2;0.0
21;150;1;0.0
21;150;2;0.0
21;151;1;0.0
21;151;2;0.0
21;152;1;0.0
21;152;2;0.0
21;153;1;0.0
21;153;2;0.0
21;154;1;0.0
21;154;2;0.0
21;155;1;0.0
21;155;2;0.0
21;156;1;0.0
21;156;2;0.0
21;157;1;0.0
21;157;2;0.0
21;158;1;0.0
21;158;2;0.0
21;159;1;0.0
21;159;2;0.0
21;160;1;0.0
21;160;2;0.0
21;161;1;0.0
21;161;2;0.0
21;162;1;0.0
21;162;2;0.0
21;163;1;0.0
21;163;2;0.0
21;164;1;0.0
21;164;2;0.0
21;165;1;0.0
21;165;2;0.0
21;166;1;0.0
21;166;2;0.0
21;167;1;0.0
21;167;2;0.0
21;168;1;0.0
21;168;2;0.0
22;1;1;0.0
22;1;2;0.0
22;2;1;0.0
22;2;2;0.0
22;3;1;0.0
22;3;2;0.0
22;4;1;0.0
22;4;2;0.0
22;5;1;0.0
22;5;2;0.0
22;6;1;0.0
22;6;2;0.0
22;7;1;0.0
22;7;2;0.0
22;8;1;0.0
22;8;2;0.0
22;9;1;0.0
22;9;2;0.0
22;10;1;0.0
22;10;2;0.0
22;11;1;0.0
22;11;2;0.0
22;12;1;0.0
22;12;2;0.0
22;13;1;0.0
22;13;2;0.0
22;14;1;0.0
22;14;2;0.0
22;15;1;0.0
22;15;2;0.0
22;16;1;0.0
22;16;2;0.0
22;17;1;0.0
22;17;2;0.0
22;18;1;0.0
22;18;2;0.0
22;19;1;0.0
22;19;2;0.0
22;20;1;0.0
22;20;2;0.0
22;21;1;0.0
22;21;2;0.0
22;22;1;0.0
22;22;2;0.0
22;23;1;0.0
22;23;2;0.0
22;24;1;0.0
22;24;2;0.0
22;25;1;0.0
22;25;2;0.0
22;26;1;0.0
22;26;2;0.0
22;27;1;0.0
22;27;2;0.0
22;28;1;0.0
22;28;2;0.0
22;29;1;0.0
22;29;2;0.0
22;30;1;0.0
22;30;2;0.0
22;31;1;0.0
22;31;2;0.0
22;32;1;0.0
22;32;2;0.0
22;33;1;0.0
22;33;2;0.0
22;34;1;0.0
22;34;2;0.0
22;35;1;0.0
22;35;2;0.0
22;36;1;0.0
22;36;2;0.0
22;37;1;0.0
22;37;2;0.0
22;38;1;0.0
22;38;2;0.0
22;39;1;0.0
22;39;2;0.0
22;40;1;0.0
22;40;2;0.0
22;41;1;0.0
22;41;2;0.0
22;42;1;0.0
22;42;2;0.0
22;43;1;0.0
22;43;2;0.0
22;44;1;0.0
22;44;2;0.0
22;45;1;0.0
22;45;2;0.0
22;46;1;0.0
22;46;2;0.0
22;47;1;0.0
22;47;2;0.0
22;48;1;0.0
22;48;2;0.0
22;49;1;0.0
22;49;2;0.0
22;50;1;0.0
22;50;2;0.0
22;51;1;0.0
22;51;2;0.0
22;52;1;0.0
22;52;2;0.0
22;53;1;0.0
22;53;2;0.0
22;54;1;0.0
22;54;2;0.0
22;55;1;0.0
22;55;2;0.0
22;56;1;0.0
22;56;2;0.0
22;57;1;0.0
22;57;2;0.0
22;58;1;0.0
22;58;2;0.0
22;59;1;0.0
22;59;2;0.0
22;60;1;0.0
22;60;2;0.0
22;61;1;0.0
22;61;2;0.0
22;62;1;0.0
22;62;2;0.0
22;63;1;0.0
22;63;2;0.0
22;64;1;0.0
22;64;2;0.0
22;65;1;0.0
22;65;2;0.0
22;66;1;0.0
22;66;2;0.0
22;67;1;0.0
22;67;2;0.0
22;68;1;0.0
22;68;2;0.0
22;69;1;0.0
22;69;2;0.0
22;70;1;0.0
22;70;2;0.0
22;71;1;0.0
22;71;2;0.0
22;72;1;0.0
22;72;2;0.0
22;73;1;0.0
22;73;2;0.0
22;74;1;0.0
22;74;2;0.0
22;75;1;0.0
22;75;2;0.0
22;76;1;0.0
22;76;2;0.0
22;77;1;0.0
22;77;2;0.0
22;78;1;0.0
22;78;2;0.0
22;79;1;0.0
22;79;2;0.0
22;80;1;0.0
22;80;2;0.0
22;81;1;0.0
22;81;2;0.0
22;82;1;0.0
22;82;2;0.0
22;83;1;0.0
22;83;2;0.0
22;84;1;0.0
22;84;2;0.0
22;85;1;0.0
22;85;2;0.0
22;86;1;0.0
22;86;2;0.0
22;87;1;0.0
22;87;2;0.0
22;88;1;0.0
22;88;2;0.0
22;89;1;0.0
22;89;2;0.0
22;90;1;0.0
22;90;2;0.0
22;91;1;0.0
22;91;2;0.0
22;92;1;0.0
22;92;2;0.0
22;93;1;0.0
22;93;2;0.0
22;94;1;0.0
22;94;2;0.0
22;95;1;0.0
22;95;2;0.0
22;96;1;0.0
22;96;2;0.0
22;97;1;0.0
22;97;2;0.0
22;98;1;0.0
22;98;2;0.0
22;99;1;0.0
22;99;2;0.0
22;100;1;0.0
22;100;2;0.0
22;101;1;0.0
22;101;2;0.0
22;102;1;0.0
22;102;2;0.0
22;103;1;0.0
22;103;2;0.0
22;104;1;0.0
22;104;2;0.0
22;105;1;0.0
22;105;2;0.0
22;106;1;0.0
22;106;2;0.0
22;107;1;0.0
22;107;2;0.0
22;108;1;0.0
22;108;2;0.0
22;109;1;0.0
22;109;2;0.0
22;110;1;0.0
22;110;2;0.0
22;111;1;0.0
22;111;2;0.0
22;112;1;0.0
22;112;2;0.0
22;113;1;0.0
22;113;2;0.0
22;114;1;0.0
22;114;2;0.0
22;115;1;0.0
22;115;2;0.0
22;116;1;0.0
22;116;2;0.0
22;117;1;0.0
22;117;2;0.0
22;118;1;0.0
22;118;2;0.0
22;119;1;0.0
22;119;2;0.0
22;120;1;0.0
22;120;2;0.0
22;121;1;0.0
22;121;2;0.0
22;122;1;0.0
22;122;2;0.0
22;123;1;0.0
22;123;2;0.0
22;124;1;0.0
22;124;2;0.0
22;125;1;0.0
22;125;2;0.0
22;126;1;0.0
22;126;2;0.0
22;127;1;0.0
22;127;2;0.0
22;128;1;0.0
22;128;2;0.0
22;129;1;0.0
22;129;2;0.0
22;130;1;0.0
22;130;2;0.0
22;131;1;0.0
22;131;2;0.0
22;132;1;0.0
22;132;2;0.0
22;133;1;0.0
22;133;2;0.0
22;134;1;0.0
22;134;2;0.0
22;135;1;0.0
22;135;2;0.0
22;136;1;0.0
22;136;2;0.0
22;137;1;0.0
22;137;2;0.0
22;138;1;0.0
22;138;2;0.0
22;139;1;0.0
22;139;2;0.0
22;140;1;0.0
22;140;2;0.0
22;141;1;0.0
22;141;2;0.0
22;142;1;0.0
22;142;2;0.0
22;143;1;0.0
22;143;2;0.0
22;144;1;0.0
22;144;2;0.0
22;145;1;0.0
22;145;2;0.0
22;146;1;0.0
22;146;2;0.0
22;147;1;0.0
22;147;2;0.0
22;148;1;0.0
22;148;2;0.0
22;149;1;0.0
22;149;2;0.0
22;150;1;0.0
22;150;2;0.0
22;151;1;0.0
22;151;2;0.0
22;152;1;0.0
22;152;2;0.0
22;153;1;0.0
22;153;2;0.0
22;154;1;0.0
22;154;2;0.0
22;155;1;0.0
22;155;2;0.0
22;156;1;0.0
22;156;2;0.0
22;157;1;0.0
22;157;2;0.0
22;158;1;0.0
22;158;2;0.0
22;159;1;0.0
22;159;2;0.0
22;160;1;0.0
22;160;2;0.0
22;161;1;0.0
22;161;2;0.0
22;162;1;0.0
22;162;2;0.0
22;163;1;0.0
22;163;2;0.0
22;164;1;0.0
22;164;2;0.0
22;165;1;0.0
22;165;2;0.0
22;166;1;0.0
22;166;2;0.0
22;167;1;0.0
22;167;2;0.0
22;168;1;0.0
22;168;2;0.0
23;1;1;0.0
23;1;2;0.0
23;2;1;0.0
23;2;2;0.0
23;3;1;0.0
23;3;2;0.0
23;4;1;0.0
23;4;2;0.0
23;5;1;0.0
23;5;2;0.0
23;6;1;0.0
23;6;2;0.0
23;7;1;0.0
23;7;2;0.0
23;8;1;0.0
23;8;2;0.0
23;9;1;0.0
23;9;2;0.0
23;10;1;0.0
23;10;2;0.0
23;11;1;0.0
23;11;2;0.0
23;12;1;0.0
23;12;2;0.0
23;13;1;0.0
23;13;2;0.0
23;14;1;0.0
23;14;2;0.0
23;15;1;0.0
23;15;2;0.0
23;16;1;0.0
23;16;2;0.0
23;17;1;0.0
23;17;2;0.0
23;18;1;0.0
23;18;2;0.0
23;19;1;0.0
23;19;2;0.0
23;20;1;0.0
23;20;2;0.0
23;21;1;0.0
23;21;2;0.0
23;22;1;0.0
23;22;2;0.0
23;23;1;0.0
23;23;2;0.0
23;24;1;0.0
23;24;2;0.0
23;25;1;0.0
23;25;2;0.0
23;26;1;0.0
23;26;2;0.0
23;27;1;0.0
23;27;2;0.0
23;28;1;0.0
23;28;2;0.0
23;29;1;0.0
23;29;2;0.0
23;30;1;0.0
23;30;2;0.0
23;31;1;0.0
23;31;2;0.0
23;32;1;0.0
23;32;2;0.0
23;33;1;0.0
23;33;2;0.0
23;34;1;0.0
23;34;2;0.0
23;35;1;0.0
23;35;2;0.0
23;36;1;0.0
23;36;2;0.0
23;37;1;0.0
23;37;2;0.0
23;38;1;0.0
23;38;2;0.0
23;39;1;0.0
23;39;2;0.0
23;40;1;0.0
23;40;2;0.0
23;41;1;0.0
23;41;2;0.0
23;42;1;0.0
23;42;2;0.0
23;43;1;0.0
23;43;2;0.0
23;44;1;0.0
23;44;2;0.0
23;45;1;0.0
23;45;2;0.0
23;46;1;0.0
23;46;2;0.0
23;47;1;0.0
23;47;2;0.0
23;48;1;0.0
23;48;2;0.0
23;49;1;0.0
23;49;2;0.0
23;50;1;0.0
23;50;2;0.0
23;51;1;0.0
23;51;2;0.0
23;52;1;0.0
23;52;2;0.0
23;53;1;0.0
23;53;2;0.0
23;54;1;0.0
23;54;2;0.0
23;55;1;0.0
23;55;2;0.0
23;56;1;0.0
23;56;2;0.0
23;57;1;0.0
23;57;2;0.0
23;58;1;0.0
23;58;2;0.0
23;59;1;0.0
23;59;2;0.0
23;60;1;0.0
23;60;2;0.0
23;61;1;0.0
23;61;2;0.0
23;62;1;0.0
23;62;2;0.0
23;63;1;0.0
23;63;2;0.0
23;64;1;0.0
23;64;2;0.0
23;65;1;0.0
23;65;2;0.0
23;66;1;0.0
23;66;2;0.0
23;67;1;0.0
23;67;2;0.0
23;68;1;0.0
23;68;2;0.0
23;69;1;0.0
23;69;2;0.0
23;70;1;0.0
23;70;2;0.0
23;71;1;0.0
23;71;2;0.0
23;72;1;0.0
23;72;2;0.0
23;73;1;0.0
23;73;2;0.0
23;74;1;0.0
23;74;2;0.0
23;75;1;0.0
23;75;2;0.0
23;76;1;0.0
23;76;2;0.0
23;77;1;0.0
23;77;2;0.0
23;78;1;0.0
23;78;2;0.0
23;79;1;0.0
23;79;2;0.0
23;80;1;0.0
23;80;2;0.0
23;81;1;0.0
23;81;2;0.0
23;82;1;0.0
23;82;2;0.0
23;83;1;0.0
23;83;2;0.0
23;84;1;0.0
23;84;2;0.0
23;85;1;0.0
23;85;2;0.0
23;86;1;0.0
23;86;2;0.0
23;87;1;0.0
23;87;2;0.0
23;88;1;0.0
23;88;2;0.0
23;89;1;0.0
23;89;2;0.0
23;90;1;0.0
23;90;2;0.0
23;91;1;0.0
23;91;2;0.0
23;92;1;0.0
23;92;2;0.0
23;93;1;0.0
23;93;2;0.0
23;94;1;0.0
23;94;2;0.0
23;95;1;0.0
23;95;2;0.0
23;96;1;0.0
23;96;2;0.0
23;97;1;0.0
23;97;2;0.0
23;98;1;0.0
23;98;2;0.0
23;99;1;0.0
23;99;2;0.0
23;100;1;0.0
23;100;2;0.0
23;101;1;0.0
23;101;2;0.0
23;102;1;0.0
23;102;2;0.0
23;103;1;0.0
23;103;2;0.0
23;104;1;0.0
23;104;2;0.0
23;105;1;0.0
23;105;2;0.0
23;106;1;0.0
23;106;2;0.0
23;107;1;0.0
23;107;2;0.0
23;108;1;0.0
23;108;2;0.0
23;109;1;0.0
23;109;2;0.0
23;110;1;0.0
23;110;2;0.0
23;111;1;0.0
23;111;2;0.0
23;112;1;0.0
23;112;2;0.0
23;113;1;0.0
23;113;2;0.0
23;114;1;0.0
23;114;2;0.0
23;115;1;0.0
23;115;2;0.0
23;116;1;0.0
23;116;2;0.0
23;117;1;0.0
23;117;2;0.0
23;118;1;0.0
23;118;2;0.0
23;119;1;0.0
23;119;2;0.0
23;120;1;0.0
23;120;2;0.0
23;121;1;0.0
23;121;2;0.0
23;122;1;0.0
23;122;2;0.0
23;123;1;0.0
23;123;2;0.0
23;124;1;0.0
23;124;2;0.0
23;125;1;0.0
23;125;2;0.0
23;126;1;0.0
23;126;2;0.0
23;127;1;0.0
23;127;2;0.0
23;128;1;0.0
23;128;2;0.0
23;129;1;0.0
23;129;2;0.0
23;130;1;0.0
23;130;2;0.0
23;131;1;0.0
23;131;2;0.0
23;132;1;0.0
23;132;2;0.0
23;133;1;0.0
23;133;2;0.0
23;134;1;0.0
23;134;2;0.0
23;135;1;0.0
23;135;2;0.0
23;136;1;0.0
23;136;2;0.0
23;137;1;0.0
23;137;2;0.0
23;138;1;0.0
23;138;2;0.0
23;139;1;0.0
23;139;2;0.0
23;140;1;0.0
23;140;2;0.0
23;141;1;0.0
23;141;2;0.0
23;142;1;0.0
23;142;2;0.0
23;143;1;0.0
23;143;2;0.0
23;144;1;0.0
23;144;2;0.0
23;145;1;0.0
23;145;2;0.0
23;146;1;0.0
23;146;2;0.0
23;147;1;0.0
23;147;2;0.0
23;148;1;0.0
23;148;2;0.0
23;149;1;0.0
23;149;2;0.0
23;150;1;0.0
23;150;2;0.0
23;151;1;0.0
23;151;2;0.0
23;152;1;0.0
23;152;2;0.0
23;153;1;0.0
23;153;2;0.0
23;154;1;0.0
23;154;2;0.0
23;155;1;0.0
23;155;2;0.0
23;156;1;0.0
23;156;2;0.0
23;157;1;0.0
23;157;2;0.0
23;158;1;0.0
23;158;2;0.0
23;159;1;0.0
23;159;2;0.0
23;160;1;0.0
23;160;2;0.0
23;161;1;0.0
23;161;2;0.0
23;162;1;0.0
23;162;2;0.0
23;163;1;0.0
23;163;2;0.0
23;164;1;0.0
23;164;2;0.0
23;165;1;0.0
23;165;2;0.0
23;166;1;0.0
23;166;2;0.0
23;167;1;0.0
23;167;2;0.0
23;168;1;0.0
23;168;2;0.0
24;1;1;0.0
24;1;2;0.0
24;2;1;0.0
24;2;2;0.0
24;3;1;0.0
24;3;2;0.0
24;4;1;0.0
24;4;2;0.0
24;5;1;0.0
24;5;2;0.0
24;6;1;0.0
24;6;2;0.0
24;7;1;0.0
24;7;2;0.0
24;8;1;0.0
24;8;2;0.0
24;9;1;0.0
24;9;2;0.0
24;10;1;0.0
24;10;2;0.0
24;11;1;0.0
24;11;2;0.0
24;12;1;0.0
24;12;2;0.0
24;13;1;0.0
24;13;2;0.0
24;14;1;0.0
24;14;2;0.0
24;15;1;0.0
24;15;2;0.0
24;16;1;0.0
24;16;2;0.0
24;17;1;0.0
24;17;2;0.0
24;18;1;0.0
24;18;2;0.0
24;19;1;0.0
24;19;2;0.0
24;20;1;0.0
24;20;2;0.0
24;21;1;0.0
24;21;2;0.0
24;22;1;0.0
24;22;2;0.0
24;23;1;0.0
24;23;2;0.0
24;24;1;0.0
24;24;2;0.0
24;25;1;0.0
24;25;2;0.0
24;26;1;0.0
24;26;2;0.0
24;27;1;0.0
24;27;2;0.0
24;28;1;0.0
24;28;2;0.0
24;29;1;0.0
24;29;2;0.0
24;30;1;0.0
24;30;2;0.0
24;31;1;0.0
24;31;2;0.0
24;32;1;0.0
24;32;2;0.0
24;33;1;0.0
24;33;2;0.0
24;34;1;0.0
24;34;2;0.0
24;35;1;0.0
24;35;2;0.0
24;36;1;0.0
24;36;2;0.0
24;37;1;0.0
24;37;2;0.0
24;38;1;0.0
24;38;2;0.0
24;39;1;0.0
24;39;2;0.0
24;40;1;0.0
24;40;2;0.0
24;41;1;0.0
24;41;2;0.0
24;42;1;0.0
24;42;2;0.0
24;43;1;0.0
24;43;2;0.0
24;44;1;0.0
24;44;2;0.0
24;45;1;0.0
24;45;2;0.0
24;46;1;0.0
24;46;2;0.0
24;47;1;0.0
24;47;2;0.0
24;48;1;0.0
24;48;2;0.0
24;49;1;0.0
24;49;2;0.0
24;50;1;0.0
24;50;2;0.0
24;51;1;0.0
24;51;2;0.0
24;52;1;0.0
24;52;2;0.0
24;53;1;0.0
24;53;2;0.0
24;54;1;0.0
24;54;2;0.0
24;55;1;0.0
24;55;2;0.0
24;56;1;0.0
24;56;2;0.0
24;57;1;0.0
24;57;2;0.0
24;58;1;0.0
24;58;2;0.0
24;59;1;0.0
24;59;2;0.0
24;60;1;0.0
24;60;2;0.0
24;61;1;0.0
24;61;2;0.0
24;62;1;0.0
24;62;2;0.0
24;63;1;0.0
24;63;2;0.0
24;64;1;0.0
24;64;2;0.0
24;65;1;0.0
24;65;2;0.0
24;66;1;0.0
24;66;2;0.0
24;67;1;0.0
24;67;2;0.0
24;68;1;0.0
24;68;2;0.0
24;69;1;0.0
24;69;2;0.0
24;70;1;0.0
24;70;2;0.0
24;71;1;0.0
24;71;2;0.0
24;72;1;0.0
24;72;2;0.0
24;73;1;0.0
24;73;2;0.0
24;74;1;0.0
24;74;2;0.0
24;75;1;0.0
24;75;2;0.0
24;76;1;0.0
24;76;2;0.0
24;77;1;0.0
24;77;2;0.0
24;78;1;0.0
24;78;2;0.0
24;79;1;0.0
24;79;2;0.0
24;80;1;0.0
24;80;2;0.0
24;81;1;0.0
24;81;2;0.0
24;82;1;0.0
24;82;2;0.0
24;83;1;0.0
24;83;2;0.0
24;84;1;0.0
24;84;2;0.0
24;85;1;0.0
24;85;2;0.0
24;86;1;0.0
24;86;2;0.0
24;87;1;0.0
24;87;2;0.0
24;88;1;0.0
24;88;2;0.0
24;89;1;0.0
24;89;2;0.0
24;90;1;0.0
24;90;2;0.0
24;91;1;0.0
24;91;2;0.0
24;92;1;0.0
24;92;2;0.0
24;93;1;0.0
24;93;2;0.0
24;94;1;0.0
24;94;2;0.0
24;95;1;0.0
24;95;2;0.0
24;96;1;0.0
24;96;2;0.0
24;97;1;0.0
24;97;2;0.0
24;98;1;0.0
24;98;2;0.0
24;99;1;0.0
24;99;2;0.0
24;100;1;0.0
24;100;2;0.0
24;101;1;0.0
24;101;2;0.0
24;102;1;0.0
24;102;2;0.0
24;103;1;0.0
24;103;2;0.0
24;104;1;0.0
24;104;2;0.0
24;105;1;0.0
24;105;2;0.0
24;106;1;0.0
24;106;2;0.0
24;107;1;0.0
24;107;2;0.0
24;108;1;0.0
24;108;2;0.0
24;109;1;0.0
24;109;2;0.0
24;110;1;0.0
24;110;2;0.0
24;111;1;0.0
24;111;2;0.0
24;112;1;0.0
24;112;2;0.0
24;113;1;0.0
24;113;2;0.0
24;114;1;0.0
24;114;2;0.0
24;115;1;0.0
24;115;2;0.0
24;116;1;0.0
24;116;2;0.0
24;117;1;0.0
24;117;2;0.0
24;118;1;0.0
24;118;2;0.0
24;119;1;0.0
24;119;2;0.0
24;120;1;0.0
24;120;2;0.0
24;121;1;0.0
24;121;2;0.0
24;122;1;0.0
24;122;2;0.0
24;123;1;0.0
24;123;2;0.0
24;124;1;0.0
24;124;2;0.0
24;125;1;0.0
24;125;2;0.0
24;126;1;0.0
24;126;2;0.0
24;127;1;0.0
24;127;2;0.0
24;128;1;0.0
24;128;2;0.0
24;129;1;0.0
24;129;2;0.0
24;130;1;0.0
24;130;2;0.0
24;131;1;0.0
24;131;2;0.0
24;132;1;0.0
24;132;2;0.0
24;133;1;0.0
24;133;2;0.0
24;134;1;0.0
24;134;2;0.0
24;135;1;0.0
24;135;2;0.0
24;136;1;0.0
24;136;2;0.0
24;137;1;0.0
24;137;2;0.0
24;138;1;0.0
24;138;2;0.0
24;139;1;0.0
24;139;2;0.0
24;140;1;0.0
24;140;2;0.0
24;141;1;0.0
24;141;2;0.0
24;142;1;0.0
24;142;2;0.0
24;143;1;0.0
24;143;2;0.0
24;144;1;0.0
24;144;2;0.0
24;145;1;0.0
24;145;2;0.0
24;146;1;0.0
24;146;2;0.0
24;147;1;0.0
24;147;2;0.0
24;148;1;0.0
24;148;2;0.0
24;149;1;0.0
24;149;2;0.0
24;150;1;0.0
24;150;2;0.0
24;151;1;0.0
24;151;2;0.0
24;152;1;0.0
24;152;2;0.0
24;153;1;0.0
24;153;2;0.0
24;154;1;0.0
24;154;2;0.0
24;155;1;0.0
24;155;2;0.0
24;156;1;0.0
24;156;2;0.0
24;157;1;0.0
24;157;2;0.0
24;158;1;0.0
24;158;2;0.0
24;159;1;0.0
24;159;2;0.0
24;160;1;0.0
24;160;2;0.0
24;161;1;0.0
24;161;2;0.0
24;162;1;0.0
24;162;2;0.0
24;163;1;0.0
24;163;2;0.0
24;164;1;0.0
24;164;2;0.0
24;165;1;0.0
24;165;2;0.0
24;166;1;0.0
24;166;2;0.0
24;167;1;0.0
24;167;2;0.0
24;168;1;0.0
24;168;2;0.0
25;1;1;0.0
25;1;2;0.0
25;2;1;0.0
25;2;2;0.0
25;3;1;0.0
25;3;2;0.0
25;4;1;0.0
25;4;2;0.0
25;5;1;0.0
25;5;2;0.0
25;6;1;0.0
25;6;2;0.0
25;7;1;0.0
25;7;2;0.0
25;8;1;0.0
25;8;2;0.0
25;9;1;0.0
25;9;2;0.0
25;10;1;0.0
25;10;2;0.0
25;11;1;0.0
25;11;2;0.0
25;12;1;0.0
25;12;2;0.0
25;13;1;0.0
25;13;2;0.0
25;14;1;0.0
25;14;2;0.0
25;15;1;0.0
25;15;2;0.0
25;16;1;0.0
25;16;2;0.0
25;17;1;0.0
25;17;2;0.0
25;18;1;0.0
25;18;2;0.0
25;19;1;0.0
25;19;2;0.0
25;20;1;0.0
25;20;2;0.0
25;21;1;0.0
25;21;2;0.0
25;22;1;0.0
25;22;2;0.0
25;23;1;0.0
25;23;2;0.0
25;24;1;0.0
25;24;2;0.0
25;25;1;0.0
25;25;2;0.0
25;26;1;0.0
25;26;2;0.0
25;27;1;0.0
25;27;2;0.0
25;28;1;0.0
25;28;2;0.0
25;29;1;0.0
25;29;2;0.0
25;30;1;0.0
25;30;2;0.0
25;31;1;0.0
25;31;2;0.0
25;32;1;0.0
25;32;2;0.0
25;33;1;0.0
25;33;2;0.0
25;34;1;0.0
25;34;2;0.0
25;35;1;0.0
25;35;2;0.0
25;36;1;0.0
25;36;2;0.0
25;37;1;0.0
25;37;2;0.0
25;38;1;0.0
25;38;2;0.0
25;39;1;0.0
25;39;2;0.0
25;40;1;0.0
25;40;2;0.0
25;41;1;0.0
25;41;2;0.0
25;42;1;0.0
25;42;2;0.0
25;43;1;0.0
25;43;2;0.0
25;44;1;0.0
25;44;2;0.0
25;45;1;0.0
25;45;2;0.0
25;46;1;0.0
25;46;2;0.0
25;47;1;0.0
25;47;2;0.0
25;48;1;0.0
25;48;2;0.0
25;49;1;0.0
25;49;2;0.0
25;50;1;0.0
25;50;2;0.0
25;51;1;0.0
25;51;2;0.0
25;52;1;0.0
25;52;2;0.0
25;53;1;0.0
25;53;2;0.0
25;54;1;0.0
25;54;2;0.0
25;55;1;0.0
25;55;2;0.0
25;56;1;0.0
25;56;2;0.0
25;57;1;0.0
25;57;2;0.0
25;58;1;0.0
25;58;2;0.0
25;59;1;0.0
25;59;2;0.0
25;60;1;0.0
25;60;2;0.0
25;61;1;0.0
25;61;2;0.0
25;62;1;0.0
25;62;2;0.0
25;63;1;0.0
25;63;2;0.0
25;64;1;0.0
25;64;2;0.0
25;65;1;0.0
25;65;2;0.0
25;66;1;0.0
25;66;2;0.0
25;67;1;0.0
25;67;2;0.0
25;68;1;0.0
25;68;2;0.0
25;69;1;0.0
25;69;2;0.0
25;70;1;0.0
25;70;2;0.0
25;71;1;0.0
25;71;2;0.0
25;72;1;0.0
25;72;2;0.0
25;73;1;0.0
25;73;2;0.0
25;74;1;0.0
25;74;2;0.0
25;75;1;0.0
25;75;2;0.0
25;76;1;0.0
25;76;2;0.0
25;77;1;0.0
25;77;2;0.0
25;78;1;0.0
25;78;2;0.0
25;79;1;0.0
25;79;2;0.0
25;80;1;0.0
25;80;2;0.0
25;81;1;0.0
25;81;2;0.0
25;82;1;0.0
25;82;2;0.0
25;83;1;0.0
25;83;2;0.0
25;84;1;0.0
25;84;2;0.0
25;85;1;0.0
25;85;2;0.0
25;86;1;0.0
25;86;2;0.0
25;87;1;0.0
25;87;2;0.0
25;88;1;0.0
25;88;2;0.0
25;89;1;0.0
25;89;2;0.0
25;90;1;0.0
25;90;2;0.0
25;91;1;0.0
25;91;2;0.0
25;92;1;0.0
25;92;2;0.0
25;93;1;0.0
25;93;2;0.0
25;94;1;0.0
25;94;2;0.0
25;95;1;0.0
25;95;2;0.0
25;96;1;0.0
25;96;2;0.0
25;97;1;0.0
25;97;2;0.0
25;98;1;0.0
25;98;2;0.0
25;99;1;0.0
25;99;2;0.0
25;100;1;0.0
25;100;2;0.0
25;101;1;0.0
25;101;2;0.0
25;102;1;0.0
25;102;2;0.0
25;103;1;0.0
25;103;2;0.0
25;104;1;0.0
25;104;2;0.0
25;105;1;0.0
25;105;2;0.0
25;106;1;0.0
25;106;2;0.0
25;107;1;0.0
25;107;2;0.0
25;108;1;0.0
25;108;2;0.0
25;109;1;0.0
25;109;2;0.0
25;110;1;0.0
25;110;2;0.0
25;111;1;0.0
25;111;2;0.0
25;112;1;0.0
25;112;2;0.0
25;113;1;0.0
25;113;2;0.0
25;114;1;0.0
25;114;2;0.0
25;115;1;0.0
25;115;2;0.0
25;116;1;0.0
25;116;2;0.0
25;117;1;0.0
25;117;2;0.0
25;118;1;0.0
25;118;2;0.0
25;119;1;0.0
25;119;2;0.0
25;120;1;0.0
25;120;2;0.0
25;121;1;0.0
25;121;2;0.0
25;122;1;0.0
25;122;2;0.0
25;123;1;0.0
25;123;2;0.0
25;124;1;0.0
25;124;2;0.0
25;125;1;0.0
25;125;2;0.0
25;126;1;0.0
25;126;2;0.0
25;127;1;0.0
25;127;2;0.0
25;128;1;0.0
25;128;2;0.0
25;129;1;0.0
25;129;2;0.0
25;130;1;0.0
25;130;2;0.0
25;131;1;0.0
25;131;2;0.0
25;132;1;0.0
25;132;2;0.0
25;133;1;0.0
25;133;2;0.0
25;134;1;0.0
25;134;2;0.0
25;135;1;0.0
25;135;2;0.0
25;136;1;0.0
25;136;2;0.0
25;137;1;0.0
25;137;2;0.0
25;138;1;0.0
25;138;2;0.0
25;139;1;0.0
25;139;2;0.0
25;140;1;0.0
25;140;2;0.0
25;141;1;0.0
25;141;2;0.0
25;142;1;0.0
25;142;2;0.0
25;143;1;0.0
25;143;2;0.0
25;144;1;0.0
25;144;2;0.0
25;145;1;0.0
25;145;2;0.0
25;146;1;0.0
25;146;2;0.0
25;147;1;0.0
25;147;2;0.0
25;148;1;0.0
25;148;2;0.0
25;149;1;0.0
25;149;2;0.0
25;150;1;0.0
25;150;2;0.0
25;151;1;0.0
25;151;2;0.0
25;152;1;0.0
25;152;2;0.0
25;153;1;0.0
25;153;2;0.0
25;154;1;0.0
25;154;2;0.0
25;155;1;0.0
25;155;2;0.0
25;156;1;0.0
25;156;2;0.0
25;157;1;0.0
25;157;2;0.0
25;158;1;0.0
25;158;2;0.0
25;159;1;0.0
25;159;2;0.0
25;160;1;0.0
25;160;2;0.0
25;161;1;0.0
25;161;2;0.0
25;162;1;0.0
25;162;2;0.0
25;163;1;0.0
25;163;2;0.0
25;164;1;0.0
25;164;2;0.0
25;165;1;0.0
25;165;2;0.0
25;166;1;0.0
25;166;2;0.0
25;167;1;0.0
25;167;2;0.0
25;168;1;0.0
25;168;2;0.0
26;1;1;10.738131506850303
26;1;2;4.479229293100291e-14
26;2;1;10.738131506209609
26;2;2;4.479229293100291e-14
26;3;1;10.738131506850303
26;3;2;4.479229293100291e-14
26;4;1;10.738131506204178
26;4;2;4.479229293100291e-14
26;5;1;10.738131506850303
26;5;2;4.479229293100291e-14
26;6;1;10.7381315061934
26;6;2;4.479229293100291e-14
26;7;1;10.738131506850303
26;7;2;4.479229293100291e-14
26;8;1;10.738131506196124
26;8;2;4.479229293100291e-14
26;9;1;-1.5881867761018131e-21
26;9;2;1.7375962742442038e-22
26;10;1;2.3173017722359015e-10
26;10;2;1.7375962742442038e-22
26;11;1;-1.5881867761018131e-21
26;11;2;1.7375962742442038e-22
26;12;1;2.32247566279292e-10
26;12;2;1.7375962742442038e-22
26;13;1;-1.5881867761018131e-21
26;13;2;1.7375962742442038e-22
26;14;1;2.318955673132482e-10
26;14;2;1.7375962742442038e-22
26;15;1;-1.5881867761018131e-21
26;15;2;1.7375962742442038e-22
26;16;1;2.3271256846946046e-10
26;16;2;1.7375962742442038e-22
26;17;1;-1.5881867761018131e-21
26;17;2;1.7375962742442038e-22
26;18;1;2.318658227659546e-10
26;18;2;1.7375962742442038e-22
26;19;1;-1.5881867761018131e-21
26;19;2;1.7375962742442038e-22
26;20;1;2.323116155129304e-10
26;20;2;1.7375962742442038e-22
26;21;1;-1.5881867761018131e-21
26;21;2;1.7375962742442038e-22
26;22;1;2.32009132844483e-10
26;22;2;1.7375962742442038e-22
26;23;1;-1.5881867761018131e-21
26;23;2;1.7375962742442038e-22
26;24;1;2.326956759735499e-10
26;24;2;1.7375962742442038e-22
26;25;1;-1.5881867761018131e-21
26;25;2;1.7375962742442038e-22
26;26;1;2.3173017722359015e-10
26;26;2;1.7375962742442038e-22
26;27;1;-1.5881867761018131e-21
26;27;2;1.7375962742442038e-22
26;28;1;2.32247566279292e-10
26;28;2;1.7375962742442038e-22
26;29;1;-1.5881867761018131e-21
26;29;2;1.7375962742442038e-22
26;30;1;2.318955673132482e-10
26;30;2;1.7375962742442038e-22
26;31;1;-1.5881867761018131e-21
26;31;2;1.7375962742442038e-22
26;32;1;2.3271256846946046e-10
26;32;2;1.7375962742442038e-22
26;33;1;-1.5881867761018131e-21
26;33;2;1.7375962742442038e-22
26;34;1;2.318658227659546e-10
26;34;2;1.7375962742442038e-22
26;35;1;-1.5881867761018131e-21
26;35;2;1.7375962742442038e-22
26;36;1;2.323116155129304e-10
26;36;2;1.7375962742442038e-22
26;37;1;-1.5881867761018131e-21
26;37;2;1.7375962742442038e-22
26;38;1;2.32009132844483e-10
26;38;2;1.7375962742442038e-22
26;39;1;-1.5881867761018131e-21
26;39;2;1.7375962742442038e-22
26;40;1;2.326956759735499e-10
26;40;2;1.7375962742442038e-22
26;41;1;0.0
26;41;2;0.0
26;42;1;4.2374814768209035e-10
26;42;2;0.0
26;43;1;0.0
26;43;2;0.0
26;44;1;4.3358205914501013e-10
26;44;2;0.0
26;45;1;0.0
26;45;2;0.0
26;46;1;4.418740928713305e-10
26;46;2;0.0
26;47;1;0.0
26;47;2;0.0
26;48;1;4.3944048400135216e-10
26;48;2;0.0
26;49;1;0.0
26;49;2;0.0
26;50;1;4.2373926589789335e-10
26;50;2;0.0
26;51;1;0.0
26;51;2;0.0
26;52;1;4.303544187678199e-10
26;52;2;0.0
26;53;1;0.0
26;53;2;0.0
26;54;1;4.4504133711598115e-10
26;54;2;0.0
26;55;1;0.0
26;55;2;0.0
26;56;1;4.3642067737437173e-10
26;56;2;0.0
26;57;1;0.0
26;57;2;0.0
26;58;1;4.249187668392551e-10
26;58;2;0.0
26;59;1;0.0
26;59;2;0.0
26;60;1;4.346834003854383e-10
26;60;2;0.0
26;61;1;0.0
26;61;2;0.0
26;62;1;4.4303227753061947e-10
26;62;2;0.0
26;63;1;0.0
26;63;2;0.0
26;64;1;4.402505027201187e-10
26;64;2;0.0
26;65;1;0.0
26;65;2;0.0
26;66;1;4.3453418641092867e-10
26;66;2;0.0
26;67;1;0.0
26;67;2;0.0
26;68;1;4.3147529993348144e-10
26;68;2;0.0
26;69;1;0.0
26;69;2;0.0
26;70;1;4.3942449678979756e-10
26;70;2;0.0
26;71;1;0.0
26;71;2;0.0
26;72;1;4.404956399639559e-10
26;72;2;0.0
26;73;1;0.0
26;73;2;0.0
26;74;1;4.269402609224926e-10
26;74;2;0.0
26;75;1;0.0
26;75;2;0.0
26;76;1;4.2938097521982854e-10
26;76;2;0.0
26;77;1;0.0
26;77;2;0.0
26;78;1;4.409645981695576e-10
26;78;2;0.0
26;79;1;0.0
26;79;2;0.0
26;80;1;4.38481251308076e-10
26;80;2;0.0
26;81;1;0.0
26;81;2;0.0
26;82;1;4.2376946396416315e-10
26;82;2;0.0
26;83;1;0.0
26;83;2;0.0
26;84;1;4.2935255351039814e-10
26;84;2;0.0
26;85;1;0.0
26;85;2;0.0
26;86;1;4.409592690990394e-10
26;86;2;0.0
26;87;1;0.0
26;87;2;0.0
26;88;1;4.3857006915004604e-10
26;88;2;0.0
26;89;1;0.0
26;89;2;0.0
26;90;1;4.2290437818337523e-10
26;90;2;0.0
26;91;1;0.0
26;91;2;0.0
26;92;1;4.282121324195032e-10
26;92;2;0.0
26;93;1;0.0
26;93;2;0.0
26;94;1;4.4203218863003713e-10
26;94;2;0.0
26;95;1;0.0
26;95;2;0.0
26;96;1;4.411404574966582e-10
26;96;2;0.0
26;97;1;0.0
26;97;2;0.0
26;98;1;4.1650771720469493e-10
26;98;2;0.0
26;99;1;0.0
26;99;2;0.0
26;100;1;4.3139891658938723e-10
26;100;2;0.0
26;101;1;0.0
26;101;2;0.0
26;102;1;4.475566584005719e-10
26;102;2;0.0
26;103;1;0.0
26;103;2;0.0
26;104;1;4.3801229310247436e-10
26;104;2;0.0
26;105;1;0.0
26;105;2;0.0
26;106;1;4.2374814768209035e-10
26;106;2;0.0
26;107;1;0.0
26;107;2;0.0
26;108;1;4.3358205914501013e-10
26;108;2;0.0
26;109;1;0.0
26;109;2;0.0
26;110;1;4.418740928713305e-10
26;110;2;0.0
26;111;1;0.0
26;111;2;0.0
26;112;1;4.3944048400135216e-10
26;112;2;0.0
26;113;1;0.0
26;113;2;0.0
26;114;1;4.2373926589789335e-10
26;114;2;0.0
26;115;1;0.0
26;115;2;0.0
26;116;1;4.303544187678199e-10
26;116;2;0.0
26;117;1;0.0
26;117;2;0.0
26;118;1;4.4504133711598115e-10
26;118;2;0.0
26;119;1;0.0
26;119;2;0.0
26;120;1;4.3642067737437173e-10
26;120;2;0.0
26;121;1;0.0
26;121;2;0.0
26;122;1;4.249187668392551e-10
26;122;2;0.0
26;123;1;0.0
26;123;2;0.0
26;124;1;4.346834003854383e-10
26;124;2;0.0
26;125;1;0.0
26;125;2;0.0
26;126;1;4.4303227753061947e-10
26;126;2;0.0
26;127;1;0.0
26;127;2;0.0
26;128;1;4.402505027201187e-10
26;128;2;0.0
26;129;1;0.0
26;129;2;0.0
26;130;1;4.3453418641092867e-10
26;130;2;0.0
26;131;1;0.0
26;131;2;0.0
26;132;1;4.3147529993348144e-10
26;132;2;0.0
26;133;1;0.0
26;133;2;0.0
26;134;1;4.3942449678979756e-10
26;134;2;0.0
26;135;1;0.0
26;135;2;0.0
26;136;1;4.404956399639559e-10
26;136;2;0.0
26;137;1;0.0
26;137;2;0.0
26;138;1;4.269402609224926e-10
26;138;2;0.0
26;139;1;0.0
26;139;2;0.0
26;140;1;4.2938097521982854e-10
26;140;2;0.0
26;141;1;0.0
26;141;2;0.0
26;142;1;4.409645981695576e-10
26;142;2;0.0
26;143;1;0.0
26;143;2;0.0
26;144;1;4.38481251308076e-10
26;144;2;0.0
26;145;1;0.0
26;145;2;0.0
26;146;1;4.2376946396416315e-10
26;146;2;0.0
26;147;1;0.0
26;147;2;0.0
26;148;1;4.2935255351039814e-10
26;148;2;0.0
26;149;1;0.0
26;149;2;0.0
26;150;1;4.409592690990394e-10
26;150;2;0.0
26;151;1;0.0
26;151;2;0.0
26;152;1;4.3857006915004604e-10
26;152;2;0.0
26;153;1;0.0
26;153;2;0.0
26;154;1;4.2290437818337523e-10
26;154;2;0.0
26;155;1;0.0
26;155;2;0.0
26;156;1;4.282121324195032e-10
26;156;2;0.0
26;157;1;0.0
26;157;2;0.0
26;158;1;4.4203218863003713e-10
26;158;2;0.0
26;159;1;0.0
26;159;2;0.0
26;160;1;4.411404574966582e-10
26;160;2;0.0
26;161;1;0.0
26;161;2;0.0
26;162;1;4.1650771720469493e-10
26;162;2;0.0
26;163;1;0.0
26;163;2;0.0
26;164;1;4.3139891658938723e-10
26;164;2;0.0
26;165;1;0.0
26;165;2;0.0
26;166;1;4.475566584005719e-10
26;166;2;0.0
26;167;1;0.0
26;167;2;0.0
26;168;1;4.3801229310247436e-10
26;168;2;0.0
27;1;1;0.0
27;1;2;0.0
27;2;1;0.0
27;2;2;0.0
27;3;1;0.0
27;3;2;0.0
27;4;1;0.0
27;4;2;0.0
27;5;1;0.0
27;5;2;0.0
27;6;1;0.0
27;6;2;0.0
27;7;1;0.0
27;7;2;0.0
27;8;1;0.0
27;8;2;0.0
27;9;1;0.0
27;9;2;0.0
27;10;1;0.0
27;10;2;0.0
27;11;1;0.0
27;11;2;0.0
27;12;1;0.0
27;12;2;0.0
27;13;1;0.0
27;13;2;0.0
27;14;1;0.0
27;14;2;0.0
27;15;1;0.0
27;15;2;0.0
27;16;1;0.0
27;16;2;0.0
27;17;1;0.0
27;17;2;0.0
27;18;1;0.0
27;18;2;0.0
27;19;1;0.0
27;19;2;0.0
27;20;1;0.0
27;20;2;0.0
27;21;1;0.0
27;21;2;0.0
27;22;1;0.0
27;22;2;0.0
27;23;1;0.0
27;23;2;0.0
27;24;1;0.0
27;24;2;0.0
27;25;1;0.0
27;25;2;0.0
27;26;1;0.0
27;26;2;0.0
27;27;1;0.0
27;27;2;0.0
27;28;1;0.0
27;28;2;0.0
27;29;1;0.0
27;29;2;0.0
27;30;1;0.0
27;30;2;0.0
27;31;1;0.0
27;31;2;0.0
27;32;1;0.0
27;32;2;0.0
27;33;1;0.0
27;33;2;0.0
27;34;1;0.0
27;34;2;0.0
27;35;1;0.0
27;35;2;0.0
27;36;1;0.0
27;36;2;0.0
27;37;1;0.0
27;37;2;0.0
27;38;1;0.0
27;38;2;0.0
27;39;1;0.0
27;39;2;0.0
27;40;1;0.0
27;40;2;0.0
27;41;1;0.0
27;41;2;0.0
27;42;1;0.0
27;42;2;0.0
27;43;1;0.0
27;43;2;0.0
27;44;1;0.0
27;44;2;0.0
27;45;1;0.0
27;45;2;0.0
27;46;1;0.0
27;46;2;0.0
27;47;1;0.0
27;47;2;0.0
27;48;1;0.0
27;48;2;0.0
27;49;1;0.0
27;49;2;0.0
27;50;1;0.0
27;50;2;0.0
27;51;1;0.0
27;51;2;0.0
27;52;1;0.0
27;52;2;0.0
27;53;1;0.0
27;53;2;0.0
27;54;1;0.0
27;54;2;0.0
27;55;1;0.0
27;55;2;0.0
27;56;1;0.0
27;56;2;0.0
27;57;1;0.0
27;57;2;0.0
27;58;1;0.0
27;58;2;0.0
27;59;1;0.0
27;59;2;0.0
27;60;1;0.0
27;60;2;0.0
27;61;1;0.0
27;61;2;0.0
27;62;1;0.0
27;62;2;0.0
27;63;1;0.0
27;63;2;0.0
27;64;1;0.0
27;64;2;0.0
27;65;1;0.0
27;65;2;0.0
27;66;1;0.0
27;66;2;0.0
27;67;1;0.0
27;67;2;0.0
27;68;1;0.0
27;68;2;0.0
27;69;1;0.0
27;69;2;0.0
27;70;1;0.0
27;70;2;0.0
27;71;1;0.0
27;71;2;0.0
27;72;1;0.0
27;72;2;0.0
27;73;1;0.0
27;73;2;0.0
27;74;1;0.0
27;74;2;0.0
27;75;1;0.0
27;75;2;0.0
27;76;1;0.0
27;76;2;0.0
27;77;1;0.0
27;77;2;0.0
27;78;1;0.0
27;78;2;0.0
27;79;1;0.0
27;79;2;0.0
27;80;1;0.0
27;80;2;0.0
27;81;1;0.0
27;81;2;0.0
27;82;1;0.0
27;82;2;0.0
27;83;1;0.0
27;83;2;0.0
27;84;1;0.0
27;84;2;0.0
27;85;1;0.0
27;85;2;0.0
27;86;1;0.0
27;86;2;0.0
27;87;1;0.0
27;87;2;0.0
27;88;1;0.0
27;88;2;0.0
27;89;1;0.0
27;89;2;0.0
27;90;1;0.0
27;90;2;0.0
27;91;1;0.0
27;91;2;0.0
27;92;1;0.0
27;92;2;0.0
27;93;1;0.0
27;93;2;0.0
27;94;1;0.0
27;94;2;0.0
27;95;1;0.0
27;95;2;0.0
27;96;1;0.0
27;96;2;0.0
27;97;1;0.0
27;97;2;0.0
27;98;1;0.0
27;98;2;0.0
27;99;1;0.0
27;99;2;0.0
27;100;1;0.0
27;100;2;0.0
27;101;1;0.0
27;101;2;0.0
27;102;1;0.0
27;102;2;0.0
27;103;1;0.0
27;103;2;0.0
27;104;1;0.0
27;104;2;0.0
27;105;1;0.0
27;105;2;0.0
27;106;1;0.0
27;106;2;0.0
27;107;1;0.0
27;107;2;0.0
27;108;1;0.0
27;108;2;0.0
27;109;1;0.0
27;109;2;0.0
27;110;1;0.0
27;110;2;0.0
27;111;1;0.0
27;111;2;0.0
27;112;1;0.0
27;112;2;0.0
27;113;1;0.0
27;113;2;0.0
27;114;1;0.0
27;114;2;0.0
27;115;1;0.0
27;115;2;0.0
27;116;1;0.0
27;116;2;0.0
27;117;1;0.0
27;117;2;0.0
27;118;1;0.0
27;118;2;0.0
27;119;1;0.0
27;119;2;0.0
27;120;1;0.0
27;120;2;0.0
27;121;1;0.0
27;121;2;0.0
27;122;1;0.0
27;122;2;0.0
27;123;1;0.0
27;123;2;0.0
27;124;1;0.0
27;124;2;0.0
27;125;1;0.0
27;125;2;0.0
27;126;1;0.0
27;126;2;0.0
27;127;1;0.0
27;127;2;0.0
27;128;1;0.0
27;128;2;0.0
27;129;1;0.0
27;129;2;0.0
27;130;1;0.0
27;130;2;0.0
27;131;1;0.0
27;131;2;0.0
27;132;1;0.0
27;132;2;0.0
27;133;1;0.0
27;133;2;0.0
27;134;1;0.0
27;134;2;0.0
27;135;1;0.0
27;135;2;0.0
27;136;1;0.0
27;136;2;0.0
27;137;1;0.0
27;137;2;0.0
27;138;1;0.0
27;138;2;0.0
27;139;1;0.0
27;139;2;0.0
27;140;1;0.0
27;140;2;0.0
27;141;1;0.0
27;141;2;0.0
27;142;1;0.0
27;142;2;0.0
27;143;1;0.0
27;143;2;0.0
27;144;1;0.0
27;144;2;0.0
27;145;1;0.0
27;145;2;0.0
27;146;1;0.0
27;146;2;0.0
27;147;1;0.0
27;147;2;0.0
27;148;1;0.0
27;148;2;0.0
27;149;1;0.0
27;149;2;0.0
27;150;1;0.0
27;150;2;0.0
27;151;1;0.0
27;151;2;0.0
27;152;1;0.0
27;152;2;0.0
27;153;1;0.0
27;153;2;0.0
27;154;1;0.0
27;154;2;0.0
27;155;1;0.0
27;155;2;0.0
27;156;1;0.0
27;156;2;0.0
27;157;1;0.0
27;157;2;0.0
27;158;1;0.0
27;158;2;0.0
27;159;1;0.0
27;159;2;0.0
27;160;1;0.0
27;160;2;0.0
27;161;1;0.0
27;161;2;0.0
27;162;1;0.0
27;162;2;0.0
27;163;1;0.0
27;163;2;0.0
27;164;1;0.0
27;164;2;0.0
27;165;1;0.0
27;165;2;0.0
27;166;1;0.0
27;166;2;0.0
27;167;1;0.0
27;167;2;0.0
27;168;1;0.0
27;168;2;0.0
28;1;1;0.0
28;1;2;0.0
28;2;1;0.0
28;2;2;0.0
28;3;1;0.0
28;3;2;0.0
28;4;1;0.0
28;4;2;0.0
28;5;1;0.0
28;5;2;0.0
28;6;1;0.0
28;6;2;0.0
28;7;1;0.0
28;7;2;0.0
28;8;1;0.0
28;8;2;0.0
28;9;1;0.0
28;9;2;0.0
28;10;1;0.0
28;10;2;0.0
28;11;1;0.0
28;11;2;0.0
28;12;1;0.0
28;12;2;0.0
28;13;1;0.0
28;13;2;0.0
28;14;1;0.0
28;14;2;0.0
28;15;1;0.0
28;15;2;0.0
28;16;1;0.0
28;16;2;0.0
28;17;1;0.0
28;17;2;0.0
28;18;1;0.0
28;18;2;0.0
28;19;1;0.0
28;19;2;0.0
28;20;1;0.0
28;20;2;0.0
28;21;1;0.0
28;21;2;0.0
28;22;1;0.0
28;22;2;0.0
28;23;1;0.0
28;23;2;0.0
28;24;1;0.0
28;24;2;0.0
28;25;1;0.0
28;25;2;0.0
28;26;1;0.0
28;26;2;0.0
28;27;1;0.0
28;27;2;0.0
28;28;1;0.0
28;28;2;0.0
28;29;1;0.0
28;29;2;0.0
28;30;1;0.0
28;30;2;0.0
28;31;1;0.0
28;31;2;0.0
28;32;1;0.0
28;32;2;0.0
28;33;1;0.0
28;33;2;0.0
28;34;1;0.0
28;34;2;0.0
28;35;1;0.0
28;35;2;0.0
28;36;1;0.0
28;36;2;0.0
28;37;1;0.0
28;37;2;0.0
28;38;1;0.0
28;38;2;0.0
28;39;1;0.0
28;39;2;0.0
28;40;1;0.0
28;40;2;0.0
28;41;1;0.0
28;41;2;0.0
28;42;1;0.0
28;42;2;0.0
28;43;1;0.0
28;43;2;0.0
28;44;1;0.0
28;44;2;0.0
28;45;1;0.0
28;45;2;0.0
28;46;1;0.0
28;46;2;0.0
28;47;1;0.0
28;47;2;0.0
28;48;1;0.0
28;48;2;0.0
28;49;1;0.0
28;49;2;0.0
28;50;1;0.0
28;50;2;0.0
28;51;1;0.0
28;51;2;0.0
28;52;1;0.0
28;52;2;0.0
28;53;1;0.0
28;53;2;0.0
28;54;1;0.0
28;54;2;0.0
28;55;1;0.0
28;55;2;0.0
28;56;1;0.0
28;56;2;0.0
28;57;1;0.0
28;57;2;0.0
28;58;1;0.0
28;58;2;0.0
28;59;1;0.0
28;59;2;0.0
28;60;1;0.0
28;60;2;0.0
28;61;1;0.0
28;61;2;0.0
28;62;1;0.0
28;62;2;0.0
28;63;1;0.0
28;63;2;0.0
28;64;1;0.0
28;64;2;0.0
28;65;1;0.0
28;65;2;0.0
28;66;1;0.0
28;66;2;0.0
28;67;1;0.0
28;67;2;0.0
28;68;1;0.0
28;68;2;0.0
28;69;1;0.0
28;69;2;0.0
28;70;1;0.0
28;70;2;0.0
28;71;1;0.0
28;71;2;0.0
28;72;1;0.0
28;72;2;0.0
28;73;1;0.0
28;73;2;0.0
28;74;1;0.0
28;74;2;0.0
28;75;1;0.0
28;75;2;0.0
28;76;1;0.0
28;76;2;0.0
28;77;1;0.0
28;77;2;0.0
28;78;1;0.0
28;78;2;0.0
28;79;1;0.0
28;79;2;0.0
28;80;1;0.0
28;80;2;0.0
28;81;1;0.0
28;81;2;0.0
28;82;1;0.0
28;82;2;0.0
28;83;1;0.0
28;83;2;0.0
28;84;1;0.0
28;84;2;0.0
28;85;1;0.0
28;85;2;0.0
28;86;1;0.0
28;86;2;0.0
28;87;1;0.0
28;87;2;0.0
28;88;1;0.0
28;88;2;0.0
28;89;1;0.0
28;89;2;0.0
28;90;1;0.0
28;90;2;0.0
28;91;1;0.0
28;91;2;0.0
28;92;1;0.0
28;92;2;0.0
28;93;1;0.0
28;93;2;0.0
28;94;1;0.0
28;94;2;0.0
28;95;1;0.0
28;95;2;0.0
28;96;1;0.0
28;96;2;0.0
28;97;1;0.0
28;97;2;0.0
28;98;1;0.0
28;98;2;0.0
28;99;1;0.0
28;99;2;0.0
28;100;1;0.0
28;100;2;0.0
28;101;1;0.0
28;101;2;0.0
28;102;1;0.0
28;102;2;0.0
28;103;1;0.0
28;103;2;0.0
28;104;1;0.0
28;104;2;0.0
28;105;1;0.0
28;105;2;0.0
28;106;1;0.0
28;106;2;0.0
28;107;1;0.0
28;107;2;0.0
28;108;1;0.0
28;108;2;0.0
28;109;1;0.0
28;109;2;0.0
28;110;1;0.0
28;110;2;0.0
28;111;1;0.0
28;111;2;0.0
28;112;1;0.0
28;112;2;0.0
28;113;1;0.0
28;113;2;0.0
28;114;1;0.0
28;114;2;0.0
28;115;1;0.0
28;115;2;0.0
28;116;1;0.0
28;116;2;0.0
28;117;1;0.0
28;117;2;0.0
28;118;1;0.0
28;118;2;0.0
28;119;1;0.0
28;119;2;0.0
28;120;1;0.0
28;120;2;0.0
28;121;1;0.0
28;121;2;0.0
28;122;1;0.0
28;122;2;0.0
28;123;1;0.0
28;123;2;0.0
28;124;1;0.0
28;124;2;0.0
28;125;1;0.0
28;125;2;0.0
28;126;1;0.0
28;126;2;0.0
28;127;1;0.0
28;127;2;0.0
28;128;1;0.0
28;128;2;0.0
28;129;1;0.0
28;129;2;0.0
28;130;1;0.0
28;130;2;0.0
28;131;1;0.0
28;131;2;0.0
28;132;1;0.0
28;132;2;0.0
28;133;1;0.0
28;133;2;0.0
28;134;1;0.0
28;134;2;0.0
28;135;1;0.0
28;135;2;0.0
28;136;1;0.0
28;136;2;0.0
28;137;1;0.0
28;137;2;0.0
28;138;1;0.0
28;138;2;0.0
28;139;1;0.0
28;139;2;0.0
28;140;1;0.0
28;140;2;0.0
28;141;1;0.0
28;141;2;0.0
28;142;1;0.0
28;142;2;0.0
28;143;1;0.0
28;143;2;0.0
28;144;1;0.0
28;144;2;0.0
28;145;1;0.0
28;145;2;0.0
28;146;1;0.0
28;146;2;0.0
28;147;1;0.0
28;147;2;0.0
28;148;1;0.0
28;148;2;0.0
28;149;1;0.0
28;149;2;0.0
28;150;1;0.0
28;150;2;0.0
28;151;1;0.0
28;151;2;0.0
28;152;1;0.0
28;152;2;0.0
28;153;1;0.0
28;153;2;0.0
28;154;1;0.0
28;154;2;0.0
28;155;1;0.0
28;155;2;0.0
28;156;1;0.0
28;156;2;0.0
28;157;1;0.0
28;157;2;0.0
28;158;1;0.0
28;158;2;0.0
28;159;1;0.0
28;159;2;0.0
28;160;1;0.0
28;160;2;0.0
28;161;1;0.0
28;161;2;0.0
28;162;1;0.0
28;162;2;0.0
28;163;1;0.0
28;163;2;0.0
28;164;1;0.0
28;164;2;0.0
28;165;1;0.0
28;165;2;0.0
28;166;1;0.0
28;166;2;0.0
28;167;1;0.0
28;167;2;0.0
28;168;1;0.0
28;168;2;0.0
29;1;1;4.479229293100291e-14
29;1;2;4.479229293100291e-14
29;2;1;4.479229293100291e-14
29;2;2;4.479229293100291e-14
29;3;1;4.479229293100291e-14
29;3;2;4.479229293100291e-14
29;4;1;4.479229293100291e-14
29;4;2;4.479229293100291e-14
29;5;1;4.479229293100291e-14
29;5;2;4.479229293100291e-14
29;6;1;4.479229293100291e-14
29;6;2;4.479229293100291e-14
29;7;1;4.479229293100291e-14
29;7;2;4.479229293100291e-14
29;8;1;4.479229293100291e-14
29;8;2;4.479229293100291e-14
29;9;1;1.7375962742442038e-22
29;9;2;1.7375962742442038e-22
29;10;1;1.7375962742442038e-22
29;10;2;1.7375962742442038e-22
29;11;1;1.7375962742442038e-22
29;11;2;1.7375962742442038e-22
29;12;1;1.7375962742442038e-22
29;12;2;1.7375962742442038e-22
29;13;1;1.7375962742442038e-22
29;13;2;1.7375962742442038e-22
29;14;1;1.7375962742442038e-22
29;14;2;1.7375962742442038e-22
29;15;1;1.7375962742442038e-22
29;15;2;1.7375962742442038e-22
29;16;1;1.7375962742442038e-22
29;16;2;1.7375962742442038e-22
29;17;1;1.7375962742442038e-22
29;17;2;1.7375962742442038e-22
29;18;1;1.7375962742442038e-22
29;18;2;1.7375962742442038e-22
29;19;1;1.7375962742442038e-22
29;19;2;1.7375962742442038e-22
29;20;1;1.7375962742442038e-22
29;20;2;1.7375962742442038e-22
29;21;1;1.7375962742442038e-22
29;21;2;1.7375962742442038e-22
29;22;1;1.7375962742442038e-22
29;22;2;1.7375962742442038e-22
29;23;1;1.7375962742442038e-22
29;23;2;1.7375962742442038e-22
29;24;1;1.7375962742442038e-22
29;24;2;1.7375962742442038e-22
29;25;1;1.7375962742442038e-22
29;25;2;1.7375962742442038e-22
29;26;1;1.7375962742442038e-22
29;26;2;1.7375962742442038e-22
29;27;1;1.7375962742442038e-22
29;27;2;1.7375962742442038e-22
29;28;1;1.7375962742442038e-22
29;28;2;1.7375962742442038e-22
29;29;1;1.7375962742442038e-22
29;29;2;1.7375962742442038e-22
29;30;1;1.7375962742442038e-22
29;30;2;1.7375962742442038e-22
29;31;1;1.7375962742442038e-22
29;31;2;1.7375962742442038e-22
29;32;1;1.7375962742442038e-22
29;32;2;1.7375962742442038e-22
29;33;1;1.7375962742442038e-22
29;33;2;1.7375962742442038e-22
29;34;1;1.7375962742442038e-22
29;34;2;1.7375962742442038e-22
29;35;1;1.7375962742442038e-22
29;35;2;1.7375962742442038e-22
29;36;1;1.7375962742442038e-22
29;36;2;1.7375962742442038e-22
29;37;1;1.7375962742442038e-22
29;37;2;1.7375962742442038e-22
29;38;1;1.7375962742442038e-22
29;38;2;1.7375962742442038e-22
29;39;1;1.7375962742442038e-22
29;39;2;1.7375962742442038e-22
29;40;1;1.7375962742442038e-22
29;40;2;1.7375962742442038e-22
29;41;1;0.0
29;41;2;0.0
29;42;1;0.0
29;42;2;0.0
29;43;1;0.0
29;43;2;0.0
29;44;1;0.0
29;44;2;0.0
29;45;1;0.0
29;45;2;0.0
29;46;1;0.0
29;46;2;0.0
29;47;1;0.0
29;47;2;0.0
29;48;1;0.0
29;48;2;0.0
29;49;1;0.0
29;49;2;0.0
29;50;1;0.0
29;50;2;0.0
29;51;1;0.0
29;51;2;0.0
29;52;1;0.0
29;52;2;0.0
29;53;1;0.0
29;53;2;0.0
29;54;1;0.0
29;54;2;0.0
29;55;1;0.0
29;55;2;0.0
29;56;1;0.0
29;56;2;0.0
29;57;1;0.0
29;57;2;0.0
29;58;1;0.0
29;58;2;0.0
29;59;1;0.0
29;59;2;0.0
29;60;1;0.0
29;60;2;0.0
29;61;1;0.0
29;61;2;0.0
29;62;1;0.0
29;62;2;0.0
29;63;1;0.0
29;63;2;0.0
29;64;1;0.0
29;64;2;0.0
29;65;1;0.0
29;65;2;0.0
29;66;1;0.0
29;66;2;0.0
29;67;1;0.0
29;67;2;0.0
29;68;1;0.0
29;68;2;0.0
29;69;1;0.0
29;69;2;0.0
29;70;1;0.0
29;70;2;0.0
29;71;1;0.0
29;71;2;0.0
29;72;1;0.0
29;72;2;0.0
29;73;1;0.0
29;73;2;0.0
29;74;1;0.0
29;74;2;0.0
29;75;1;0.0
29;75;2;0.0
29;76;1;0.0
29;76;2;0.0
29;77;1;0.0
29;77;2;0.0
29;78;1;0.0
29;78;2;0.0
29;79;1;0.0
29;79;2;0.0
29;80;1;0.0
29;80;2;0.0
29;81;1;0.0
29;81;2;0.0
29;82;1;0.0
29;82;2;0.0
29;83;1;0.0
29;83;2;0.0
29;84;1;0.0
29;84;2;0.0
29;85;1;0.0
29;85;2;0.0
29;86;1;0.0
29;86;2;0.0
29;87;1;0.0
29;87;2;0.0
29;88;1;0.0
29;88;2;0.0
29;89;1;0.0
29;89;2;0.0
29;90;1;0.0
29;90;2;0.0
29;91;1;0.0
29;91;2;0.0
29;92;1;0.0
29;92;2;0.0
29;93;1;0.0
29;93;2;0.0
29;94;1;0.0
29;94;2;0.0
29;95;1;0.0
29;95;2;0.0
29;96;1;0.0
29;96;2;0.0
29;97;1;0.0
29;97;2;0.0
29;98;1;0.0
29;98;2;0.0
29;99;1;0.0
29;99;2;0.0
29;100;1;0.0
29;100;2;0.0
29;101;1;0.0
29;101;2;0.0
29;102;1;0.0
29;102;2;0.0
29;103;1;0.0
29;103;2;0.0
29;104;1;0.0
29;104;2;0.0
29;105;1;0.0
29;105;2;0.0
29;106;1;0.0
29;106;2;0.0
29;107;1;0.0
29;107;2;0.0
29;108;1;0.0
29;108;2;0.0
29;109;1;0.0
29;109;2;0.0
29;110;1;0.0
29;110;2;0.0
29;111;1;0.0
29;111;2;0.0
29;112;1;0.0
29;112;2;0.0
29;113;1;0.0
29;113;2;0.0
29;114;1;0.0
29;114;2;0.0
29;115;1;0.0
29;115;2;0.0
29;116;1;0.0
29;116;2;0.0
29;117;1;0.0
29;117;2;0.0
29;118;1;0.0
29;118;2;0.0
29;119;1;0.0
29;119;2;0.0
29;120;1;0.0
29;120;2;0.0
29;121;1;0.0
29;121;2;0.0
29;122;1;0.0
29;122;2;0.0
29;123;1;0.0
29;123;2;0.0
29;124;1;0.0
29;124;2;0.0
29;125;1;0.0
29;125;2;0.0
29;126;1;0.0
29;126;2;0.0
29;127;1;0.0
29;127;2;0.0
29;128;1;0.0
29;128;2;0.0
29;129;1;0.0
29;129;2;0.0
29;130;1;0.0
29;130;2;0.0
29;131;1;0.0
29;131;2;0.0
29;132;1;0.0
29;132;2;0.0
29;133;1;0.0
29;133;2;0.0
29;134;1;0.0
29;134;2;0.0
29;135;1;0.0
29;135;2;0.0
29;136;1;0.0
29;136;2;0.0
29;137;1;0.0
29;137;2;0.0
29;138;1;0.0
29;138;2;0.0
29;139;1;0.0
29;139;2;0.0
29;140;1;0.0
29;140;2;0.0
29;141;1;0.0
29;141;2;0.0
29;142;1;0.0
29;142;2;0.0
29;143;1;0.0
29;143;2;0.0
29;144;1;0.0
29;144;2;0.0
29;145;1;0.0
29;145;2;0.0
29;146;1;0.0
29;146;2;0.0
29;147;1;0.0
29;147;2;0.0
29;148;1;0.0
29;148;2;0.0
29;149;1;0.0
29;149;2;0.0
29;150;1;0.0
29;150;2;0.0
29;151;1;0.0
29;151;2;0.0
29;152;1;0.0
29;152;2;0.0
29;153;1;0.0
29;153;2;0.0
29;154;1;0.0
29;154;2;0.0
29;155;1;0.0
29;155;2;0.0
29;156;1;0.0
29;156;2;0.0
29;157;1;0.0
29;157;2;0.0
29;158;1;0.0
29;158;2;0.0
29;159;1;0.0
29;159;2;0.0
29;160;1;0.0
29;160;2;0.0
29;161;1;0.0
29;161;2;0.0
29;162;1;0.0
29;162;2;0.0
29;163;1;0.0
29;163;2;0.0
29;164;1;0.0
29;164;2;0.0
29;165;1;0.0
29;165;2;0.0
29;166;1;0.0
29;166;2;0.0
29;167;1;0.0
29;167;2;0.0
29;168;1;0.0
29;168;2;0.0
30;1;1;0.0
30;1;2;0.0
30;2;1;0.0
30;2;2;0.0
30;3;1;0.0
30;3;2;0.0
30;4;1;0.0
30;4;2;0.0
30;5;1;0.0
30;5;2;0.0
30;6;1;0.0
30;6;2;0.0
30;7;1;0.0
30;7;2;0.0
30;8;1;0.0
30;8;2;0.0
30;9;1;0.0
30;9;2;0.0
30;10;1;0.0
30;10;2;0.0
30;11;1;0.0
30;11;2;0.0
30;12;1;0.0
30;12;2;0.0
30;13;1;0.0
30;13;2;0.0
30;14;1;0.0
30;14;2;0.0
30;15;1;0.0
30;15;2;0.0
30;16;1;0.0
30;16;2;0.0
30;17;1;0.0
30;17;2;0.0
30;18;1;0.0
30;18;2;0.0
30;19;1;0.0
30;19;2;0.0
30;20;1;0.0
30;20;2;0.0
30;21;1;0.0
30;21;2;0.0
30;22;1;0.0
30;22;2;0.0
30;23;1;0.0
30;23;2;0.0
30;24;1;0.0
30;24;2;0.0
30;25;1;0.0
30;25;2;0.0
30;26;1;0.0
30;26;2;0.0
30;27;1;0.0
30;27;2;0.0
30;28;1;0.0
30;28;2;0.0
30;29;1;0.0
30;29;2;0.0
30;30;1;0.0
30;30;2;0.0
30;31;1;0.0
30;31;2;0.0
30;32;1;0.0
30;32;2;0.0
30;33;1;0.0
30;33;2;0.0
30;34;1;0.0
30;34;2;0.0
30;35;1;0.0
30;35;2;0.0
30;36;1;0.0
30;36;2;0.0
30;37;1;0.0
30;37;2;0.0
30;38;1;0.0
30;38;2;0.0
30;39;1;0.0
30;39;2;0.0
30;40;1;0.0
30;40;2;0.0
30;41;1;0.0
30;41;2;0.0
30;42;1;0.0
30;42;2;0.0
30;43;1;0.0
30;43;2;0.0
30;44;1;0.0
30;44;2;0.0
30;45;1;0.0
30;45;2;0.0
30;46;1;0.0
30;46;2;0.0
30;47;1;0.0
30;47;2;0.0
30;48;1;0.0
30;48;2;0.0
30;49;1;0.0
30;49;2;0.0
30;50;1;0.0
30;50;2;0.0
30;51;1;0.0
30;51;2;0.0
30;52;1;0.0
30;52;2;0.0
30;53;1;0.0
30;53;2;0.0
30;54;1;0.0
30;54;2;0.0
30;55;1;0.0
30;55;2;0.0
30;56;1;0.0
30;56;2;0.0
30;57;1;0.0
30;57;2;0.0
30;58;1;0.0
30;58;2;0.0
30;59;1;0.0
30;59;2;0.0
30;60;1;0.0
30;60;2;0.0
30;61;1;0.0
30;61;2;0.0
30;62;1;0.0
30;62;2;0.0
30;63;1;0.0
30;63;2;0.0
30;64;1;0.0
30;64;2;0.0
30;65;1;0.0
30;65;2;0.0
30;66;1;0.0
30;66;2;0.0
30;67;1;0.0
30;67;2;0.0
30;68;1;0.0
30;68;2;0.0
30;69;1;0.0
30;69;2;0.0
30;70;1;0.0
30;70;2;0.0
30;71;1;0.0
30;71;2;0.0
30;72;1;0.0
30;72;2;0.0
30;73;1;0.0
30;73;2;0.0
30;74;1;0.0
30;74;2;0.0
30;75;1;0.0
30;75;2;0.0
30;76;1;0.0
30;76;2;0.0
30;77;1;0.0
30;77;2;0.0
30;78;1;0.0
30;78;2;0.0
30;79;1;0.0
30;79;2;0.0
30;80;1;0.0
30;80;2;0.0
30;81;1;0.0
30;81;2;0.0
30;82;1;0.0
30;82;2;0.0
30;83;1;0.0
30;83;2;0.0
30;84;1;0.0
30;84;2;0.0
30;85;1;0.0
30;85;2;0.0
30;86;1;0.0
30;86;2;0.0
30;87;1;0.0
30;87;2;0.0
30;88;1;0.0
30;88;2;0.0
30;89;1;0.0
30;89;2;0.0
30;90;1;0.0
30;90;2;0.0
30;91;1;0.0
30;91;2;0.0
30;92;1;0.0
30;92;2;0.0
30;93;1;0.0
30;93;2;0.0
30;94;1;0.0
30;94;2;0.0
30;95;1;0.0
30;95;2;0.0
30;96;1;0.0
30;96;2;0.0
30;97;1;0.0
30;97;2;0.0
30;98;1;0.0
30;98;2;0.0
30;99;1;0.0
30;99;2;0.0
30;100;1;0.0
30;100;2;0.0
30;101;1;0.0
30;101;2;0.0
30;102;1;0.0
30;102;2;0.0
30;103;1;0.0
30;103;2;0.0
30;104;1;0.0
30;104;2;0.0
30;105;1;0.0
30;105;2;0.0
30;106;1;0.0
30;106;2;0.0
30;107;1;0.0
30;107;2;0.0
30;108;1;0.0
30;108;2;0.0
30;109;1;0.0
30;109;2;0.0
30;110;1;0.0
30;110;2;0.0
30;111;1;0.0
30;111;2;0.0
30;112;1;0.0
30;112;2;0.0
30;113;1;0.0
30;113;2;0.0
30;114;1;0.0
30;114;2;0.0
30;115;1;0.0
30;115;2;0.0
30;116;1;0.0
30;116;2;0.0
30;117;1;0.0
30;117;2;0.0
30;118;1;0.0
30;118;2;0.0
30;119;1;0.0
30;119;2;0.0
30;120;1;0.0
30;120;2;0.0
30;121;1;0.0
30;121;2;0.0
30;122;1;0.0
30;122;2;0.0
30;123;1;0.0
30;123;2;0.0
30;124;1;0.0
30;124;2;0.0
30;125;1;0.0
30;125;2;0.0
30;126;1;0.0
30;126;2;0.0
30;127;1;0.0
30;127;2;0.0
30;128;1;0.0
30;128;2;0.0
30;129;1;0.0
30;129;2;0.0
30;130;1;0.0
30;130;2;0.0
30;131;1;0.0
30;131;2;0.0
30;132;1;0.0
30;132;2;0.0
30;133;1;0.0
30;133;2;0.0
30;134;1;0.0
30;134;2;0.0
30;135;1;0.0
30;135;2;0.0
30;136;1;0.0
30;136;2;0.0
30;137;1;0.0
30;137;2;0.0
30;138;1;0.0
30;138;2;0.0
30;139;1;0.0
30;139;2;0.0
30;140;1;0.0
30;140;2;0.0
30;141;1;0.0
30;141;2;0.0
30;142;1;0.0
30;142;2;0.0
30;143;1;0.0
30;143;2;0.0
30;144;1;0.0
30;144;2;0.0
30;145;1;0.0
30;145;2;0.0
30;146;1;0.0
30;146;2;0.0
30;147;1;0.0
30;147;2;0.0
30;148;1;0.0
30;148;2;0.0
30;149;1;0.0
30;149;2;0.0
30;150;1;0.0
30;150;2;0.0
30;151;1;0.0
30;151;2;0.0
30;152;1;0.0
30;152;2;0.0
30;153;1;0.0
30;153;2;0.0
30;154;1;0.0
30;154;2;0.0
30;155;1;0.0
30;155;2;0.0
30;156;1;0.0
30;156;2;0.0
30;157;1;0.0
30;157;2;0.0
30;158;1;0.0
30;158;2;0.0
30;159;1;0.0
30;159;2;0.0
30;160;1;0.0
30;160;2;0.0
30;161;1;0.0
30;161;2;0.0
30;162;1;0.0
30;162;2;0.0
30;163;1;0.0
30;163;2;0.0
30;164;1;0.0
30;164;2;0.0
30;165;1;0.0
30;165;2;0.0
30;166;1;0.0
30;166;2;0.0
30;167;1;0.0
30;167;2;0.0
30;168;1;0.0
30;168;2;0.0
31;1;1;4.221739725421925
31;1;2;4.479229293100291e-14
31;2;1;4.221739725421721
31;2;2;4.479229293100291e-14
31;3;1;4.221739725423117
31;3;2;4.479229293100291e-14
31;4;1;4.221739725423409
31;4;2;4.479229293100291e-14
31;5;1;4.22173972542646
31;5;2;4.479229293100291e-14
31;6;1;4.221739725424614
31;6;2;4.479229293100291e-14
31;7;1;4.221739725425613
31;7;2;4.479229293100291e-14
31;8;1;4.22173972542683
31;8;2;4.479229293100291e-14
31;9;1;2.1100948528598794e-10
31;9;2;1.7375962742442038e-22
31;10;1;2.1116546988032153e-10
31;10;2;1.7375962742442038e-22
31;11;1;2.106012138093763e-10
31;11;2;1.7375962742442038e-22
31;12;1;2.1070853144142866e-10
31;12;2;1.7375962742442038e-22
31;13;1;2.1068435185428962e-10
31;13;2;1.7375962742442038e-22
31;14;1;2.1063979111093386e-10
31;14;2;1.7375962742442038e-22
31;15;1;2.101632156349831e-10
31;15;2;1.7375962742442038e-22
31;16;1;2.103431032984473e-10
31;16;2;1.7375962742442038e-22
31;17;1;2.110083427650544e-10
31;17;2;1.7375962742442038e-22
31;18;1;2.1117404874458577e-10
31;18;2;1.7375962742442038e-22
31;19;1;2.1040486760460778e-10
31;19;2;1.7375962742442038e-22
31;20;1;2.104732384967063e-10
31;20;2;1.7375962742442038e-22
31;21;1;2.1032751497299817e-10
31;21;2;1.7375962742442038e-22
31;22;1;2.106556816579371e-10
31;22;2;1.7375962742442038e-22
31;23;1;2.1012147251469795e-10
31;23;2;1.7375962742442038e-22
31;24;1;2.1037685983526856e-10
31;24;2;1.7375962742442038e-22
31;25;1;2.1100948528598794e-10
31;25;2;1.7375962742442038e-22
31;26;1;2.1116546988032153e-10
31;26;2;1.7375962742442038e-22
31;27;1;2.106012138093763e-10
31;27;2;1.7375962742442038e-22
31;28;1;2.1070853144142866e-10
31;28;2;1.7375962742442038e-22
31;29;1;2.1068435185428962e-10
31;29;2;1.7375962742442038e-22
31;30;1;2.1063979111093386e-10
31;30;2;1.7375962742442038e-22
31;31;1;2.101632156349831e-10
31;31;2;1.7375962742442038e-22
31;32;1;2.103431032984473e-10
31;32;2;1.7375962742442038e-22
31;33;1;2.110083427650544e-10
31;33;2;1.7375962742442038e-22
31;34;1;2.1117404874458577e-10
31;34;2;1.7375962742442038e-22
31;35;1;2.1040486760460778e-10
31;35;2;1.7375962742442038e-22
31;36;1;2.104732384967063e-10
31;36;2;1.7375962742442038e-22
31;37;1;2.1032751497299817e-10
31;37;2;1.7375962742442038e-22
31;38;1;2.106556816579371e-10
31;38;2;1.7375962742442038e-22
31;39;1;2.1012147251469795e-10
31;39;2;1.7375962742442038e-22
31;40;1;2.1037685983526856e-10
31;40;2;1.7375962742442038e-22
31;41;1;4.1518255500250234e-10
31;41;2;0.0
31;42;1;4.1529713001864366e-10
31;42;2;0.0
31;43;1;4.1377656856411704e-10
31;43;2;0.0
31;44;1;4.140288112353119e-10
31;44;2;0.0
31;45;1;4.1170356013253695e-10
31;45;2;0.0
31;46;1;4.128049013729651e-10
31;46;2;0.0
31;47;1;4.12704537211539e-10
31;47;2;0.0
31;48;1;4.1085979063382183e-10
31;48;2;0.0
31;49;1;4.1437431264057523e-10
31;49;2;0.0
31;50;1;4.1530157091074216e-10
31;50;2;0.0
31;51;1;4.1376591042308064e-10
31;51;2;0.0
31;52;1;4.1318859445027556e-10
31;52;2;0.0
31;53;1;4.114113494324556e-10
31;53;2;0.0
31;54;1;4.13439060764631e-10
31;54;2;0.0
31;55;1;4.119957708326183e-10
31;55;2;0.0
31;56;1;4.113926976856419e-10
31;56;2;0.0
31;57;1;4.1039349696347927e-10
31;57;2;0.0
31;58;1;4.0971759318608747e-10
31;58;2;0.0
31;59;1;4.1090775226848564e-10
31;59;2;0.0
31;60;1;4.126174957264084e-10
31;60;2;0.0
31;61;1;4.098366090943273e-10
31;61;2;0.0
31;62;1;4.1034464715039576e-10
31;62;2;0.0
31;63;1;4.121636365539416e-10
31;63;2;0.0
31;64;1;4.1022030217163774e-10
31;64;2;0.0
31;65;1;4.0958170188787335e-10
31;65;2;0.0
31;66;1;4.0942804702126523e-10
31;66;2;0.0
31;67;1;4.1163872310789884e-10
31;67;2;0.0
31;68;1;4.1156145158538493e-10
31;68;2;0.0
31;69;1;4.099014461189654e-10
31;69;2;0.0
31;70;1;4.1017855778591183e-10
31;70;2;0.0
31;71;1;4.1100811642991175e-10
31;71;2;0.0
31;72;1;4.1100545189465265e-10
31;72;2;0.0
31;73;1;4.143272391843311e-10
31;73;2;0.0
31;74;1;4.1527581373657085e-10
31;74;2;0.0
31;75;1;4.1378722670515344e-10
31;75;2;0.0
31;76;1;4.135438658181556e-10
31;76;2;0.0
31;77;1;4.107691964350124e-10
31;77;2;0.0
31;78;1;4.133289266405882e-10
31;78;2;0.0
31;79;1;4.1156589247748343e-10
31;79;2;0.0
31;80;1;4.0949288404590334e-10
31;80;2;0.0
31;81;1;4.1508840809001413e-10
31;81;2;0.0
31;82;1;4.1528913641286636e-10
31;82;2;0.0
31;83;1;4.1383430016139755e-10
31;83;2;0.0
31;84;1;4.1350123325401e-10
31;84;2;0.0
31;85;1;4.106679440951666e-10
31;85;2;0.0
31;86;1;4.126912145352435e-10
31;86;2;0.0
31;87;1;4.1303671594050684e-10
31;87;2;0.0
31;88;1;4.1030379094308955e-10
31;88;2;0.0
31;89;1;4.093054783993466e-10
31;89;2;0.0
31;90;1;4.099138806168412e-10
31;90;2;0.0
31;91;1;4.099032224758048e-10
31;91;2;0.0
31;92;1;4.12209821831766e-10
31;92;2;0.0
31;93;1;4.1028869190995465e-10
31;93;2;0.0
31;94;1;4.0967496062194186e-10
31;94;2;0.0
31;95;1;4.1178793708240846e-10
31;95;2;0.0
31;96;1;4.105427109379889e-10
31;96;2;0.0
31;97;1;4.0961101177572345e-10
31;97;2;0.0
31;98;1;4.0958081370945365e-10
31;98;2;0.0
31;99;1;4.10015132956687e-10
31;99;2;0.0
31;100;1;4.114504292829224e-10
31;100;2;0.0
31;101;1;4.10500966552263e-10
31;101;2;0.0
31;102;1;4.1015724150383903e-10
31;102;2;0.0
31;103;1;4.11253253673749e-10
31;103;2;0.0
31;104;1;4.106928130909182e-10
31;104;2;0.0
31;105;1;4.1518255500250234e-10
31;105;2;0.0
31;106;1;4.1529713001864366e-10
31;106;2;0.0
31;107;1;4.1377656856411704e-10
31;107;2;0.0
31;108;1;4.140288112353119e-10
31;108;2;0.0
31;109;1;4.1170356013253695e-10
31;109;2;0.0
31;110;1;4.128049013729651e-10
31;110;2;0.0
31;111;1;4.12704537211539e-10
31;111;2;0.0
31;112;1;4.1085979063382183e-10
31;112;2;0.0
31;113;1;4.1437431264057523e-10
31;113;2;0.0
31;114;1;4.1530157091074216e-10
31;114;2;0.0
31;115;1;4.1376591042308064e-10
31;115;2;0.0
31;116;1;4.1318859445027556e-10
31;116;2;0.0
31;117;1;4.114113494324556e-10
31;117;2;0.0
31;118;1;4.13439060764631e-10
31;118;2;0.0
31;119;1;4.119957708326183e-10
31;119;2;0.0
31;120;1;4.113926976856419e-10
31;120;2;0.0
31;121;1;4.1039349696347927e-10
31;121;2;0.0
31;122;1;4.0971759318608747e-10
31;122;2;0.0
31;123;1;4.1090775226848564e-10
31;123;2;0.0
31;124;1;4.126174957264084e-10
31;124;2;0.0
31;125;1;4.098366090943273e-10
31;125;2;0.0
31;126;1;4.1034464715039576e-10
31;126;2;0.0
31;127;1;4.121636365539416e-10
31;127;2;0.0
31;128;1;4.1022030217163774e-10
31;128;2;0.0
31;129;1;4.0958170188787335e-10
31;129;2;0.0
31;130;1;4.0942804702126523e-10
31;130;2;0.0
31;131;1;4.1163872310789884e-10
31;131;2;0.0
31;132;1;4.1156145158538493e-10
31;132;2;0.0
31;133;1;4.099014461189654e-10
31;133;2;0.0
31;134;1;4.1017855778591183e-10
31;134;2;0.0
31;135;1;4.1100811642991175e-10
31;135;2;0.0
31;136;1;4.1100545189465265e-10
31;136;2;0.0
31;137;1;4.143272391843311e-10
31;137;2;0.0
31;138;1;4.1527581373657085e-10
31;138;2;0.0
31;139;1;4.1378722670515344e-10
31;139;2;0.0
31;140;1;4.135438658181556e-10
31;140;2;0.0
31;141;1;4.107691964350124e-10
31;141;2;0.0
31;142;1;4.133289266405882e-10
31;142;2;0.0
31;143;1;4.1156589247748343e-10
31;143;2;0.0
31;144;1;4.0949288404590334e-10
31;144;2;0.0
31;145;1;4.1508840809001413e-10
31;145;2;0.0
31;146;1;4.1528913641286636e-10
31;146;2;0.0
31;147;1;4.1383430016139755e-10
31;147;2;0.0
31;148;1;4.1350123325401e-10
31;148;2;0.0
31;149;1;4.106679440951666e-10
31;149;2;0.0
31;150;1;4.126912145352435e-10
31;150;2;0.0
31;151;1;4.1303671594050684e-10
31;151;2;0.0
31;152;1;4.1030379094308955e-10
31;152;2;0.0
31;153;1;4.093054783993466e-10
31;153;2;0.0
31;154;1;4.099138806168412e-10
31;154;2;0.0
31;155;1;4.099032224758048e-10
31;155;2;0.0
31;156;1;4.12209821831766e-10
31;156;2;0.0
31;157;1;4.1028869190995465e-10
31;157;2;0.0
31;158;1;4.0967496062194186e-10
31;158;2;0.0
31;159;1;4.1178793708240846e-10
31;159;2;0.0
31;160;1;4.105427109379889e-10
31;160;2;0.0
31;161;1;4.0961101177572345e-10
31;161;2;0.0
31;162;1;4.0958081370945365e-10
31;162;2;0.0
31;163;1;4.10015132956687e-10
31;163;2;0.0
31;164;1;4.114504292829224e-10
31;164;2;0.0
31;165;1;4.10500966552263e-10
31;165;2;0.0
31;166;1;4.1015724150383903e-10
31;166;2;0.0
31;167;1;4.11253253673749e-10
31;167;2;0.0
31;168;1;4.106928130909182e-10
31;168;2;0.0
32;1;1;0.0
32;1;2;0.0
32;2;1;0.0
32;2;2;0.0
32;3;1;0.0
32;3;2;0.0
32;4;1;0.0
32;4;2;0.0
32;5;1;0.0
32;5;2;0.0
32;6;1;0.0
32;6;2;0.0
32;7;1;0.0
32;7;2;0.0
32;8;1;0.0
32;8;2;0.0
32;9;1;0.0
32;9;2;0.0
32;10;1;0.0
32;10;2;0.0
32;11;1;0.0
32;11;2;0.0
32;12;1;0.0
32;12;2;0.0
32;13;1;0.0
32;13;2;0.0
32;14;1;0.0
32;14;2;0.0
32;15;1;0.0
32;15;2;0.0
32;16;1;0.0
32;16;2;0.0
32;17;1;0.0
32;17;2;0.0
32;18;1;0.0
32;18;2;0.0
32;19;1;0.0
32;19;2;0.0
32;20;1;0.0
32;20;2;0.0
32;21;1;0.0
32;21;2;0.0
32;22;1;0.0
32;22;2;0.0
32;23;1;0.0
32;23;2;0.0
32;24;1;0.0
32;24;2;0.0
32;25;1;0.0
32;25;2;0.0
32;26;1;0.0
32;26;2;0.0
32;27;1;0.0
32;27;2;0.0
32;28;1;0.0
32;28;2;0.0
32;29;1;0.0
32;29;2;0.0
32;30;1;0.0
32;30;2;0.0
32;31;1;0.0
32;31;2;0.0
32;32;1;0.0
32;32;2;0.0
32;33;1;0.0
32;33;2;0.0
32;34;1;0.0
32;34;2;0.0
32;35;1;0.0
32;35;2;0.0
32;36;1;0.0
32;36;2;0.0
32;37;1;0.0
32;37;2;0.0
32;38;1;0.0
32;38;2;0.0
32;39;1;0.0
32;39;2;0.0
32;40;1;0.0
32;40;2;0.0
32;41;1;0.0
32;41;2;0.0
32;42;1;0.0
32;42;2;0.0
32;43;1;0.0
32;43;2;0.0
32;44;1;0.0
32;44;2;0.0
32;45;1;0.0
32;45;2;0.0
32;46;1;0.0
32;46;2;0.0
32;47;1;0.0
32;47;2;0.0
32;48;1;0.0
32;48;2;0.0
32;49;1;0.0
32;49;2;0.0
32;50;1;0.0
32;50;2;0.0
32;51;1;0.0
32;51;2;0.0
32;52;1;0.0
32;52;2;0.0
32;53;1;0.0
32;53;2;0.0
32;54;1;0.0
32;54;2;0.0
32;55;1;0.0
32;55;2;0.0
32;56;1;0.0
32;56;2;0.0
32;57;1;0.0
32;57;2;0.0
32;58;1;0.0
32;58;2;0.0
32;59;1;0.0
32;59;2;0.0
32;60;1;0.0
32;60;2;0.0
32;61;1;0.0
32;61;2;0.0
32;62;1;0.0
32;62;2;0.0
32;63;1;0.0
32;63;2;0.0
32;64;1;0.0
32;64;2;0.0
32;65;1;0.0
32;65;2;0.0
32;66;1;0.0
32;66;2;0.0
32;67;1;0.0
32;67;2;0.0
32;68;1;0.0
32;68;2;0.0
32;69;1;0.0
32;69;2;0.0
32;70;1;0.0
32;70;2;0.0
32;71;1;0.0
32;71;2;0.0
32;72;1;0.0
32;72;2;0.0
32;73;1;0.0
32;73;2;0.0
32;74;1;0.0
32;74;2;0.0
32;75;1;0.0
32;75;2;0.0
32;76;1;0.0
32;76;2;0.0
32;77;1;0.0
32;77;2;0.0
32;78;1;0.0
32;78;2;0.0
32;79;1;0.0
32;79;2;0.0
32;80;1;0.0
32;80;2;0.0
32;81;1;0.0
32;81;2;0.0
32;82;1;0.0
32;82;2;0.0
32;83;1;0.0
32;83;2;0.0
32;84;1;0.0
32;84;2;0.0
32;85;1;0.0
32;85;2;0.0
32;86;1;0.0
32;86;2;0.0
32;87;1;0.0
32;87;2;0.0
32;88;1;0.0
32;88;2;0.0
32;89;1;0.0
32;89;2;0.0
32;90;1;0.0
32;90;2;0.0
32;91;1;0.0
32;91;2;0.0
32;92;1;0.0
32;92;2;0.0
32;93;1;0.0
32;93;2;0.0
32;94;1;0.0
32;94;2;0.0
32;95;1;0.0
32;95;2;0.0
32;96;1;0.0
32;96;2;0.0
32;97;1;0.0
32;97;2;0.0
32;98;1;0.0
32;98;2;0.0
32;99;1;0.0
32;99;2;0.0
32;100;1;0.0
32;100;2;0.0
32;101;1;0.0
32;101;2;0.0
32;102;1;0.0
32;102;2;0.0
32;103;1;0.0
32;103;2;0.0
32;104;1;0.0
32;104;2;0.0
32;105;1;0.0
32;105;2;0.0
32;106;1;0.0
32;106;2;0.0
32;107;1;0.0
32;107;2;0.0
32;108;1;0.0
32;108;2;0.0
32;109;1;0.0
32;109;2;0.0
32;110;1;0.0
32;110;2;0.0
32;111;1;0.0
32;111;2;0.0
32;112;1;0.0
32;112;2;0.0
32;113;1;0.0
32;113;2;0.0
32;114;1;0.0
32;114;2;0.0
32;115;1;0.0
32;115;2;0.0
32;116;1;0.0
32;116;2;0.0
32;117;1;0.0
32;117;2;0.0
32;118;1;0.0
32;118;2;0.0
32;119;1;0.0
32;119;2;0.0
32;120;1;0.0
32;120;2;0.0
32;121;1;0.0
32;121;2;0.0
32;122;1;0.0
32;122;2;0.0
32;123;1;0.0
32;123;2;0.0
32;124;1;0.0
32;124;2;0.0
32;125;1;0.0
32;125;2;0.0
32;126;1;0.0
32;126;2;0.0
32;127;1;0.0
32;127;2;0.0
32;128;1;0.0
32;128;2;0.0
32;129;1;0.0
32;129;2;0.0
32;130;1;0.0
32;130;2;0.0
32;131;1;0.0
32;131;2;0.0
32;132;1;0.0
32;132;2;0.0
32;133;1;0.0
32;133;2;0.0
32;134;1;0.0
32;134;2;0.0
32;135;1;0.0
32;135;2;0.0
32;136;1;0.0
32;136;2;0.0
32;137;1;0.0
32;137;2;0.0
32;138;1;0.0
32;138;2;0.0
32;139;1;0.0
32;139;2;0.0
32;140;1;0.0
32;140;2;0.0
32;141;1;0.0
32;141;2;0.0
32;142;1;0.0
32;142;2;0.0
32;143;1;0.0
32;143;2;0.0
32;144;1;0.0
32;144;2;0.0
32;145;1;0.0
32;145;2;0.0
32;146;1;0.0
32;146;2;0.0
32;147;1;0.0
32;147;2;0.0
32;148;1;0.0
32;148;2;0.0
32;149;1;0.0
32;149;2;0.0
32;150;1;0.0
32;150;2;0.0
32;151;1;0.0
32;151;2;0.0
32;152;1;0.0
32;152;2;0.0
32;153;1;0.0
32;153;2;0.0
32;154;1;0.0
32;154;2;0.0
32;155;1;0.0
32;155;2;0.0
32;156;1;0.0
32;156;2;0.0
32;157;1;0.0
32;157;2;0.0
32;158;1;0.0
32;158;2;0.0
32;159;1;0.0
32;159;2;0.0
32;160;1;0.0
32;160;2;0.0
32;161;1;0.0
32;161;2;0.0
32;162;1;0.0
32;162;2;0.0
32;163;1;0.0
32;163;2;0.0
32;164;1;0.0
32;164;2;0.0
32;165;1;0.0
32;165;2;0.0
32;166;1;0.0
32;166;2;0.0
32;167;1;0.0
32;167;2;0.0
32;168;1;0.0
32;168;2;0.0
33;1;1;0.0
33;1;2;0.0
33;2;1;0.0
33;2;2;0.0
33;3;1;0.0
33;3;2;0.0
33;4;1;0.0
33;4;2;0.0
33;5;1;0.0
33;5;2;0.0
33;6;1;0.0
33;6;2;0.0
33;7;1;0.0
33;7;2;0.0
33;8;1;0.0
33;8;2;0.0
33;9;1;0.0
33;9;2;0.0
33;10;1;0.0
33;10;2;0.0
33;11;1;0.0
33;11;2;0.0
33;12;1;0.0
33;12;2;0.0
33;13;1;0.0
33;13;2;0.0
33;14;1;0.0
33;14;2;0.0
33;15;1;0.0
33;15;2;0.0
33;16;1;0.0
33;16;2;0.0
33;17;1;0.0
33;17;2;0.0
33;18;1;0.0
33;18;2;0.0
33;19;1;0.0
33;19;2;0.0
33;20;1;0.0
33;20;2;0.0
33;21;1;0.0
33;21;2;0.0
33;22;1;0.0
33;22;2;0.0
33;23;1;0.0
33;23;2;0.0
33;24;1;0.0
33;24;2;0.0
33;25;1;0.0
33;25;2;0.0
33;26;1;0.0
33;26;2;0.0
33;27;1;0.0
33;27;2;0.0
33;28;1;0.0
33;28;2;0.0
33;29;1;0.0
33;29;2;0.0
33;30;1;0.0
33;30;2;0.0
33;31;1;0.0
33;31;2;0.0
33;32;1;0.0
33;32;2;0.0
33;33;1;0.0
33;33;2;0.0
33;34;1;0.0
33;34;2;0.0
33;35;1;0.0
33;35;2;0.0
33;36;1;0.0
33;36;2;0.0
33;37;1;0.0
33;37;2;0.0
33;38;1;0.0
33;38;2;0.0
33;39;1;0.0
33;39;2;0.0
33;40;1;0.0
33;40;2;0.0
33;41;1;0.0
33;41;2;0.0
33;42;1;0.0
33;42;2;0.0
33;43;1;0.0
33;43;2;0.0
33;44;1;0.0
33;44;2;0.0
33;45;1;0.0
33;45;2;0.0
33;46;1;0.0
33;46;2;0.0
33;47;1;0.0
33;47;2;0.0
33;48;1;0.0
33;48;2;0.0
33;49;1;0.0
33;49;2;0.0
33;50;1;0.0
33;50;2;0.0
33;51;1;0.0
33;51;2;0.0
33;52;1;0.0
33;52;2;0.0
33;53;1;0.0
33;53;2;0.0
33;54;1;0.0
33;54;2;0.0
33;55;1;0.0
33;55;2;0.0
33;56;1;0.0
33;56;2;0.0
33;57;1;0.0
33;57;2;0.0
33;58;1;0.0
33;58;2;0.0
33;59;1;0.0
33;59;2;0.0
33;60;1;0.0
33;60;2;0.0
33;61;1;0.0
33;61;2;0.0
33;62;1;0.0
33;62;2;0.0
33;63;1;0.0
33;63;2;0.0
33;64;1;0.0
33;64;2;0.0
33;65;1;0.0
33;65;2;0.0
33;66;1;0.0
33;66;2;0.0
33;67;1;0.0
33;67;2;0.0
33;68;1;0.0
33;68;2;0.0
33;69;1;0.0
33;69;2;0.0
33;70;1;0.0
33;70;2;0.0
33;71;1;0.0
33;71;2;0.0
33;72;1;0.0
33;72;2;0.0
33;73;1;0.0
33;73;2;0.0
33;74;1;0.0
33;74;2;0.0
33;75;1;0.0
33;75;2;0.0
33;76;1;0.0
33;76;2;0.0
33;77;1;0.0
33;77;2;0.0
33;78;1;0.0
33;78;2;0.0
33;79;1;0.0
33;79;2;0.0
33;80;1;0.0
33;80;2;0.0
33;81;1;0.0
33;81;2;0.0
33;82;1;0.0
33;82;2;0.0
33;83;1;0.0
33;83;2;0.0
33;84;1;0.0
33;84;2;0.0
33;85;1;0.0
33;85;2;0.0
33;86;1;0.0
33;86;2;0.0
33;87;1;0.0
33;87;2;0.0
33;88;1;0.0
33;88;2;0.0
33;89;1;0.0
33;89;2;0.0
33;90;1;0.0
33;90;2;0.0
33;91;1;0.0
33;91;2;0.0
33;92;1;0.0
33;92;2;0.0
33;93;1;0.0
33;93;2;0.0
33;94;1;0.0
33;94;2;0.0
33;95;1;0.0
33;95;2;0.0
33;96;1;0.0
33;96;2;0.0
33;97;1;0.0
33;97;2;0.0
33;98;1;0.0
33;98;2;0.0
33;99;1;0.0
33;99;2;0.0
33;100;1;0.0
33;100;2;0.0
33;101;1;0.0
33;101;2;0.0
33;102;1;0.0
33;102;2;0.0
33;103;1;0.0
33;103;2;0.0
33;104;1;0.0
33;104;2;0.0
33;105;1;0.0
33;105;2;0.0
33;106;1;0.0
33;106;2;0.0
33;107;1;0.0
33;107;2;0.0
33;108;1;0.0
33;108;2;0.0
33;109;1;0.0
33;109;2;0.0
33;110;1;0.0
33;110;2;0.0
33;111;1;0.0
33;111;2;0.0
33;112;1;0.0
33;112;2;0.0
33;113;1;0.0
33;113;2;0.0
33;114;1;0.0
33;114;2;0.0
33;115;1;0.0
33;115;2;0.0
33;116;1;0.0
33;116;2;0.0
33;117;1;0.0
33;117;2;0.0
33;118;1;0.0
33;118;2;0.0
33;119;1;0.0
33;119;2;0.0
33;120;1;0.0
33;120;2;0.0
33;121;1;0.0
33;121;2;0.0
33;122;1;0.0
33;122;2;0.0
33;123;1;0.0
33;123;2;0.0
33;124;1;0.0
33;124;2;0.0
33;125;1;0.0
33;125;2;0.0
33;126;1;0.0
33;126;2;0.0
33;127;1;0.0
33;127;2;0.0
33;128;1;0.0
33;128;2;0.0
33;129;1;0.0
33;129;2;0.0
33;130;1;0.0
33;130;2;0.0
33;131;1;0.0
33;131;2;0.0
33;132;1;0.0
33;132;2;0.0
33;133;1;0.0
33;133;2;0.0
33;134;1;0.0
33;134;2;0.0
33;135;1;0.0
33;135;2;0.0
33;136;1;0.0
33;136;2;0.0
33;137;1;0.0
33;137;2;0.0
33;138;1;0.0
33;138;2;0.0
33;139;1;0.0
33;139;2;0.0
33;140;1;0.0
33;140;2;0.0
33;141;1;0.0
33;141;2;0.0
33;142;1;0.0
33;142;2;0.0
33;143;1;0.0
33;143;2;0.0
33;144;1;0.0
33;144;2;0.0
33;145;1;0.0
33;145;2;0.0
33;146;1;0.0
33;146;2;0.0
33;147;1;0.0
33;147;2;0.0
33;148;1;0.0
33;148;2;0.0
33;149;1;0.0
33;149;2;0.0
33;150;1;0.0
33;150;2;0.0
33;151;1;0.0
33;151;2;0.0
33;152;1;0.0
33;152;2;0.0
33;153;1;0.0
33;153;2;0.0
33;154;1;0.0
33;154;2;0.0
33;155;1;0.0
33;155;2;0.0
33;156;1;0.0
33;156;2;0.0
33;157;1;0.0
33;157;2;0.0
33;158;1;0.0
33;158;2;0.0
33;159;1;0.0
33;159;2;0.0
33;160;1;0.0
33;160;2;0.0
33;161;1;0.0
33;161;2;0.0
33;162;1;0.0
33;162;2;0.0
33;163;1;0.0
33;163;2;0.0
33;164;1;0.0
33;164;2;0.0
33;165;1;0.0
33;165;2;0.0
33;166;1;0.0
33;166;2;0.0
33;167;1;0.0
33;167;2;0.0
33;168;1;0.0
33;168;2;0.0
34;1;1;2.3047890365004364
34;1;2;4.479229293100291e-14
34;2;1;2.3047890376051683
34;2;2;4.479229293100291e-14
34;3;1;2.3047890370695536
34;3;2;4.479229293100291e-14
34;4;1;2.3047890375156137
34;4;2;4.479229293100291e-14
34;5;1;2.3047890376964153
34;5;2;4.479229293100291e-14
34;6;1;2.3047890373783706
34;6;2;4.479229293100291e-14
34;7;1;2.304789037541674
34;7;2;4.479229293100291e-14
34;8;1;2.3047890374120907
34;8;2;4.479229293100291e-14
34;9;1;2.0728170786799832e-10
34;9;2;1.7375962742442038e-22
34;10;1;2.0830192711107575e-10
34;10;2;1.7375962742442038e-22
34;11;1;2.0786456607955064e-10
34;11;2;1.7375962742442038e-22
34;12;1;2.0801585985027538e-10
34;12;2;1.7375962742442038e-22
34;13;1;2.0826385816143692e-10
34;13;2;1.7375962742442038e-22
34;14;1;2.0847600478875749e-10
34;14;2;1.7375962742442038e-22
34;15;1;2.082155034987872e-10
34;15;2;1.7375962742442038e-22
34;16;1;2.0901343329923393e-10
34;16;2;1.7375962742442038e-22
34;17;1;2.064955271858991e-10
34;17;2;1.7375962742442038e-22
34;18;1;2.056242811061423e-10
34;18;2;1.7375962742442038e-22
34;19;1;2.0768527963117857e-10
34;19;2;1.7375962742442038e-22
34;20;1;2.0760250342480397e-10
34;20;2;1.7375962742442038e-22
34;21;1;2.0776996347895397e-10
34;21;2;1.7375962742442038e-22
34;22;1;2.0751880765428907e-10
34;22;2;1.7375962742442038e-22
34;23;1;2.082996384472164e-10
34;23;2;1.7375962742442038e-22
34;24;1;2.0896708505711444e-10
34;24;2;1.7375962742442038e-22
34;25;1;2.0728170786799832e-10
34;25;2;1.7375962742442038e-22
34;26;1;2.0830192711107575e-10
34;26;2;1.7375962742442038e-22
34;27;1;2.0786456607955064e-10
34;27;2;1.7375962742442038e-22
34;28;1;2.0801585985027538e-10
34;28;2;1.7375962742442038e-22
34;29;1;2.0826385816143692e-10
34;29;2;1.7375962742442038e-22
34;30;1;2.0847600478875749e-10
34;30;2;1.7375962742442038e-22
34;31;1;2.082155034987872e-10
34;31;2;1.7375962742442038e-22
34;32;1;2.0901343329923393e-10
34;32;2;1.7375962742442038e-22
34;33;1;2.064955271858991e-10
34;33;2;1.7375962742442038e-22
34;34;1;2.056242811061423e-10
34;34;2;1.7375962742442038e-22
34;35;1;2.0768527963117857e-10
34;35;2;1.7375962742442038e-22
34;36;1;2.0760250342480397e-10
34;36;2;1.7375962742442038e-22
34;37;1;2.0776996347895397e-10
34;37;2;1.7375962742442038e-22
34;38;1;2.0751880765428907e-10
34;38;2;1.7375962742442038e-22
34;39;1;2.082996384472164e-10
34;39;2;1.7375962742442038e-22
34;40;1;2.0896708505711444e-10
34;40;2;1.7375962742442038e-22
34;41;1;4.1271031037126704e-10
34;41;2;0.0
34;42;1;4.2038283964984657e-10
34;42;2;0.0
34;43;1;4.177591605980524e-10
34;43;2;0.0
34;44;1;4.1258196858962037e-10
34;44;2;0.0
34;45;1;4.170823686422409e-10
34;45;2;0.0
34;46;1;4.120197516499502e-10
34;46;2;0.0
34;47;1;4.125371155794255e-10
34;47;2;0.0
34;48;1;4.1416869933641465e-10
34;48;2;0.0
34;49;1;4.1256686955648547e-10
34;49;2;0.0
34;50;1;4.198383862785704e-10
34;50;2;0.0
34;51;1;4.1718317689287687e-10
34;51;2;0.0
34;52;1;4.1245229454034416e-10
34;52;2;0.0
34;53;1;4.174274259582944e-10
34;53;2;0.0
34;54;1;4.1185987953440417e-10
34;54;2;0.0
34;55;1;4.124358632395797e-10
34;55;2;0.0
34;56;1;4.2521186571775615e-10
34;56;2;0.0
34;57;1;4.070885850637751e-10
34;57;2;0.0
34;58;1;4.0985836946560994e-10
34;58;2;0.0
34;59;1;4.0836978243419253e-10
34;59;2;0.0
34;60;1;4.1164849307051554e-10
34;60;2;0.0
34;61;1;4.1065950640017945e-10
34;61;2;0.0
34;62;1;4.1130165939762264e-10
34;62;2;0.0
34;63;1;4.161879729736029e-10
34;63;2;0.0
34;64;1;4.155600308308749e-10
34;64;2;0.0
34;65;1;4.0769032594312193e-10
34;65;2;0.0
34;66;1;4.095244143798027e-10
34;66;2;0.0
34;67;1;4.0934233780376417e-10
34;67;2;0.0
34;68;1;4.1214631707475746e-10
34;68;2;0.0
34;69;1;4.119238283806226e-10
34;69;2;0.0
34;70;1;4.1144909701529286e-10
34;70;2;0.0
34;71;1;4.169118383856585e-10
34;71;2;0.0
34;72;1;4.151643473448985e-10
34;72;2;0.0
34;73;1;4.129732111834983e-10
34;73;2;0.0
34;74;1;4.2055647853089795e-10
34;74;2;0.0
34;75;1;4.17031742472318e-10
34;75;2;0.0
34;76;1;4.130131792123848e-10
34;76;2;0.0
34;77;1;4.1602099543069926e-10
34;77;2;0.0
34;78;1;4.116844642965134e-10
34;78;2;0.0
34;79;1;4.1323566790651967e-10
34;79;2;0.0
34;80;1;4.157536537263695e-10
34;80;2;0.0
34;81;1;4.129616648640422e-10
34;81;2;0.0
34;82;1;4.206794912420264e-10
34;82;2;0.0
34;83;1;4.170344070075771e-10
34;83;2;0.0
34;84;1;4.1296921438060963e-10
34;84;2;0.0
34;85;1;4.176872181460567e-10
34;85;2;0.0
34;86;1;4.1159964325743204e-10
34;86;2;0.0
34;87;1;4.120828123177489e-10
34;87;2;0.0
34;88;1;4.1712544529559636e-10
34;88;2;0.0
34;89;1;4.061377900654861e-10
34;89;2;0.0
34;90;1;4.0532643907909005e-10
34;90;2;0.0
34;91;1;4.0917358390402114e-10
34;91;2;0.0
34;92;1;4.1192160793457333e-10
34;92;2;0.0
34;93;1;4.118008156694941e-10
34;93;2;0.0
34;94;1;4.0977754522941723e-10
34;94;2;0.0
34;95;1;4.162838962429305e-10
34;95;2;0.0
34;96;1;4.1520742399825394e-10
34;96;2;0.0
34;97;1;4.061129210697345e-10
34;97;2;0.0
34;98;1;4.0542058599157826e-10
34;98;2;0.0
34;99;1;4.092797212251753e-10
34;99;2;0.0
34;100;1;4.1144376794477466e-10
34;100;2;0.0
34;101;1;4.117191032548817e-10
34;101;2;0.0
34;102;1;4.110831675063764e-10
34;102;2;0.0
34;103;1;4.182703072785898e-10
34;103;2;0.0
34;104;1;4.14407619331314e-10
34;104;2;0.0
34;105;1;4.1271031037126704e-10
34;105;2;0.0
34;106;1;4.2038283964984657e-10
34;106;2;0.0
34;107;1;4.177591605980524e-10
34;107;2;0.0
34;108;1;4.1258196858962037e-10
34;108;2;0.0
34;109;1;4.170823686422409e-10
34;109;2;0.0
34;110;1;4.120197516499502e-10
34;110;2;0.0
34;111;1;4.125371155794255e-10
34;111;2;0.0
34;112;1;4.1416869933641465e-10
34;112;2;0.0
34;113;1;4.1256686955648547e-10
34;113;2;0.0
34;114;1;4.198383862785704e-10
34;114;2;0.0
34;115;1;4.1718317689287687e-10
34;115;2;0.0
34;116;1;4.1245229454034416e-10
34;116;2;0.0
34;117;1;4.174274259582944e-10
34;117;2;0.0
34;118;1;4.1185987953440417e-10
34;118;2;0.0
34;119;1;4.124358632395797e-10
34;119;2;0.0
34;120;1;4.2521186571775615e-10
34;120;2;0.0
34;121;1;4.070885850637751e-10
34;121;2;0.0
34;122;1;4.0985836946560994e-10
34;122;2;0.0
34;123;1;4.0836978243419253e-10
34;123;2;0.0
34;124;1;4.1164849307051554e-10
34;124;2;0.0
34;125;1;4.1065950640017945e-10
34;125;2;0.0
34;126;1;4.1130165939762264e-10
34;126;2;0.0
34;127;1;4.161879729736029e-10
34;127;2;0.0
34;128;1;4.155600308308749e-10
34;128;2;0.0
34;129;1;4.0769032594312193e-10
34;129;2;0.0
34;130;1;4.095244143798027e-10
34;130;2;0.0
34;131;1;4.0934233780376417e-10
34;131;2;0.0
34;132;1;4.1214631707475746e-10
34;132;2;0.0
34;133;1;4.119238283806226e-10
34;133;2;0.0
34;134;1;4.1144909701529286e-10
34;134;2;0.0
34;135;1;4.169118383856585e-10
34;135;2;0.0
34;136;1;4.151643473448985e-10
34;136;2;0.0
34;137;1;4.129732111834983e-10
34;137;2;0.0
34;138;1;4.2055647853089795e-10
34;138;2;0.0
34;139;1;4.17031742472318e-10
34;139;2;0.0
34;140;1;4.130131792123848e-10
34;140;2;0.0
34;141;1;4.1602099543069926e-10
34;141;2;0.0
34;142;1;4.116844642965134e-10
34;142;2;0.0
34;143;1;4.1323566790651967e-10
34;143;2;0.0
34;144;1;4.157536537263695e-10
34;144;2;0.0
34;145;1;4.129616648640422e-10
34;145;2;0.0
34;146;1;4.206794912420264e-10
34;146;2;0.0
34;147;1;4.170344070075771e-10
34;147;2;0.0
34;148;1;4.1296921438060963e-10
34;148;2;0.0
34;149;1;4.176872181460567e-10
34;149;2;0.0
34;150;1;4.1159964325743204e-10
34;150;2;0.0
34;151;1;4.120828123177489e-10
34;151;2;0.0
34;152;1;4.1712544529559636e-10
34;152;2;0.0
34;153;1;4.061377900654861e-10
34;153;2;0.0
34;154;1;4.0532643907909005e-10
34;154;2;0.0
34;155;1;4.0917358390402114e-10
34;155;2;0.0
34;156;1;4.1192160793457333e-10
34;156;2;0.0
34;157;1;4.118008156694941e-10
34;157;2;0.0
34;158;1;4.0977754522941723e-10
34;158;2;0.0
34;159;1;4.162838962429305e-10
34;159;2;0.0
34;160;1;4.1520742399825394e-10
34;160;2;0.0
34;161;1;4.061129210697345e-10
34;161;2;0.0
34;162;1;4.0542058599157826e-10
34;162;2;0.0
34;163;1;4.092797212251753e-10
34;163;2;0.0
34;164;1;4.1144376794477466e-10
34;164;2;0.0
34;165;1;4.117191032548817e-10
34;165;2;0.0
34;166;1;4.110831675063764e-10
34;166;2;0.0
34;167;1;4.182703072785898e-10
34;167;2;0.0
34;168;1;4.14407619331314e-10
34;168;2;0.0
35;1;1;0.0
35;1;2;0.0
35;2;1;0.0
35;2;2;0.0
35;3;1;0.0
35;3;2;0.0
35;4;1;0.0
35;4;2;0.0
35;5;1;0.0
35;5;2;0.0
35;6;1;0.0
35;6;2;0.0
35;7;1;0.0
35;7;2;0.0
35;8;1;0.0
35;8;2;0.0
35;9;1;0.0
35;9;2;0.0
35;10;1;0.0
35;10;2;0.0
35;11;1;0.0
35;11;2;0.0
35;12;1;0.0
35;12;2;0.0
35;13;1;0.0
35;13;2;0.0
35;14;1;0.0
35;14;2;0.0
35;15;1;0.0
35;15;2;0.0
35;16;1;0.0
35;16;2;0.0
35;17;1;0.0
35;17;2;0.0
35;18;1;0.0
35;18;2;0.0
35;19;1;0.0
35;19;2;0.0
35;20;1;0.0
35;20;2;0.0
35;21;1;0.0
35;21;2;0.0
35;22;1;0.0
35;22;2;0.0
35;23;1;0.0
35;23;2;0.0
35;24;1;0.0
35;24;2;0.0
35;25;1;0.0
35;25;2;0.0
35;26;1;0.0
35;26;2;0.0
35;27;1;0.0
35;27;2;0.0
35;28;1;0.0
35;28;2;0.0
35;29;1;0.0
35;29;2;0.0
35;30;1;0.0
35;30;2;0.0
35;31;1;0.0
35;31;2;0.0
35;32;1;0.0
35;32;2;0.0
35;33;1;0.0
35;33;2;0.0
35;34;1;0.0
35;34;2;0.0
35;35;1;0.0
35;35;2;0.0
35;36;1;0.0
35;36;2;0.0
35;37;1;0.0
35;37;2;0.0
35;38;1;0.0
35;38;2;0.0
35;39;1;0.0
35;39;2;0.0
35;40;1;0.0
35;40;2;0.0
35;41;1;0.0
35;41;2;0.0
35;42;1;0.0
35;42;2;0.0
35;43;1;0.0
35;43;2;0.0
35;44;1;0.0
35;44;2;0.0
35;45;1;0.0
35;45;2;0.0
35;46;1;0.0
35;46;2;0.0
35;47;1;0.0
35;47;2;0.0
35;48;1;0.0
35;48;2;0.0
35;49;1;0.0
35;49;2;0.0
35;50;1;0.0
35;50;2;0.0
35;51;1;0.0
35;51;2;0.0
35;52;1;0.0
35;52;2;0.0
35;53;1;0.0
35;53;2;0.0
35;54;1;0.0
35;54;2;0.0
35;55;1;0.0
35;55;2;0.0
35;56;1;0.0
35;56;2;0.0
35;57;1;0.0
35;57;2;0.0
35;58;1;0.0
35;58;2;0.0
35;59;1;0.0
35;59;2;0.0
35;60;1;0.0
35;60;2;0.0
35;61;1;0.0
35;61;2;0.0
35;62;1;0.0
35;62;2;0.0
35;63;1;0.0
35;63;2;0.0
35;64;1;0.0
35;64;2;0.0
35;65;1;0.0
35;65;2;0.0
35;66;1;0.0
35;66;2;0.0
35;67;1;0.0
35;67;2;0.0
35;68;1;0.0
35;68;2;0.0
35;69;1;0.0
35;69;2;0.0
35;70;1;0.0
35;70;2;0.0
35;71;1;0.0
35;71;2;0.0
35;72;1;0.0
35;72;2;0.0
35;73;1;0.0
35;73;2;0.0
35;74;1;0.0
35;74;2;0.0
35;75;1;0.0
35;75;2;0.0
35;76;1;0.0
35;76;2;0.0
35;77;1;0.0
35;77;2;0.0
35;78;1;0.0
35;78;2;0.0
35;79;1;0.0
35;79;2;0.0
35;80;1;0.0
35;80;2;0.0
35;81;1;0.0
35;81;2;0.0
35;82;1;0.0
35;82;2;0.0
35;83;1;0.0
35;83;2;0.0
35;84;1;0.0
35;84;2;0.0
35;85;1;0.0
35;85;2;0.0
35;86;1;0.0
35;86;2;0.0
35;87;1;0.0
35;87;2;0.0
35;88;1;0.0
35;88;2;0.0
35;89;1;0.0
35;89;2;0.0
35;90;1;0.0
35;90;2;0.0
35;91;1;0.0
35;91;2;0.0
35;92;1;0.0
35;92;2;0.0
35;93;1;0.0
35;93;2;0.0
35;94;1;0.0
35;94;2;0.0
35;95;1;0.0
35;95;2;0.0
35;96;1;0.0
35;96;2;0.0
35;97;1;0.0
35;97;2;0.0
35;98;1;0.0
35;98;2;0.0
35;99;1;0.0
35;99;2;0.0
35;100;1;0.0
35;100;2;0.0
35;101;1;0.0
35;101;2;0.0
35;102;1;0.0
35;102;2;0.0
35;103;1;0.0
35;103;2;0.0
35;104;1;0.0
35;104;2;0.0
35;105;1;0.0
35;105;2;0.0
35;106;1;0.0
35;106;2;0.0
35;107;1;0.0
35;107;2;0.0
35;108;1;0.0
35;108;2;0.0
35;109;1;0.0
35;109;2;0.0
35;110;1;0.0
35;110;2;0.0
35;111;1;0.0
35;111;2;0.0
35;112;1;0.0
35;112;2;0.0
35;113;1;0.0
35;113;2;0.0
35;114;1;0.0
35;114;2;0.0
35;115;1;0.0
35;115;2;0.0
35;116;1;0.0
35;116;2;0.0
35;117;1;0.0
35;117;2;0.0
35;118;1;0.0
35;118;2;0.0
35;119;1;0.0
35;119;2;0.0
35;120;1;0.0
35;120;2;0.0
35;121;1;0.0
35;121;2;0.0
35;122;1;0.0
35;122;2;0.0
35;123;1;0.0
35;123;2;0.0
35;124;1;0.0
35;124;2;0.0
35;125;1;0.0
35;125;2;0.0
35;126;1;0.0
35;126;2;0.0
35;127;1;0.0
35;127;2;0.0
35;128;1;0.0
35;128;2;0.0
35;129;1;0.0
35;129;2;0.0
35;130;1;0.0
35;130;2;0.0
35;131;1;0.0
35;131;2;0.0
35;132;1;0.0
35;132;2;0.0
35;133;1;0.0
35;133;2;0.0
35;134;1;0.0
35;134;2;0.0
35;135;1;0.0
35;135;2;0.0
35;136;1;0.0
35;136;2;0.0
35;137;1;0.0
35;137;2;0.0
35;138;1;0.0
35;138;2;0.0
35;139;1;0.0
35;139;2;0.0
35;140;1;0.0
35;140;2;0.0
35;141;1;0.0
35;141;2;0.0
35;142;1;0.0
35;142;2;0.0
35;143;1;0.0
35;143;2;0.0
35;144;1;0.0
35;144;2;0.0
35;145;1;0.0
35;145;2;0.0
35;146;1;0.0
35;146;2;0.0
35;147;1;0.0
35;147;2;0.0
35;148;1;0.0
35;148;2;0.0
35;149;1;0.0
35;149;2;0.0
35;150;1;0.0
35;150;2;0.0
35;151;1;0.0
35;151;2;0.0
35;152;1;0.0
35;152;2;0.0
35;153;1;0.0
35;153;2;0.0
35;154;1;0.0
35;154;2;0.0
35;155;1;0.0
35;155;2;0.0
35;156;1;0.0
35;156;2;0.0
35;157;1;0.0
35;157;2;0.0
35;158;1;0.0
35;158;2;0.0
35;159;1;0.0
35;159;2;0.0
35;160;1;0.0
35;160;2;0.0
35;161;1;0.0
35;161;2;0.0
35;162;1;0.0
35;162;2;0.0
35;163;1;0.0
35;163;2;0.0
35;164;1;0.0
35;164;2;0.0
35;165;1;0.0
35;165;2;0.0
35;166;1;0.0
35;166;2;0.0
35;167;1;0.0
35;167;2;0.0
35;168;1;0.0
35;168;2;0.0
36;1;1;0.0
36;1;2;0.0
36;2;1;0.0
36;2;2;0.0
36;3;1;0.0
36;3;2;0.0
36;4;1;0.0
36;4;2;0.0
36;5;1;0.0
36;5;2;0.0
36;6;1;0.0
36;6;2;0.0
36;7;1;0.0
36;7;2;0.0
36;8;1;0.0
36;8;2;0.0
36;9;1;0.0
36;9;2;0.0
36;10;1;0.0
36;10;2;0.0
36;11;1;0.0
36;11;2;0.0
36;12;1;0.0
36;12;2;0.0
36;13;1;0.0
36;13;2;0.0
36;14;1;0.0
36;14;2;0.0
36;15;1;0.0
36;15;2;0.0
36;16;1;0.0
36;16;2;0.0
36;17;1;0.0
36;17;2;0.0
36;18;1;0.0
36;18;2;0.0
36;19;1;0.0
36;19;2;0.0
36;20;1;0.0
36;20;2;0.0
36;21;1;0.0
36;21;2;0.0
36;22;1;0.0
36;22;2;0.0
36;23;1;0.0
36;23;2;0.0
36;24;1;0.0
36;24;2;0.0
36;25;1;0.0
36;25;2;0.0
36;26;1;0.0
36;26;2;0.0
36;27;1;0.0
36;27;2;0.0
36;28;1;0.0
36;28;2;0.0
36;29;1;0.0
36;29;2;0.0
36;30;1;0.0
36;30;2;0.0
36;31;1;0.0
36;31;2;0.0
36;32;1;0.0
36;32;2;0.0
36;33;1;0.0
36;33;2;0.0
36;34;1;0.0
36;34;2;0.0
36;35;1;0.0
36;35;2;0.0
36;36;1;0.0
36;36;2;0.0
36;37;1;0.0
36;37;2;0.0
36;38;1;0.0
36;38;2;0.0
36;39;1;0.0
36;39;2;0.0
36;40;1;0.0
36;40;2;0.0
36;41;1;0.0
36;41;2;0.0
36;42;1;0.0
36;42;2;0.0
36;43;1;0.0
36;43;2;0.0
36;44;1;0.0
36;44;2;0.0
36;45;1;0.0
36;45;2;0.0
36;46;1;0.0
36;46;2;0.0
36;47;1;0.0
36;47;2;0.0
36;48;1;0.0
36;48;2;0.0
36;49;1;0.0
36;49;2;0.0
36;50;1;0.0
36;50;2;0.0
36;51;1;0.0
36;51;2;0.0
36;52;1;0.0
36;52;2;0.0
36;53;1;0.0
36;53;2;0.0
36;54;1;0.0
36;54;2;0.0
36;55;1;0.0
36;55;2;0.0
36;56;1;0.0
36;56;2;0.0
36;57;1;0.0
36;57;2;0.0
36;58;1;0.0
36;58;2;0.0
36;59;1;0.0
36;59;2;0.0
36;60;1;0.0
36;60;2;0.0
36;61;1;0.0
36;61;2;0.0
36;62;1;0.0
36;62;2;0.0
36;63;1;0.0
36;63;2;0.0
36;64;1;0.0
36;64;2;0.0
36;65;1;0.0
36;65;2;0.0
36;66;1;0.0
36;66;2;0.0
36;67;1;0.0
36;67;2;0.0
36;68;1;0.0
36;68;2;0.0
36;69;1;0.0
36;69;2;0.0
36;70;1;0.0
36;70;2;0.0
36;71;1;0.0
36;71;2;0.0
36;72;1;0.0
36;72;2;0.0
36;73;1;0.0
36;73;2;0.0
36;74;1;0.0
36;74;2;0.0
36;75;1;0.0
36;75;2;0.0
36;76;1;0.0
36;76;2;0.0
36;77;1;0.0
36;77;2;0.0
36;78;1;0.0
36;78;2;0.0
36;79;1;0.0
36;79;2;0.0
36;80;1;0.0
36;80;2;0.0
36;81;1;0.0
36;81;2;0.0
36;82;1;0.0
36;82;2;0.0
36;83;1;0.0
36;83;2;0.0
36;84;1;0.0
36;84;2;0.0
36;85;1;0.0
36;85;2;0.0
36;86;1;0.0
36;86;2;0.0
36;87;1;0.0
36;87;2;0.0
36;88;1;0.0
36;88;2;0.0
36;89;1;0.0
36;89;2;0.0
36;90;1;0.0
36;90;2;0.0
36;91;1;0.0
36;91;2;0.0
36;92;1;0.0
36;92;2;0.0
36;93;1;0.0
36;93;2;0.0
36;94;1;0.0
36;94;2;0.0
36;95;1;0.0
36;95;2;0.0
36;96;1;0.0
36;96;2;0.0
36;97;1;0.0
36;97;2;0.0
36;98;1;0.0
36;98;2;0.0
36;99;1;0.0
36;99;2;0.0
36;100;1;0.0
36;100;2;0.0
36;101;1;0.0
36;101;2;0.0
36;102;1;0.0
36;102;2;0.0
36;103;1;0.0
36;103;2;0.0
36;104;1;0.0
36;104;2;0.0
36;105;1;0.0
36;105;2;0.0
36;106;1;0.0
36;106;2;0.0
36;107;1;0.0
36;107;2;0.0
36;108;1;0.0
36;108;2;0.0
36;109;1;0.0
36;109;2;0.0
36;110;1;0.0
36;110;2;0.0
36;111;1;0.0
36;111;2;0.0
36;112;1;0.0
36;112;2;0.0
36;113;1;0.0
36;113;2;0.0
36;114;1;0.0
36;114;2;0.0
36;115;1;0.0
36;115;2;0.0
36;116;1;0.0
36;116;2;0.0
36;117;1;0.0
36;117;2;0.0
36;118;1;0.0
36;118;2;0.0
36;119;1;0.0
36;119;2;0.0
36;120;1;0.0
36;120;2;0.0
36;121;1;0.0
36;121;2;0.0
36;122;1;0.0
36;122;2;0.0
36;123;1;0.0
36;123;2;0.0
36;124;1;0.0
36;124;2;0.0
36;125;1;0.0
36;125;2;0.0
36;126;1;0.0
36;126;2;0.0
36;127;1;0.0
36;127;2;0.0
36;128;1;0.0
36;128;2;0.0
36;129;1;0.0
36;129;2;0.0
36;130;1;0.0
36;130;2;0.0
36;131;1;0.0
36;131;2;0.0
36;132;1;0.0
36;132;2;0.0
36;133;1;0.0
36;133;2;0.0
36;134;1;0.0
36;134;2;0.0
36;135;1;0.0
36;135;2;0.0
36;136;1;0.0
36;136;2;0.0
36;137;1;0.0
36;137;2;0.0
36;138;1;0.0
36;138;2;0.0
36;139;1;0.0
36;139;2;0.0
36;140;1;0.0
36;140;2;0.0
36;141;1;0.0
36;141;2;0.0
36;142;1;0.0
36;142;2;0.0
36;143;1;0.0
36;143;2;0.0
36;144;1;0.0
36;144;2;0.0
36;145;1;0.0
36;145;2;0.0
36;146;1;0.0
36;146;2;0.0
36;147;1;0.0
36;147;2;0.0
36;148;1;0.0
36;148;2;0.0
36;149;1;0.0
36;149;2;0.0
36;150;1;0.0
36;150;2;0.0
36;151;1;0.0
36;151;2;0.0
36;152;1;0.0
36;152;2;0.0
36;153;1;0.0
36;153;2;0.0
36;154;1;0.0
36;154;2;0.0
36;155;1;0.0
36;155;2;0.0
36;156;1;0.0
36;156;2;0.0
36;157;1;0.0
36;157;2;0.0
36;158;1;0.0
36;158;2;0.0
36;159;1;0.0
36;159;2;0.0
36;160;1;0.0
36;160;2;0.0
36;161;1;0.0
36;161;2;0.0
36;162;1;0.0
36;162;2;0.0
36;163;1;0.0
36;163;2;0.0
36;164;1;0.0
36;164;2;0.0
36;165;1;0.0
36;165;2;0.0
36;166;1;0.0
36;166;2;0.0
36;167;1;0.0
36;167;2;0.0
36;168;1;0.0
36;168;2;0.0
37;1;1;0.0
37;1;2;0.0
37;2;1;0.0
37;2;2;0.0
37;3;1;0.0
37;3;2;0.0
37;4;1;0.0
37;4;2;0.0
37;5;1;0.0
37;5;2;0.0
37;6;1;0.0
37;6;2;0.0
37;7;1;0.0
37;7;2;0.0
37;8;1;0.0
37;8;2;0.0
37;9;1;0.0
37;9;2;0.0
37;10;1;0.0
37;10;2;0.0
37;11;1;0.0
37;11;2;0.0
37;12;1;0.0
37;12;2;0.0
37;13;1;0.0
37;13;2;0.0
37;14;1;0.0
37;14;2;0.0
37;15;1;0.0
37;15;2;0.0
37;16;1;0.0
37;16;2;0.0
37;17;1;0.0
37;17;2;0.0
37;18;1;0.0
37;18;2;0.0
37;19;1;0.0
37;19;2;0.0
37;20;1;0.0
37;20;2;0.0
37;21;1;0.0
37;21;2;0.0
37;22;1;0.0
37;22;2;0.0
37;23;1;0.0
37;23;2;0.0
37;24;1;0.0
37;24;2;0.0
37;25;1;0.0
37;25;2;0.0
37;26;1;0.0
37;26;2;0.0
37;27;1;0.0
37;27;2;0.0
37;28;1;0.0
37;28;2;0.0
37;29;1;0.0
37;29;2;0.0
37;30;1;0.0
37;30;2;0.0
37;31;1;0.0
37;31;2;0.0
37;32;1;0.0
37;32;2;0.0
37;33;1;0.0
37;33;2;0.0
37;34;1;0.0
37;34;2;0.0
37;35;1;0.0
37;35;2;0.0
37;36;1;0.0
37;36;2;0.0
37;37;1;0.0
37;37;2;0.0
37;38;1;0.0
37;38;2;0.0
37;39;1;0.0
37;39;2;0.0
37;40;1;0.0
37;40;2;0.0
37;41;1;0.0
37;41;2;0.0
37;42;1;0.0
37;42;2;0.0
37;43;1;0.0
37;43;2;0.0
37;44;1;0.0
37;44;2;0.0
37;45;1;0.0
37;45;2;0.0
37;46;1;0.0
37;46;2;0.0
37;47;1;0.0
37;47;2;0.0
37;48;1;0.0
37;48;2;0.0
37;49;1;0.0
37;49;2;0.0
37;50;1;0.0
37;50;2;0.0
37;51;1;0.0
37;51;2;0.0
37;52;1;0.0
37;52;2;0.0
37;53;1;0.0
37;53;2;0.0
37;54;1;0.0
37;54;2;0.0
37;55;1;0.0
37;55;2;0.0
37;56;1;0.0
37;56;2;0.0
37;57;1;0.0
37;57;2;0.0
37;58;1;0.0
37;58;2;0.0
37;59;1;0.0
37;59;2;0.0
37;60;1;0.0
37;60;2;0.0
37;61;1;0.0
37;61;2;0.0
37;62;1;0.0
37;62;2;0.0
37;63;1;0.0
37;63;2;0.0
37;64;1;0.0
37;64;2;0.0
37;65;1;0.0
37;65;2;0.0
37;66;1;0.0
37;66;2;0.0
37;67;1;0.0
37;67;2;0.0
37;68;1;0.0
37;68;2;0.0
37;69;1;0.0
37;69;2;0.0
37;70;1;0.0
37;70;2;0.0
37;71;1;0.0
37;71;2;0.0
37;72;1;0.0
37;72;2;0.0
37;73;1;0.0
37;73;2;0.0
37;74;1;0.0
37;74;2;0.0
37;75;1;0.0
37;75;2;0.0
37;76;1;0.0
37;76;2;0.0
37;77;1;0.0
37;77;2;0.0
37;78;1;0.0
37;78;2;0.0
37;79;1;0.0
37;79;2;0.0
37;80;1;0.0
37;80;2;0.0
37;81;1;0.0
37;81;2;0.0
37;82;1;0.0
37;82;2;0.0
37;83;1;0.0
37;83;2;0.0
37;84;1;0.0
37;84;2;0.0
37;85;1;0.0
37;85;2;0.0
37;86;1;0.0
37;86;2;0.0
37;87;1;0.0
37;87;2;0.0
37;88;1;0.0
37;88;2;0.0
37;89;1;0.0
37;89;2;0.0
37;90;1;0.0
37;90;2;0.0
37;91;1;0.0
37;91;2;0.0
37;92;1;0.0
37;92;2;0.0
37;93;1;0.0
37;93;2;0.0
37;94;1;0.0
37;94;2;0.0
37;95;1;0.0
37;95;2;0.0
37;96;1;0.0
37;96;2;0.0
37;97;1;0.0
37;97;2;0.0
37;98;1;0.0
37;98;2;0.0
37;99;1;0.0
37;99;2;0.0
37;100;1;0.0
37;100;2;0.0
37;101;1;0.0
37;101;2;0.0
37;102;1;0.0
37;102;2;0.0
37;103;1;0.0
37;103;2;0.0
37;104;1;0.0
37;104;2;0.0
37;105;1;0.0
37;105;2;0.0
37;106;1;0.0
37;106;2;0.0
37;107;1;0.0
37;107;2;0.0
37;108;1;0.0
37;108;2;0.0
37;109;1;0.0
37;109;2;0.0
37;110;1;0.0
37;110;2;0.0
37;111;1;0.0
37;111;2;0.0
37;112;1;0.0
37;112;2;0.0
37;113;1;0.0
37;113;2;0.0
37;114;1;0.0
37;114;2;0.0
37;115;1;0.0
37;115;2;0.0
37;116;1;0.0
37;116;2;0.0
37;117;1;0.0
37;117;2;0.0
37;118;1;0.0
37;118;2;0.0
37;119;1;0.0
37;119;2;0.0
37;120;1;0.0
37;120;2;0.0
37;121;1;0.0
37;121;2;0.0
37;122;1;0.0
37;122;2;0.0
37;123;1;0.0
37;123;2;0.0
37;124;1;0.0
37;124;2;0.0
37;125;1;0.0
37;125;2;0.0
37;126;1;0.0
37;126;2;0.0
37;127;1;0.0
37;127;2;0.0
37;128;1;0.0
37;128;2;0.0
37;129;1;0.0
37;129;2;0.0
37;130;1;0.0
37;130;2;0.0
37;131;1;0.0
37;131;2;0.0
37;132;1;0.0
37;132;2;0.0
37;133;1;0.0
37;133;2;0.0
37;134;1;0.0
37;134;2;0.0
37;135;1;0.0
37;135;2;0.0
37;136;1;0.0
37;136;2;0.0
37;137;1;0.0
37;137;2;0.0
37;138;1;0.0
37;138;2;0.0
37;139;1;0.0
37;139;2;0.0
37;140;1;0.0
37;140;2;0.0
37;141;1;0.0
37;141;2;0.0
37;142;1;0.0
37;142;2;0.0
37;143;1;0.0
37;143;2;0.0
37;144;1;0.0
37;144;2;0.0
37;145;1;0.0
37;145;2;0.0
37;146;1;0.0
37;146;2;0.0
37;147;1;0.0
37;147;2;0.0
37;148;1;0.0
37;148;2;0.0
37;149;1;0.0
37;149;2;0.0
37;150;1;0.0
37;150;2;0.0
37;151;1;0.0
37;151;2;0.0
37;152;1;0.0
37;152;2;0.0
37;153;1;0.0
37;153;2;0.0
37;154;1;0.0
37;154;2;0.0
37;155;1;0.0
37;155;2;0.0
37;156;1;0.0
37;156;2;0.0
37;157;1;0.0
37;157;2;0.0
37;158;1;0.0
37;158;2;0.0
37;159;1;0.0
37;159;2;0.0
37;160;1;0.0
37;160;2;0.0
37;161;1;0.0
37;161;2;0.0
37;162;1;0.0
37;162;2;0.0
37;163;1;0.0
37;163;2;0.0
37;164;1;0.0
37;164;2;0.0
37;165;1;0.0
37;165;2;0.0
37;166;1;0.0
37;166;2;0.0
37;167;1;0.0
37;167;2;0.0
37;168;1;0.0
37;168;2;0.0
38;1;1;26.032536985561023
38;1;2;4.479229293100291e-14
38;2;1;26.03253698556434
38;2;2;4.479229293100291e-14
38;3;1;26.032536985602924
38;3;2;4.479229293100291e-14
38;4;1;26.032536985577426
38;4;2;4.479229293100291e-14
38;5;1;26.032536985579362
38;5;2;4.479229293100291e-14
38;6;1;26.03253698557833
38;6;2;4.479229293100291e-14
38;7;1;26.032536985579206
38;7;2;4.479229293100291e-14
38;8;1;26.032536985578478
38;8;2;4.479229293100291e-14
38;9;1;2.5832757180509877e-10
38;9;2;1.7375962742442038e-22
38;10;1;2.5656588408039213e-10
38;10;2;1.7375962742442038e-22
38;11;1;2.5192465754370637e-10
38;11;2;1.7375962742442038e-22
38;12;1;2.5538243396606166e-10
38;12;2;1.7375962742442038e-22
38;13;1;2.5748148073812655e-10
38;13;2;1.7375962742442038e-22
38;14;1;2.57874349342428e-10
38;14;2;1.7375962742442038e-22
38;15;1;2.578487325364127e-10
38;15;2;1.7375962742442038e-22
38;16;1;2.560223158861406e-10
38;16;2;1.7375962742442038e-22
38;17;1;2.5844984809886105e-10
38;17;2;1.7375962742442038e-22
38;18;1;2.56911411491486e-10
38;18;2;1.7375962742442038e-22
38;19;1;2.5253516987685455e-10
38;19;2;1.7375962742442038e-22
38;20;1;2.5595537822236085e-10
38;20;2;1.7375962742442038e-22
38;21;1;2.577172738693568e-10
38;21;2;1.7375962742442038e-22
38;22;1;2.578952508222492e-10
38;22;2;1.7375962742442038e-22
38;23;1;2.5792271166212323e-10
38;23;2;1.7375962742442038e-22
38;24;1;2.5598468522480646e-10
38;24;2;1.7375962742442038e-22
38;25;1;2.5832757180509877e-10
38;25;2;1.7375962742442038e-22
38;26;1;2.5656588408039213e-10
38;26;2;1.7375962742442038e-22
38;27;1;2.5192465754370637e-10
38;27;2;1.7375962742442038e-22
38;28;1;2.5538243396606166e-10
38;28;2;1.7375962742442038e-22
38;29;1;2.5748148073812655e-10
38;29;2;1.7375962742442038e-22
38;30;1;2.57874349342428e-10
38;30;2;1.7375962742442038e-22
38;31;1;2.578487325364127e-10
38;31;2;1.7375962742442038e-22
38;32;1;2.560223158861406e-10
38;32;2;1.7375962742442038e-22
38;33;1;2.5844984809886105e-10
38;33;2;1.7375962742442038e-22
38;34;1;2.56911411491486e-10
38;34;2;1.7375962742442038e-22
38;35;1;2.5253516987685455e-10
38;35;2;1.7375962742442038e-22
38;36;1;2.5595537822236085e-10
38;36;2;1.7375962742442038e-22
38;37;1;2.577172738693568e-10
38;37;2;1.7375962742442038e-22
38;38;1;2.578952508222492e-10
38;38;2;1.7375962742442038e-22
38;39;1;2.5792271166212323e-10
38;39;2;1.7375962742442038e-22
38;40;1;2.5598468522480646e-10
38;40;2;1.7375962742442038e-22
38;41;1;5.009539449929434e-10
38;41;2;0.0
38;42;1;4.988294222130207e-10
38;42;2;0.0
38;43;1;4.6492587557622755e-10
38;43;2;0.0
38;44;1;4.869740166668635e-10
38;44;2;0.0
38;45;1;4.850342349982384e-10
38;45;2;0.0
38;46;1;4.858335955759685e-10
38;46;2;0.0
38;47;1;4.857163560245681e-10
38;47;2;0.0
38;48;1;4.888356386345549e-10
38;48;2;0.0
38;49;1;5.006342007618514e-10
38;49;2;0.0
38;50;1;4.987761315078387e-10
38;50;2;0.0
38;51;1;4.6487969029840315e-10
38;51;2;0.0
38;52;1;4.869455949574331e-10
38;52;2;0.0
38;53;1;4.850342349982384e-10
38;53;2;0.0
38;54;1;4.856239854689193e-10
38;54;2;0.0
38;55;1;4.856275381825981e-10
38;55;2;0.0
38;56;1;4.888462967755913e-10
38;56;2;0.0
38;57;1;4.990710067431792e-10
38;57;2;0.0
38;58;1;4.981579593277274e-10
38;58;2;0.0
38;59;1;4.651887763884588e-10
38;59;2;0.0
38;60;1;4.89190910002435e-10
38;60;2;0.0
38;61;1;4.855102986311977e-10
38;61;2;0.0
38;62;1;4.85449902498658e-10
38;62;2;0.0
38;63;1;4.853824009387608e-10
38;63;2;0.0
38;64;1;4.889137983354885e-10
38;64;2;0.0
38;65;1;4.990781121705368e-10
38;65;2;0.0
38;66;1;4.981615120414062e-10
38;66;2;0.0
38;67;1;4.651354856832768e-10
38;67;2;0.0
38;68;1;4.891624882930046e-10
38;68;2;0.0
38;69;1;4.855102986311977e-10
38;69;2;0.0
38;70;1;4.852651613873604e-10
38;70;2;0.0
38;71;1;4.853326629472576e-10
38;71;2;0.0
38;72;1;4.889315619038825e-10
38;72;2;0.0
38;73;1;5.012950055061083e-10
38;73;2;0.0
38;74;1;4.997851021926181e-10
38;74;2;0.0
38;75;1;4.657252361539577e-10
38;75;2;0.0
38;76;1;4.878053516677028e-10
38;76;2;0.0
38;77;1;4.847962031817588e-10
38;77;2;0.0
38;78;1;4.859153079905809e-10
38;78;2;0.0
38;79;1;4.856808288877801e-10
38;79;2;0.0
38;80;1;4.889031401944521e-10
38;80;2;0.0
38;81;1;5.006484116165666e-10
38;81;2;0.0
38;82;1;4.994724633888836e-10
38;82;2;0.0
38;83;1;4.65380622927114e-10
38;83;2;0.0
38;84;1;4.874678438682167e-10
38;84;2;0.0
38;85;1;4.847819923270436e-10
38;85;2;0.0
38;86;1;4.764331151818624e-10
38;86;2;0.0
38;87;1;5.040519113208575e-10
38;87;2;0.0
38;88;1;4.888960347670945e-10
38;88;2;0.0
38;89;1;4.990674540295004e-10
38;89;2;0.0
38;90;1;4.978204515282414e-10
38;90;2;0.0
38;91;1;4.6545167720069003e-10
38;91;2;0.0
38;92;1;4.893223604085506e-10
38;92;2;0.0
38;93;1;4.860929436745209e-10
38;93;2;0.0
38;94;1;4.85361084656688e-10
38;94;2;0.0
38;95;1;4.854641133533732e-10
38;95;2;0.0
38;96;1;4.889066929081309e-10
38;96;2;0.0
38;97;1;4.990639013158216e-10
38;97;2;0.0
38;98;1;4.978204515282414e-10
38;98;2;0.0
38;99;1;4.653770702134352e-10
38;99;2;0.0
38;100;1;4.892655169896898e-10
38;100;2;0.0
38;101;1;4.861000491018785e-10
38;101;2;0.0
38;102;1;4.85254503246324e-10
38;102;2;0.0
38;103;1;4.853930590797972e-10
38;103;2;0.0
38;104;1;4.889066929081309e-10
38;104;2;0.0
38;105;1;5.009539449929434e-10
38;105;2;0.0
38;106;1;4.988294222130207e-10
38;106;2;0.0
38;107;1;4.6492587557622755e-10
38;107;2;0.0
38;108;1;4.869740166668635e-10
38;108;2;0.0
38;109;1;4.850342349982384e-10
38;109;2;0.0
38;110;1;4.858335955759685e-10
38;110;2;0.0
38;111;1;4.857163560245681e-10
38;111;2;0.0
38;112;1;4.888356386345549e-10
38;112;2;0.0
38;113;1;5.006342007618514e-10
38;113;2;0.0
38;114;1;4.987761315078387e-10
38;114;2;0.0
38;115;1;4.6487969029840315e-10
38;115;2;0.0
38;116;1;4.869455949574331e-10
38;116;2;0.0
38;117;1;4.850342349982384e-10
38;117;2;0.0
38;118;1;4.856239854689193e-10
38;118;2;0.0
38;119;1;4.856275381825981e-10
38;119;2;0.0
38;120;1;4.888462967755913e-10
38;120;2;0.0
38;121;1;4.990710067431792e-10
38;121;2;0.0
38;122;1;4.981579593277274e-10
38;122;2;0.0
38;123;1;4.651887763884588e-10
38;123;2;0.0
38;124;1;4.89190910002435e-10
38;124;2;0.0
38;125;1;4.855102986311977e-10
38;125;2;0.0
38;126;1;4.85449902498658e-10
38;126;2;0.0
38;127;1;4.853824009387608e-10
38;127;2;0.0
38;128;1;4.889137983354885e-10
38;128;2;0.0
38;129;1;4.990781121705368e-10
38;129;2;0.0
38;130;1;4.981615120414062e-10
38;130;2;0.0
38;131;1;4.651354856832768e-10
38;131;2;0.0
38;132;1;4.891624882930046e-10
38;132;2;0.0
38;133;1;4.855102986311977e-10
38;133;2;0.0
38;134;1;4.852651613873604e-10
38;134;2;0.0
38;135;1;4.853326629472576e-10
38;135;2;0.0
38;136;1;4.889315619038825e-10
38;136;2;0.0
38;137;1;5.012950055061083e-10
38;137;2;0.0
38;138;1;4.997851021926181e-10
38;138;2;0.0
38;139;1;4.657252361539577e-10
38;139;2;0.0
38;140;1;4.878053516677028e-10
38;140;2;0.0
38;141;1;4.847962031817588e-10
38;141;2;0.0
38;142;1;4.859153079905809e-10
38;142;2;0.0
38;143;1;4.856808288877801e-10
38;143;2;0.0
38;144;1;4.889031401944521e-10
38;144;2;0.0
38;145;1;5.006484116165666e-10
38;145;2;0.0
38;146;1;4.994724633888836e-10
38;146;2;0.0
38;147;1;4.65380622927114e-10
38;147;2;0.0
38;148;1;4.874678438682167e-10
38;148;2;0.0
38;149;1;4.847819923270436e-10
38;149;2;0.0
38;150;1;4.764331151818624e-10
38;150;2;0.0
38;151;1;5.040519113208575e-10
38;151;2;0.0
38;152;1;4.888960347670945e-10
38;152;2;0.0
38;153;1;4.990674540295004e-10
38;153;2;0.0
38;154;1;4.978204515282414e-10
38;154;2;0.0
38;155;1;4.6545167720069003e-10
38;155;2;0.0
38;156;1;4.893223604085506e-10
38;156;2;0.0
38;157;1;4.860929436745209e-10
38;157;2;0.0
38;158;1;4.85361084656688e-10
38;158;2;0.0
38;159;1;4.854641133533732e-10
38;159;2;0.0
38;160;1;4.889066929081309e-10
38;160;2;0.0
38;161;1;4.990639013158216e-10
38;161;2;0.0
38;162;1;4.978204515282414e-10
38;162;2;0.0
38;163;1;4.653770702134352e-10
38;163;2;0.0
38;164;1;4.892655169896898e-10
38;164;2;0.0
38;165;1;4.861000491018785e-10
38;165;2;0.0
38;166;1;4.85254503246324e-10
38;166;2;0.0
38;167;1;4.853930590797972e-10
38;167;2;0.0
38;168;1;4.889066929081309e-10
38;168;2;0.0
39;1;1;4.479229293100291e-14
39;1;2;4.479229293100291e-14
39;2;1;4.479229293100291e-14
39;2;2;4.479229293100291e-14
39;3;1;4.479229293100291e-14
39;3;2;4.479229293100291e-14
39;4;1;4.479229293100291e-14
39;4;2;4.479229293100291e-14
39;5;1;4.479229293100291e-14
39;5;2;4.479229293100291e-14
39;6;1;4.479229293100291e-14
39;6;2;4.479229293100291e-14
39;7;1;4.479229293100291e-14
39;7;2;4.479229293100291e-14
39;8;1;4.479229293100291e-14
39;8;2;4.479229293100291e-14
39;9;1;1.7375962742442038e-22
39;9;2;1.7375962742442038e-22
39;10;1;1.7375962742442038e-22
39;10;2;1.7375962742442038e-22
39;11;1;1.7375962742442038e-22
39;11;2;1.7375962742442038e-22
39;12;1;1.7375962742442038e-22
39;12;2;1.7375962742442038e-22
39;13;1;1.7375962742442038e-22
39;13;2;1.7375962742442038e-22
39;14;1;1.7375962742442038e-22
39;14;2;1.7375962742442038e-22
39;15;1;1.7375962742442038e-22
39;15;2;1.7375962742442038e-22
39;16;1;1.7375962742442038e-22
39;16;2;1.7375962742442038e-22
39;17;1;1.7375962742442038e-22
39;17;2;1.7375962742442038e-22
39;18;1;1.7375962742442038e-22
39;18;2;1.7375962742442038e-22
39;19;1;1.7375962742442038e-22
39;19;2;1.7375962742442038e-22
39;20;1;1.7375962742442038e-22
39;20;2;1.7375962742442038e-22
39;21;1;1.7375962742442038e-22
39;21;2;1.7375962742442038e-22
39;22;1;1.7375962742442038e-22
39;22;2;1.7375962742442038e-22
39;23;1;1.7375962742442038e-22
39;23;2;1.7375962742442038e-22
39;24;1;1.7375962742442038e-22
39;24;2;1.7375962742442038e-22
39;25;1;1.7375962742442038e-22
39;25;2;1.7375962742442038e-22
39;26;1;1.7375962742442038e-22
39;26;2;1.7375962742442038e-22
39;27;1;1.7375962742442038e-22
39;27;2;1.7375962742442038e-22
39;28;1;1.7375962742442038e-22
39;28;2;1.7375962742442038e-22
39;29;1;1.7375962742442038e-22
39;29;2;1.7375962742442038e-22
39;30;1;1.7375962742442038e-22
39;30;2;1.7375962742442038e-22
39;31;1;1.7375962742442038e-22
39;31;2;1.7375962742442038e-22
39;32;1;1.7375962742442038e-22
39;32;2;1.7375962742442038e-22
39;33;1;1.7375962742442038e-22
39;33;2;1.7375962742442038e-22
39;34;1;1.7375962742442038e-22
39;34;2;1.7375962742442038e-22
39;35;1;1.7375962742442038e-22
39;35;2;1.7375962742442038e-22
39;36;1;1.7375962742442038e-22
39;36;2;1.7375962742442038e-22
39;37;1;1.7375962742442038e-22
39;37;2;1.7375962742442038e-22
39;38;1;1.7375962742442038e-22
39;38;2;1.7375962742442038e-22
39;39;1;1.7375962742442038e-22
39;39;2;1.7375962742442038e-22
39;40;1;1.7375962742442038e-22
39;40;2;1.7375962742442038e-22
39;41;1;0.0
39;41;2;0.0
39;42;1;0.0
39;42;2;0.0
39;43;1;0.0
39;43;2;0.0
39;44;1;0.0
39;44;2;0.0
39;45;1;0.0
39;45;2;0.0
39;46;1;0.0
39;46;2;0.0
39;47;1;0.0
39;47;2;0.0
39;48;1;0.0
39;48;2;0.0
39;49;1;0.0
39;49;2;0.0
39;50;1;0.0
39;50;2;0.0
39;51;1;0.0
39;51;2;0.0
39;52;1;0.0
39;52;2;0.0
39;53;1;0.0
39;53;2;0.0
39;54;1;0.0
39;54;2;0.0
39;55;1;0.0
39;55;2;0.0
39;56;1;0.0
39;56;2;0.0
39;57;1;0.0
39;57;2;0.0
39;58;1;0.0
39;58;2;0.0
39;59;1;0.0
39;59;2;0.0
39;60;1;0.0
39;60;2;0.0
39;61;1;0.0
39;61;2;0.0
39;62;1;0.0
39;62;2;0.0
39;63;1;0.0
39;63;2;0.0
39;64;1;0.0
39;64;2;0.0
39;65;1;0.0
39;65;2;0.0
39;66;1;0.0
39;66;2;0.0
39;67;1;0.0
39;67;2;0.0
39;68;1;0.0
39;68;2;0.0
39;69;1;0.0
39;69;2;0.0
39;70;1;0.0
39;70;2;0.0
39;71;1;0.0
39;71;2;0.0
39;72;1;0.0
39;72;2;0.0
39;73;1;0.0
39;73;2;0.0
39;74;1;0.0
39;74;2;0.0
39;75;1;0.0
39;75;2;0.0
39;76;1;0.0
39;76;2;0.0
39;77;1;0.0
39;77;2;0.0
39;78;1;0.0
39;78;2;0.0
39;79;1;0.0
39;79;2;0.0
39;80;1;0.0
39;80;2;0.0
39;81;1;0.0
39;81;2;0.0
39;82;1;0.0
39;82;2;0.0
39;83;1;0.0
39;83;2;0.0
39;84;1;0.0
39;84;2;0.0
39;85;1;0.0
39;85;2;0.0
39;86;1;0.0
39;86;2;0.0
39;87;1;0.0
39;87;2;0.0
39;88;1;0.0
39;88;2;0.0
39;89;1;0.0
39;89;2;0.0
39;90;1;0.0
39;90;2;0.0
39;91;1;0.0
39;91;2;0.0
39;92;1;0.0
39;92;2;0.0
39;93;1;0.0
39;93;2;0.0
39;94;1;0.0
39;94;2;0.0
39;95;1;0.0
39;95;2;0.0
39;96;1;0.0
39;96;2;0.0
39;97;1;0.0
39;97;2;0.0
39;98;1;0.0
39;98;2;0.0
39;99;1;0.0
39;99;2;0.0
39;100;1;0.0
39;100;2;0.0
39;101;1;0.0
39;101;2;0.0
39;102;1;0.0
39;102;2;0.0
39;103;1;0.0
39;103;2;0.0
39;104;1;0.0
39;104;2;0.0
39;105;1;0.0
39;105;2;0.0
39;106;1;0.0
39;106;2;0.0
39;107;1;0.0
39;107;2;0.0
39;108;1;0.0
39;108;2;0.0
39;109;1;0.0
39;109;2;0.0
39;110;1;0.0
39;110;2;0.0
39;111;1;0.0
39;111;2;0.0
39;112;1;0.0
39;112;2;0.0
39;113;1;0.0
39;113;2;0.0
39;114;1;0.0
39;114;2;0.0
39;115;1;0.0
39;115;2;0.0
39;116;1;0.0
39;116;2;0.0
39;117;1;0.0
39;117;2;0.0
39;118;1;0.0
39;118;2;0.0
39;119;1;0.0
39;119;2;0.0
39;120;1;0.0
39;120;2;0.0
39;121;1;0.0
39;121;2;0.0
39;122;1;0.0
39;122;2;0.0
39;123;1;0.0
39;123;2;0.0
39;124;1;0.0
39;124;2;0.0
39;125;1;0.0
39;125;2;0.0
39;126;1;0.0
39;126;2;0.0
39;127;1;0.0
39;127;2;0.0
39;128;1;0.0
39;128;2;0.0
39;129;1;0.0
39;129;2;0.0
39;130;1;0.0
39;130;2;0.0
39;131;1;0.0
39;131;2;0.0
39;132;1;0.0
39;132;2;0.0
39;133;1;0.0
39;133;2;0.0
39;134;1;0.0
39;134;2;0.0
39;135;1;0.0
39;135;2;0.0
39;136;1;0.0
39;136;2;0.0
39;137;1;0.0
39;137;2;0.0
39;138;1;0.0
39;138;2;0.0
39;139;1;0.0
39;139;2;0.0
39;140;1;0.0
39;140;2;0.0
39;141;1;0.0
39;141;2;0.0
39;142;1;0.0
39;142;2;0.0
39;143;1;0.0
39;143;2;0.0
39;144;1;0.0
39;144;2;0.0
39;145;1;0.0
39;145;2;0.0
39;146;1;0.0
39;146;2;0.0
39;147;1;0.0
39;147;2;0.0
39;148;1;0.0
39;148;2;0.0
39;149;1;0.0
39;149;2;0.0
39;150;1;0.0
39;150;2;0.0
39;151;1;0.0
39;151;2;0.0
39;152;1;0.0
39;152;2;0.0
39;153;1;0.0
39;153;2;0.0
39;154;1;0.0
39;154;2;0.0
39;155;1;0.0
39;155;2;0.0
39;156;1;0.0
39;156;2;0.0
39;157;1;0.0
39;157;2;0.0
39;158;1;0.0
39;158;2;0.0
39;159;1;0.0
39;159;2;0.0
39;160;1;0.0
39;160;2;0.0
39;161;1;0.0
39;161;2;0.0
39;162;1;0.0
39;162;2;0.0
39;163;1;0.0
39;163;2;0.0
39;164;1;0.0
39;164;2;0.0
39;165;1;0.0
39;165;2;0.0
39;166;1;0.0
39;166;2;0.0
39;167;1;0.0
39;167;2;0.0
39;168;1;0.0
39;168;2;0.0
40;1;1;0.0
40;1;2;0.0
40;2;1;0.0
40;2;2;0.0
40;3;1;0.0
40;3;2;0.0
40;4;1;0.0
40;4;2;0.0
40;5;1;0.0
40;5;2;0.0
40;6;1;0.0
40;6;2;0.0
40;7;1;0.0
40;7;2;0.0
40;8;1;0.0
40;8;2;0.0
40;9;1;0.0
40;9;2;0.0
40;10;1;0.0
40;10;2;0.0
40;11;1;0.0
40;11;2;0.0
40;12;1;0.0
40;12;2;0.0
40;13;1;0.0
40;13;2;0.0
40;14;1;0.0
40;14;2;0.0
40;15;1;0.0
40;15;2;0.0
40;16;1;0.0
40;16;2;0.0
40;17;1;0.0
40;17;2;0.0
40;18;1;0.0
40;18;2;0.0
40;19;1;0.0
40;19;2;0.0
40;20;1;0.0
40;20;2;0.0
40;21;1;0.0
40;21;2;0.0
40;22;1;0.0
40;22;2;0.0
40;23;1;0.0
40;23;2;0.0
40;24;1;0.0
40;24;2;0.0
40;25;1;0.0
40;25;2;0.0
40;26;1;0.0
40;26;2;0.0
40;27;1;0.0
40;27;2;0.0
40;28;1;0.0
40;28;2;0.0
40;29;1;0.0
40;29;2;0.0
40;30;1;0.0
40;30;2;0.0
40;31;1;0.0
40;31;2;0.0
40;32;1;0.0
40;32;2;0.0
40;33;1;0.0
40;33;2;0.0
40;34;1;0.0
40;34;2;0.0
40;35;1;0.0
40;35;2;0.0
40;36;1;0.0
40;36;2;0.0
40;37;1;0.0
40;37;2;0.0
40;38;1;0.0
40;38;2;0.0
40;39;1;0.0
40;39;2;0.0
40;40;1;0.0
40;40;2;0.0
40;41;1;0.0
40;41;2;0.0
40;42;1;0.0
40;42;2;0.0
40;43;1;0.0
40;43;2;0.0
40;44;1;0.0
40;44;2;0.0
40;45;1;0.0
40;45;2;0.0
40;46;1;0.0
40;46;2;0.0
40;47;1;0.0
40;47;2;0.0
40;48;1;0.0
40;48;2;0.0
40;49;1;0.0
40;49;2;0.0
40;50;1;0.0
40;50;2;0.0
40;51;1;0.0
40;51;2;0.0
40;52;1;0.0
40;52;2;0.0
40;53;1;0.0
40;53;2;0.0
40;54;1;0.0
40;54;2;0.0
40;55;1;0.0
40;55;2;0.0
40;56;1;0.0
40;56;2;0.0
40;57;1;0.0
40;57;2;0.0
40;58;1;0.0
40;58;2;0.0
40;59;1;0.0
40;59;2;0.0
40;60;1;0.0
40;60;2;0.0
40;61;1;0.0
40;61;2;0.0
40;62;1;0.0
40;62;2;0.0
40;63;1;0.0
40;63;2;0.0
40;64;1;0.0
40;64;2;0.0
40;65;1;0.0
40;65;2;0.0
40;66;1;0.0
40;66;2;0.0
40;67;1;0.0
40;67;2;0.0
40;68;1;0.0
40;68;2;0.0
40;69;1;0.0
40;69;2;0.0
40;70;1;0.0
40;70;2;0.0
40;71;1;0.0
40;71;2;0.0
40;72;1;0.0
40;72;2;0.0
40;73;1;0.0
40;73;2;0.0
40;74;1;0.0
40;74;2;0.0
40;75;1;0.0
40;75;2;0.0
40;76;1;0.0
40;76;2;0.0
40;77;1;0.0
40;77;2;0.0
40;78;1;0.0
40;78;2;0.0
40;79;1;0.0
40;79;2;0.0
40;80;1;0.0
40;80;2;0.0
40;81;1;0.0
40;81;2;0.0
40;82;1;0.0
40;82;2;0.0
40;83;1;0.0
40;83;2;0.0
40;84;1;0.0
40;84;2;0.0
40;85;1;0.0
40;85;2;0.0
40;86;1;0.0
40;86;2;0.0
40;87;1;0.0
40;87;2;0.0
40;88;1;0.0
40;88;2;0.0
40;89;1;0.0
40;89;2;0.0
40;90;1;0.0
40;90;2;0.0
40;91;1;0.0
40;91;2;0.0
40;92;1;0.0
40;92;2;0.0
40;93;1;0.0
40;93;2;0.0
40;94;1;0.0
40;94;2;0.0
40;95;1;0.0
40;95;2;0.0
40;96;1;0.0
40;96;2;0.0
40;97;1;0.0
40;97;2;0.0
40;98;1;0.0
40;98;2;0.0
40;99;1;0.0
40;99;2;0.0
40;100;1;0.0
40;100;2;0.0
40;101;1;0.0
40;101;2;0.0
40;102;1;0.0
40;102;2;0.0
40;103;1;0.0
40;103;2;0.0
40;104;1;0.0
40;104;2;0.0
40;105;1;0.0
40;105;2;0.0
40;106;1;0.0
40;106;2;0.0
40;107;1;0.0
40;107;2;0.0
40;108;1;0.0
40;108;2;0.0
40;109;1;0.0
40;109;2;0.0
40;110;1;0.0
40;110;2;0.0
40;111;1;0.0
40;111;2;0.0
40;112;1;0.0
40;112;2;0.0
40;113;1;0.0
40;113;2;0.0
40;114;1;0.0
40;114;2;0.0
40;115;1;0.0
40;115;2;0.0
40;116;1;0.0
40;116;2;0.0
40;117;1;0.0
40;117;2;0.0
40;118;1;0.0
40;118;2;0.0
40;119;1;0.0
40;119;2;0.0
40;120;1;0.0
40;120;2;0.0
40;121;1;0.0
40;121;2;0.0
40;122;1;0.0
40;122;2;0.0
40;123;1;0.0
40;123;2;0.0
40;124;1;0.0
40;124;2;0.0
40;125;1;0.0
40;125;2;0.0
40;126;1;0.0
40;126;2;0.0
40;127;1;0.0
40;127;2;0.0
40;128;1;0.0
40;128;2;0.0
40;129;1;0.0
40;129;2;0.0
40;130;1;0.0
40;130;2;0.0
40;131;1;0.0
40;131;2;0.0
40;132;1;0.0
40;132;2;0.0
40;133;1;0.0
40;133;2;0.0
40;134;1;0.0
40;134;2;0.0
40;135;1;0.0
40;135;2;0.0
40;136;1;0.0
40;136;2;0.0
40;137;1;0.0
40;137;2;0.0
40;138;1;0.0
40;138;2;0.0
40;139;1;0.0
40;139;2;0.0
40;140;1;0.0
40;140;2;0.0
40;141;1;0.0
40;141;2;0.0
40;142;1;0.0
40;142;2;0.0
40;143;1;0.0
40;143;2;0.0
40;144;1;0.0
40;144;2;0.0
40;145;1;0.0
40;145;2;0.0
40;146;1;0.0
40;146;2;0.0
40;147;1;0.0
40;147;2;0.0
40;148;1;0.0
40;148;2;0.0
40;149;1;0.0
40;149;2;0.0
40;150;1;0.0
40;150;2;0.0
40;151;1;0.0
40;151;2;0.0
40;152;1;0.0
40;152;2;0.0
40;153;1;0.0
40;153;2;0.0
40;154;1;0.0
40;154;2;0.0
40;155;1;0.0
40;155;2;0.0
40;156;1;0.0
40;156;2;0.0
40;157;1;0.0
40;157;2;0.0
40;158;1;0.0
40;158;2;0.0
40;159;1;0.0
40;159;2;0.0
40;160;1;0.0
40;160;2;0.0
40;161;1;0.0
40;161;2;0.0
40;162;1;0.0
40;162;2;0.0
40;163;1;0.0
40;163;2;0.0
40;164;1;0.0
40;164;2;0.0
40;165;1;0.0
40;165;2;0.0
40;166;1;0.0
40;166;2;0.0
40;167;1;0.0
40;167;2;0.0
40;168;1;0.0
40;168;2;0.0
41;1;1;1.5822602733628486
41;1;2;4.479229293100291e-14
41;2;1;1.5822602733628979
41;2;2;4.479229293100291e-14
41;3;1;1.5822602733635325
41;3;2;4.479229293100291e-14
41;4;1;1.582260273364721
41;4;2;4.479229293100291e-14
41;5;1;1.5822602733649602
41;5;2;4.479229293100291e-14
41;6;1;1.58226027336441
41;6;2;4.479229293100291e-14
41;7;1;1.582260273364823
41;7;2;4.479229293100291e-14
41;8;1;1.5822602733651991
41;8;2;4.479229293100291e-14
41;9;1;2.120133678714611e-10
41;9;2;1.7375962742442038e-22
41;10;1;2.1201696332381515e-10
41;10;2;1.7375962742442038e-22
41;11;1;2.1217832936962116e-10
41;11;2;1.7375962742442038e-22
41;12;1;2.121633676705305e-10
41;12;2;1.7375962742442038e-22
41;13;1;2.1231925177639571e-10
41;13;2;1.7375962742442038e-22
41;14;1;2.1216446474478475e-10
41;14;2;1.7375962742442038e-22
41;15;1;2.1226122731994862e-10
41;15;2;1.7375962742442038e-22
41;16;1;2.1229295093204934e-10
41;16;2;1.7375962742442038e-22
41;17;1;2.1204492911598822e-10
41;17;2;1.7375962742442038e-22
41;18;1;2.120309109752181e-10
41;18;2;1.7375962742442038e-22
41;19;1;2.1189588509477487e-10
41;19;2;1.7375962742442038e-22
41;20;1;2.1195253663252252e-10
41;20;2;1.7375962742442038e-22
41;21;1;2.1192788615264982e-10
41;21;2;1.7375962742442038e-22
41;22;1;2.1217086215661145e-10
41;22;2;1.7375962742442038e-22
41;23;1;2.1227188456827847e-10
41;23;2;1.7375962742442038e-22
41;24;1;2.1231274487829463e-10
41;24;2;1.7375962742442038e-22
41;25;1;2.120133678714611e-10
41;25;2;1.7375962742442038e-22
41;26;1;2.1201696332381515e-10
41;26;2;1.7375962742442038e-22
41;27;1;2.1217832936962116e-10
41;27;2;1.7375962742442038e-22
41;28;1;2.121633676705305e-10
41;28;2;1.7375962742442038e-22
41;29;1;2.1231925177639571e-10
41;29;2;1.7375962742442038e-22
41;30;1;2.1216446474478475e-10
41;30;2;1.7375962742442038e-22
41;31;1;2.1226122731994862e-10
41;31;2;1.7375962742442038e-22
41;32;1;2.1229295093204934e-10
41;32;2;1.7375962742442038e-22
41;33;1;2.1204492911598822e-10
41;33;2;1.7375962742442038e-22
41;34;1;2.120309109752181e-10
41;34;2;1.7375962742442038e-22
41;35;1;2.1189588509477487e-10
41;35;2;1.7375962742442038e-22
41;36;1;2.1195253663252252e-10
41;36;2;1.7375962742442038e-22
41;37;1;2.1192788615264982e-10
41;37;2;1.7375962742442038e-22
41;38;1;2.1217086215661145e-10
41;38;2;1.7375962742442038e-22
41;39;1;2.1227188456827847e-10
41;39;2;1.7375962742442038e-22
41;40;1;2.1231274487829463e-10
41;40;2;1.7375962742442038e-22
41;41;1;4.1806247352838e-10
41;41;2;0.0
41;42;1;4.1793790650501705e-10
41;42;2;0.0
41;43;1;4.1707659548251286e-10
41;43;2;0.0
41;44;1;4.158464683712282e-10
41;44;2;0.0
41;45;1;4.1637471248634483e-10
41;45;2;0.0
41;46;1;4.168612122157356e-10
41;46;2;0.0
41;47;1;4.1633474445745833e-10
41;47;2;0.0
41;48;1;4.1521119875653767e-10
41;48;2;0.0
41;49;1;4.180775725615149e-10
41;49;2;0.0
41;50;1;4.1791836657978365e-10
41;50;2;0.0
41;51;1;4.1713676957044754e-10
41;51;2;0.0
41;52;1;4.1598258171404723e-10
41;52;2;0.0
41;53;1;4.1642733705771207e-10
41;53;2;0.0
41;54;1;4.1685721541284693e-10
41;54;2;0.0
41;55;1;4.163280831193106e-10
41;55;2;0.0
41;56;1;4.153106747395441e-10
41;56;2;0.0
41;57;1;4.1264480721281416e-10
41;57;2;0.0
41;58;1;4.125753072514726e-10
41;58;2;0.0
41;59;1;4.1408876327864164e-10
41;59;2;0.0
41;60;1;4.147731047510206e-10
41;60;2;0.0
41;61;1;4.145541687705645e-10
41;61;2;0.0
41;62;1;4.138234199757562e-10
41;62;2;0.0
41;63;1;4.1474801371066405e-10
41;63;2;0.0
41;64;1;4.1538039674549054e-10
41;64;2;0.0
41;65;1;4.127214126015133e-10
41;65;2;0.0
41;66;1;4.1259418104289125e-10
41;66;2;0.0
41;67;1;4.1403191985978083e-10
41;67;2;0.0
41;68;1;4.147677756805024e-10
41;68;2;0.0
41;69;1;4.1453351862230647e-10
41;69;2;0.0
41;70;1;4.1377679060872197e-10
41;70;2;0.0
41;71;1;4.1469561118390175e-10
41;71;2;0.0
41;72;1;4.1542747020173465e-10
41;72;2;0.0
41;73;1;4.1803649430960377e-10
41;73;2;0.0
41;74;1;4.179481205568436e-10
41;74;2;0.0
41;75;1;4.173819068142848e-10
41;75;2;0.0
41;76;1;4.162030720067378e-10
41;76;2;0.0
41;77;1;4.1535219708066506e-10
41;77;2;0.0
41;78;1;4.1691849972380624e-10
41;78;2;0.0
41;79;1;4.1624526048167354e-10
41;79;2;0.0
41;80;1;4.1537440154115757e-10
41;80;2;0.0
41;81;1;4.1812509010696886e-10
41;81;2;0.0
41;82;1;4.179701029727312e-10
41;82;2;0.0
41;83;1;4.173899004200621e-10
41;83;2;0.0
41;84;1;4.1624637070469817e-10
41;84;2;0.0
41;85;1;4.153011268215323e-10
41;85;2;0.0
41;86;1;4.170341849629722e-10
41;86;2;0.0
41;87;1;4.1622238988736626e-10
41;87;2;0.0
41;88;1;4.153746235857625e-10
41;88;2;0.0
41;89;1;4.1273984230372207e-10
41;89;2;0.0
41;90;1;4.124918184800208e-10
41;90;2;0.0
41;91;1;4.134437237013344e-10
41;91;2;0.0
41;92;1;4.14217993238708e-10
41;92;2;0.0
41;93;1;4.1510372916775395e-10
41;93;2;0.0
41;94;1;4.136935238818751e-10
41;94;2;0.0
41;95;1;4.1485548329944777e-10
41;95;2;0.0
41;96;1;4.153986044030944e-10
41;96;2;0.0
41;97;1;4.1279557549955825e-10
41;97;2;0.0
41;98;1;4.1241587922513645e-10
41;98;2;0.0
41;99;1;4.1336867262486976e-10
41;99;2;0.0
41;100;1;4.1417158591627867e-10
41;100;2;0.0
41;101;1;4.150360055632518e-10
41;101;2;0.0
41;102;1;4.1393466432282366e-10
41;102;2;0.0
41;103;1;4.147751031524649e-10
41;103;2;0.0
41;104;1;4.153961619124402e-10
41;104;2;0.0
41;105;1;4.1806247352838e-10
41;105;2;0.0
41;106;1;4.1793790650501705e-10
41;106;2;0.0
41;107;1;4.1707659548251286e-10
41;107;2;0.0
41;108;1;4.158464683712282e-10
41;108;2;0.0
41;109;1;4.1637471248634483e-10
41;109;2;0.0
41;110;1;4.168612122157356e-10
41;110;2;0.0
41;111;1;4.1633474445745833e-10
41;111;2;0.0
41;112;1;4.1521119875653767e-10
41;112;2;0.0
41;113;1;4.180775725615149e-10
41;113;2;0.0
41;114;1;4.1791836657978365e-10
41;114;2;0.0
41;115;1;4.1713676957044754e-10
41;115;2;0.0
41;116;1;4.1598258171404723e-10
41;116;2;0.0
41;117;1;4.1642733705771207e-10
41;117;2;0.0
41;118;1;4.1685721541284693e-10
41;118;2;0.0
41;119;1;4.163280831193106e-10
41;119;2;0.0
41;120;1;4.153106747395441e-10
41;120;2;0.0
41;121;1;4.1264480721281416e-10
41;121;2;0.0
41;122;1;4.125753072514726e-10
41;122;2;0.0
41;123;1;4.1408876327864164e-10
41;123;2;0.0
41;124;1;4.147731047510206e-10
41;124;2;0.0
41;125;1;4.145541687705645e-10
41;125;2;0.0
41;126;1;4.138234199757562e-10
41;126;2;0.0
41;127;1;4.1474801371066405e-10
41;127;2;0.0
41;128;1;4.1538039674549054e-10
41;128;2;0.0
41;129;1;4.127214126015133e-10
41;129;2;0.0
41;130;1;4.1259418104289125e-10
41;130;2;0.0
41;131;1;4.1403191985978083e-10
41;131;2;0.0
41;132;1;4.147677756805024e-10
41;132;2;0.0
41;133;1;4.1453351862230647e-10
41;133;2;0.0
41;134;1;4.1377679060872197e-10
41;134;2;0.0
41;135;1;4.1469561118390175e-10
41;135;2;0.0
41;136;1;4.1542747020173465e-10
41;136;2;0.0
41;137;1;4.1803649430960377e-10
41;137;2;0.0
41;138;1;4.179481205568436e-10
41;138;2;0.0
41;139;1;4.173819068142848e-10
41;139;2;0.0
41;140;1;4.162030720067378e-10
41;140;2;0.0
41;141;1;4.1535219708066506e-10
41;141;2;0.0
41;142;1;4.1691849972380624e-10
41;142;2;0.0
41;143;1;4.1624526048167354e-10
41;143;2;0.0
41;144;1;4.1537440154115757e-10
41;144;2;0.0
41;145;1;4.1812509010696886e-10
41;145;2;0.0
41;146;1;4.179701029727312e-10
41;146;2;0.0
41;147;1;4.173899004200621e-10
41;147;2;0.0
41;148;1;4.1624637070469817e-10
41;148;2;0.0
41;149;1;4.153011268215323e-10
41;149;2;0.0
41;150;1;4.170341849629722e-10
41;150;2;0.0
41;151;1;4.1622238988736626e-10
41;151;2;0.0
41;152;1;4.153746235857625e-10
41;152;2;0.0
41;153;1;4.1273984230372207e-10
41;153;2;0.0
41;154;1;4.124918184800208e-10
41;154;2;0.0
41;155;1;4.134437237013344e-10
41;155;2;0.0
41;156;1;4.14217993238708e-10
41;156;2;0.0
41;157;1;4.1510372916775395e-10
41;157;2;0.0
41;158;1;4.136935238818751e-10
41;158;2;0.0
41;159;1;4.1485548329944777e-10
41;159;2;0.0
41;160;1;4.153986044030944e-10
41;160;2;0.0
41;161;1;4.1279557549955825e-10
41;161;2;0.0
41;162;1;4.1241587922513645e-10
41;162;2;0.0
41;163;1;4.1336867262486976e-10
41;163;2;0.0
41;164;1;4.1417158591627867e-10
41;164;2;0.0
41;165;1;4.150360055632518e-10
41;165;2;0.0
41;166;1;4.1393466432282366e-10
41;166;2;0.0
41;167;1;4.147751031524649e-10
41;167;2;0.0
41;168;1;4.153961619124402e-10
41;168;2;0.0
42;1;1;0.0
42;1;2;0.0
42;2;1;0.0
42;2;2;0.0
42;3;1;0.0
42;3;2;0.0
42;4;1;0.0
42;4;2;0.0
42;5;1;0.0
42;5;2;0.0
42;6;1;0.0
42;6;2;0.0
42;7;1;0.0
42;7;2;0.0
42;8;1;0.0
42;8;2;0.0
42;9;1;0.0
42;9;2;0.0
42;10;1;0.0
42;10;2;0.0
42;11;1;0.0
42;11;2;0.0
42;12;1;0.0
42;12;2;0.0
42;13;1;0.0
42;13;2;0.0
42;14;1;0.0
42;14;2;0.0
42;15;1;0.0
42;15;2;0.0
42;16;1;0.0
42;16;2;0.0
42;17;1;0.0
42;17;2;0.0
42;18;1;0.0
42;18;2;0.0
42;19;1;0.0
42;19;2;0.0
42;20;1;0.0
42;20;2;0.0
42;21;1;0.0
42;21;2;0.0
42;22;1;0.0
42;22;2;0.0
42;23;1;0.0
42;23;2;0.0
42;24;1;0.0
42;24;2;0.0
42;25;1;0.0
42;25;2;0.0
42;26;1;0.0
42;26;2;0.0
42;27;1;0.0
42;27;2;0.0
42;28;1;0.0
42;28;2;0.0
42;29;1;0.0
42;29;2;0.0
42;30;1;0.0
42;30;2;0.0
42;31;1;0.0
42;31;2;0.0
42;32;1;0.0
42;32;2;0.0
42;33;1;0.0
42;33;2;0.0
42;34;1;0.0
42;34;2;0.0
42;35;1;0.0
42;35;2;0.0
42;36;1;0.0
42;36;2;0.0
42;37;1;0.0
42;37;2;0.0
42;38;1;0.0
42;38;2;0.0
42;39;1;0.0
42;39;2;0.0
42;40;1;0.0
42;40;2;0.0
42;41;1;0.0
42;41;2;0.0
42;42;1;0.0
42;42;2;0.0
42;43;1;0.0
42;43;2;0.0
42;44;1;0.0
42;44;2;0.0
42;45;1;0.0
42;45;2;0.0
42;46;1;0.0
42;46;2;0.0
42;47;1;0.0
42;47;2;0.0
42;48;1;0.0
42;48;2;0.0
42;49;1;0.0
42;49;2;0.0
42;50;1;0.0
42;50;2;0.0
42;51;1;0.0
42;51;2;0.0
42;52;1;0.0
42;52;2;0.0
42;53;1;0.0
42;53;2;0.0
42;54;1;0.0
42;54;2;0.0
42;55;1;0.0
42;55;2;0.0
42;56;1;0.0
42;56;2;0.0
42;57;1;0.0
42;57;2;0.0
42;58;1;0.0
42;58;2;0.0
42;59;1;0.0
42;59;2;0.0
42;60;1;0.0
42;60;2;0.0
42;61;1;0.0
42;61;2;0.0
42;62;1;0.0
42;62;2;0.0
42;63;1;0.0
42;63;2;0.0
42;64;1;0.0
42;64;2;0.0
42;65;1;0.0
42;65;2;0.0
42;66;1;0.0
42;66;2;0.0
42;67;1;0.0
42;67;2;0.0
42;68;1;0.0
42;68;2;0.0
42;69;1;0.0
42;69;2;0.0
42;70;1;0.0
42;70;2;0.0
42;71;1;0.0
42;71;2;0.0
42;72;1;0.0
42;72;2;0.0
42;73;1;0.0
42;73;2;0.0
42;74;1;0.0
42;74;2;0.0
42;75;1;0.0
42;75;2;0.0
42;76;1;0.0
42;76;2;0.0
42;77;1;0.0
42;77;2;0.0
42;78;1;0.0
42;78;2;0.0
42;79;1;0.0
42;79;2;0.0
42;80;1;0.0
42;80;2;0.0
42;81;1;0.0
42;81;2;0.0
42;82;1;0.0
42;82;2;0.0
42;83;1;0.0
42;83;2;0.0
42;84;1;0.0
42;84;2;0.0
42;85;1;0.0
42;85;2;0.0
42;86;1;0.0
42;86;2;0.0
42;87;1;0.0
42;87;2;0.0
42;88;1;0.0
42;88;2;0.0
42;89;1;0.0
42;89;2;0.0
42;90;1;0.0
42;90;2;0.0
42;91;1;0.0
42;91;2;0.0
42;92;1;0.0
42;92;2;0.0
42;93;1;0.0
42;93;2;0.0
42;94;1;0.0
42;94;2;0.0
42;95;1;0.0
42;95;2;0.0
42;96;1;0.0
42;96;2;0.0
42;97;1;0.0
42;97;2;0.0
42;98;1;0.0
42;98;2;0.0
42;99;1;0.0
42;99;2;0.0
42;100;1;0.0
42;100;2;0.0
42;101;1;0.0
42;101;2;0.0
42;102;1;0.0
42;102;2;0.0
42;103;1;0.0
42;103;2;0.0
42;104;1;0.0
42;104;2;0.0
42;105;1;0.0
42;105;2;0.0
42;106;1;0.0
42;106;2;0.0
42;107;1;0.0
42;107;2;0.0
42;108;1;0.0
42;108;2;0.0
42;109;1;0.0
42;109;2;0.0
42;110;1;0.0
42;110;2;0.0
42;111;1;0.0
42;111;2;0.0
42;112;1;0.0
42;112;2;0.0
42;113;1;0.0
42;113;2;0.0
42;114;1;0.0
42;114;2;0.0
42;115;1;0.0
42;115;2;0.0
42;116;1;0.0
42;116;2;0.0
42;117;1;0.0
42;117;2;0.0
42;118;1;0.0
42;118;2;0.0
42;119;1;0.0
42;119;2;0.0
42;120;1;0.0
42;120;2;0.0
42;121;1;0.0
42;121;2;0.0
42;122;1;0.0
42;122;2;0.0
42;123;1;0.0
42;123;2;0.0
42;124;1;0.0
42;124;2;0.0
42;125;1;0.0
42;125;2;0.0
42;126;1;0.0
42;126;2;0.0
42;127;1;0.0
42;127;2;0.0
42;128;1;0.0
42;128;2;0.0
42;129;1;0.0
42;129;2;0.0
42;130;1;0.0
42;130;2;0.0
42;131;1;0.0
42;131;2;0.0
42;132;1;0.0
42;132;2;0.0
42;133;1;0.0
42;133;2;0.0
42;134;1;0.0
42;134;2;0.0
42;135;1;0.0
42;135;2;0.0
42;136;1;0.0
42;136;2;0.0
42;137;1;0.0
42;137;2;0.0
42;138;1;0.0
42;138;2;0.0
42;139;1;0.0
42;139;2;0.0
42;140;1;0.0
42;140;2;0.0
42;141;1;0.0
42;141;2;0.0
42;142;1;0.0
42;142;2;0.0
42;143;1;0.0
42;143;2;0.0
42;144;1;0.0
42;144;2;0.0
42;145;1;0.0
42;145;2;0.0
42;146;1;0.0
42;146;2;0.0
42;147;1;0.0
42;147;2;0.0
42;148;1;0.0
42;148;2;0.0
42;149;1;0.0
42;149;2;0.0
42;150;1;0.0
42;150;2;0.0
42;151;1;0.0
42;151;2;0.0
42;152;1;0.0
42;152;2;0.0
42;153;1;0.0
42;153;2;0.0
42;154;1;0.0
42;154;2;0.0
42;155;1;0.0
42;155;2;0.0
42;156;1;0.0
42;156;2;0.0
42;157;1;0.0
42;157;2;0.0
42;158;1;0.0
42;158;2;0.0
42;159;1;0.0
42;159;2;0.0
42;160;1;0.0
42;160;2;0.0
42;161;1;0.0
42;161;2;0.0
42;162;1;0.0
42;162;2;0.0
42;163;1;0.0
42;163;2;0.0
42;164;1;0.0
42;164;2;0.0
42;165;1;0.0
42;165;2;0.0
42;166;1;0.0
42;166;2;0.0
42;167;1;0.0
42;167;2;0.0
42;168;1;0.0
42;168;2;0.0
43;1;1;0.0
43;1;2;0.0
43;2;1;0.0
43;2;2;0.0
43;3;1;0.0
43;3;2;0.0
43;4;1;0.0
43;4;2;0.0
43;5;1;0.0
43;5;2;0.0
43;6;1;0.0
43;6;2;0.0
43;7;1;0.0
43;7;2;0.0
43;8;1;0.0
43;8;2;0.0
43;9;1;0.0
43;9;2;0.0
43;10;1;0.0
43;10;2;0.0
43;11;1;0.0
43;11;2;0.0
43;12;1;0.0
43;12;2;0.0
43;13;1;0.0
43;13;2;0.0
43;14;1;0.0
43;14;2;0.0
43;15;1;0.0
43;15;2;0.0
43;16;1;0.0
43;16;2;0.0
43;17;1;0.0
43;17;2;0.0
43;18;1;0.0
43;18;2;0.0
43;19;1;0.0
43;19;2;0.0
43;20;1;0.0
43;20;2;0.0
43;21;1;0.0
43;21;2;0.0
43;22;1;0.0
43;22;2;0.0
43;23;1;0.0
43;23;2;0.0
43;24;1;0.0
43;24;2;0.0
43;25;1;0.0
43;25;2;0.0
43;26;1;0.0
43;26;2;0.0
43;27;1;0.0
43;27;2;0.0
43;28;1;0.0
43;28;2;0.0
43;29;1;0.0
43;29;2;0.0
43;30;1;0.0
43;30;2;0.0
43;31;1;0.0
43;31;2;0.0
43;32;1;0.0
43;32;2;0.0
43;33;1;0.0
43;33;2;0.0
43;34;1;0.0
43;34;2;0.0
43;35;1;0.0
43;35;2;0.0
43;36;1;0.0
43;36;2;0.0
43;37;1;0.0
43;37;2;0.0
43;38;1;0.0
43;38;2;0.0
43;39;1;0.0
43;39;2;0.0
43;40;1;0.0
43;40;2;0.0
43;41;1;0.0
43;41;2;0.0
43;42;1;0.0
43;42;2;0.0
43;43;1;0.0
43;43;2;0.0
43;44;1;0.0
43;44;2;0.0
43;45;1;0.0
43;45;2;0.0
43;46;1;0.0
43;46;2;0.0
43;47;1;0.0
43;47;2;0.0
43;48;1;0.0
43;48;2;0.0
43;49;1;0.0
43;49;2;0.0
43;50;1;0.0
43;50;2;0.0
43;51;1;0.0
43;51;2;0.0
43;52;1;0.0
43;52;2;0.0
43;53;1;0.0
43;53;2;0.0
43;54;1;0.0
43;54;2;0.0
43;55;1;0.0
43;55;2;0.0
43;56;1;0.0
43;56;2;0.0
43;57;1;0.0
43;57;2;0.0
43;58;1;0.0
43;58;2;0.0
43;59;1;0.0
43;59;2;0.0
43;60;1;0.0
43;60;2;0.0
43;61;1;0.0
43;61;2;0.0
43;62;1;0.0
43;62;2;0.0
43;63;1;0.0
43;63;2;0.0
43;64;1;0.0
43;64;2;0.0
43;65;1;0.0
43;65;2;0.0
43;66;1;0.0
43;66;2;0.0
43;67;1;0.0
43;67;2;0.0
43;68;1;0.0
43;68;2;0.0
43;69;1;0.0
43;69;2;0.0
43;70;1;0.0
43;70;2;0.0
43;71;1;0.0
43;71;2;0.0
43;72;1;0.0
43;72;2;0.0
43;73;1;0.0
43;73;2;0.0
43;74;1;0.0
43;74;2;0.0
43;75;1;0.0
43;75;2;0.0
43;76;1;0.0
43;76;2;0.0
43;77;1;0.0
43;77;2;0.0
43;78;1;0.0
43;78;2;0.0
43;79;1;0.0
43;79;2;0.0
43;80;1;0.0
43;80;2;0.0
43;81;1;0.0
43;81;2;0.0
43;82;1;0.0
43;82;2;0.0
43;83;1;0.0
43;83;2;0.0
43;84;1;0.0
43;84;2;0.0
43;85;1;0.0
43;85;2;0.0
43;86;1;0.0
43;86;2;0.0
43;87;1;0.0
43;87;2;0.0
43;88;1;0.0
43;88;2;0.0
43;89;1;0.0
43;89;2;0.0
43;90;1;0.0
43;90;2;0.0
43;91;1;0.0
43;91;2;0.0
43;92;1;0.0
43;92;2;0.0
43;93;1;0.0
43;93;2;0.0
43;94;1;0.0
43;94;2;0.0
43;95;1;0.0
43;95;2;0.0
43;96;1;0.0
43;96;2;0.0
43;97;1;0.0
43;97;2;0.0
43;98;1;0.0
43;98;2;0.0
43;99;1;0.0
43;99;2;0.0
43;100;1;0.0
43;100;2;0.0
43;101;1;0.0
43;101;2;0.0
43;102;1;0.0
43;102;2;0.0
43;103;1;0.0
43;103;2;0.0
43;104;1;0.0
43;104;2;0.0
43;105;1;0.0
43;105;2;0.0
43;106;1;0.0
43;106;2;0.0
43;107;1;0.0
43;107;2;0.0
43;108;1;0.0
43;108;2;0.0
43;109;1;0.0
43;109;2;0.0
43;110;1;0.0
43;110;2;0.0
43;111;1;0.0
43;111;2;0.0
43;112;1;0.0
43;112;2;0.0
43;113;1;0.0
43;113;2;0.0
43;114;1;0.0
43;114;2;0.0
43;115;1;0.0
43;115;2;0.0
43;116;1;0.0
43;116;2;0.0
43;117;1;0.0
43;117;2;0.0
43;118;1;0.0
43;118;2;0.0
43;119;1;0.0
43;119;2;0.0
43;120;1;0.0
43;120;2;0.0
43;121;1;0.0
43;121;2;0.0
43;122;1;0.0
43;122;2;0.0
43;123;1;0.0
43;123;2;0.0
43;124;1;0.0
43;124;2;0.0
43;125;1;0.0
43;125;2;0.0
43;126;1;0.0
43;126;2;0.0
43;127;1;0.0
43;127;2;0.0
43;128;1;0.0
43;128;2;0.0
43;129;1;0.0
43;129;2;0.0
43;130;1;0.0
43;130;2;0.0
43;131;1;0.0
43;131;2;0.0
43;132;1;0.0
43;132;2;0.0
43;133;1;0.0
43;133;2;0.0
43;134;1;0.0
43;134;2;0.0
43;135;1;0.0
43;135;2;0.0
43;136;1;0.0
43;136;2;0.0
43;137;1;0.0
43;137;2;0.0
43;138;1;0.0
43;138;2;0.0
43;139;1;0.0
43;139;2;0.0
43;140;1;0.0
43;140;2;0.0
43;141;1;0.0
43;141;2;0.0
43;142;1;0.0
43;142;2;0.0
43;143;1;0.0
43;143;2;0.0
43;144;1;0.0
43;144;2;0.0
43;145;1;0.0
43;145;2;0.0
43;146;1;0.0
43;146;2;0.0
43;147;1;0.0
43;147;2;0.0
43;148;1;0.0
43;148;2;0.0
43;149;1;0.0
43;149;2;0.0
43;150;1;0.0
43;150;2;0.0
43;151;1;0.0
43;151;2;0.0
43;152;1;0.0
43;152;2;0.0
43;153;1;0.0
43;153;2;0.0
43;154;1;0.0
43;154;2;0.0
43;155;1;0.0
43;155;2;0.0
43;156;1;0.0
43;156;2;0.0
43;157;1;0.0
43;157;2;0.0
43;158;1;0.0
43;158;2;0.0
43;159;1;0.0
43;159;2;0.0
43;160;1;0.0
43;160;2;0.0
43;161;1;0.0
43;161;2;0.0
43;162;1;0.0
43;162;2;0.0
43;163;1;0.0
43;163;2;0.0
43;164;1;0.0
43;164;2;0.0
43;165;1;0.0
43;165;2;0.0
43;166;1;0.0
43;166;2;0.0
43;167;1;0.0
43;167;2;0.0
43;168;1;0.0
43;168;2;0.0
44;1;1;0.0
44;1;2;0.0
44;2;1;0.0
44;2;2;0.0
44;3;1;0.0
44;3;2;0.0
44;4;1;0.0
44;4;2;0.0
44;5;1;0.0
44;5;2;0.0
44;6;1;0.0
44;6;2;0.0
44;7;1;0.0
44;7;2;0.0
44;8;1;0.0
44;8;2;0.0
44;9;1;0.0
44;9;2;0.0
44;10;1;0.0
44;10;2;0.0
44;11;1;0.0
44;11;2;0.0
44;12;1;0.0
44;12;2;0.0
44;13;1;0.0
44;13;2;0.0
44;14;1;0.0
44;14;2;0.0
44;15;1;0.0
44;15;2;0.0
44;16;1;0.0
44;16;2;0.0
44;17;1;0.0
44;17;2;0.0
44;18;1;0.0
44;18;2;0.0
44;19;1;0.0
44;19;2;0.0
44;20;1;0.0
44;20;2;0.0
44;21;1;0.0
44;21;2;0.0
44;22;1;0.0
44;22;2;0.0
44;23;1;0.0
44;23;2;0.0
44;24;1;0.0
44;24;2;0.0
44;25;1;0.0
44;25;2;0.0
44;26;1;0.0
44;26;2;0.0
44;27;1;0.0
44;27;2;0.0
44;28;1;0.0
44;28;2;0.0
44;29;1;0.0
44;29;2;0.0
44;30;1;0.0
44;30;2;0.0
44;31;1;0.0
44;31;2;0.0
44;32;1;0.0
44;32;2;0.0
44;33;1;0.0
44;33;2;0.0
44;34;1;0.0
44;34;2;0.0
44;35;1;0.0
44;35;2;0.0
44;36;1;0.0
44;36;2;0.0
44;37;1;0.0
44;37;2;0.0
44;38;1;0.0
44;38;2;0.0
44;39;1;0.0
44;39;2;0.0
44;40;1;0.0
44;40;2;0.0
44;41;1;0.0
44;41;2;0.0
44;42;1;0.0
44;42;2;0.0
44;43;1;0.0
44;43;2;0.0
44;44;1;0.0
44;44;2;0.0
44;45;1;0.0
44;45;2;0.0
44;46;1;0.0
44;46;2;0.0
44;47;1;0.0
44;47;2;0.0
44;48;1;0.0
44;48;2;0.0
44;49;1;0.0
44;49;2;0.0
44;50;1;0.0
44;50;2;0.0
44;51;1;0.0
44;51;2;0.0
44;52;1;0.0
44;52;2;0.0
44;53;1;0.0
44;53;2;0.0
44;54;1;0.0
44;54;2;0.0
44;55;1;0.0
44;55;2;0.0
44;56;1;0.0
44;56;2;0.0
44;57;1;0.0
44;57;2;0.0
44;58;1;0.0
44;58;2;0.0
44;59;1;0.0
44;59;2;0.0
44;60;1;0.0
44;60;2;0.0
44;61;1;0.0
44;61;2;0.0
44;62;1;0.0
44;62;2;0.0
44;63;1;0.0
44;63;2;0.0
44;64;1;0.0
44;64;2;0.0
44;65;1;0.0
44;65;2;0.0
44;66;1;0.0
44;66;2;0.0
44;67;1;0.0
44;67;2;0.0
44;68;1;0.0
44;68;2;0.0
44;69;1;0.0
44;69;2;0.0
44;70;1;0.0
44;70;2;0.0
44;71;1;0.0
44;71;2;0.0
44;72;1;0.0
44;72;2;0.0
44;73;1;0.0
44;73;2;0.0
44;74;1;0.0
44;74;2;0.0
44;75;1;0.0
44;75;2;0.0
44;76;1;0.0
44;76;2;0.0
44;77;1;0.0
44;77;2;0.0
44;78;1;0.0
44;78;2;0.0
44;79;1;0.0
44;79;2;0.0
44;80;1;0.0
44;80;2;0.0
44;81;1;0.0
44;81;2;0.0
44;82;1;0.0
44;82;2;0.0
44;83;1;0.0
44;83;2;0.0
44;84;1;0.0
44;84;2;0.0
44;85;1;0.0
44;85;2;0.0
44;86;1;0.0
44;86;2;0.0
44;87;1;0.0
44;87;2;0.0
44;88;1;0.0
44;88;2;0.0
44;89;1;0.0
44;89;2;0.0
44;90;1;0.0
44;90;2;0.0
44;91;1;0.0
44;91;2;0.0
44;92;1;0.0
44;92;2;0.0
44;93;1;0.0
44;93;2;0.0
44;94;1;0.0
44;94;2;0.0
44;95;1;0.0
44;95;2;0.0
44;96;1;0.0
44;96;2;0.0
44;97;1;0.0
44;97;2;0.0
44;98;1;0.0
44;98;2;0.0
44;99;1;0.0
44;99;2;0.0
44;100;1;0.0
44;100;2;0.0
44;101;1;0.0
44;101;2;0.0
44;102;1;0.0
44;102;2;0.0
44;103;1;0.0
44;103;2;0.0
44;104;1;0.0
44;104;2;0.0
44;105;1;0.0
44;105;2;0.0
44;106;1;0.0
44;106;2;0.0
44;107;1;0.0
44;107;2;0.0
44;108;1;0.0
44;108;2;0.0
44;109;1;0.0
44;109;2;0.0
44;110;1;0.0
44;110;2;0.0
44;111;1;0.0
44;111;2;0.0
44;112;1;0.0
44;112;2;0.0
44;113;1;0.0
44;113;2;0.0
44;114;1;0.0
44;114;2;0.0
44;115;1;0.0
44;115;2;0.0
44;116;1;0.0
44;116;2;0.0
44;117;1;0.0
44;117;2;0.0
44;118;1;0.0
44;118;2;0.0
44;119;1;0.0
44;119;2;0.0
44;120;1;0.0
44;120;2;0.0
44;121;1;0.0
44;121;2;0.0
44;122;1;0.0
44;122;2;0.0
44;123;1;0.0
44;123;2;0.0
44;124;1;0.0
44;124;2;0.0
44;125;1;0.0
44;125;2;0.0
44;126;1;0.0
44;126;2;0.0
44;127;1;0.0
44;127;2;0.0
44;128;1;0.0
44;128;2;0.0
44;129;1;0.0
44;129;2;0.0
44;130;1;0.0
44;130;2;0.0
44;131;1;0.0
44;131;2;0.0
44;132;1;0.0
44;132;2;0.0
44;133;1;0.0
44;133;2;0.0
44;134;1;0.0
44;134;2;0.0
44;135;1;0.0
44;135;2;0.0
44;136;1;0.0
44;136;2;0.0
44;137;1;0.0
44;137;2;0.0
44;138;1;0.0
44;138;2;0.0
44;139;1;0.0
44;139;2;0.0
44;140;1;0.0
44;140;2;0.0
44;141;1;0.0
44;141;2;0.0
44;142;1;0.0
44;142;2;0.0
44;143;1;0.0
44;143;2;0.0
44;144;1;0.0
44;144;2;0.0
44;145;1;0.0
44;145;2;0.0
44;146;1;0.0
44;146;2;0.0
44;147;1;0.0
44;147;2;0.0
44;148;1;0.0
44;148;2;0.0
44;149;1;0.0
44;149;2;0.0
44;150;1;0.0
44;150;2;0.0
44;151;1;0.0
44;151;2;0.0
44;152;1;0.0
44;152;2;0.0
44;153;1;0.0
44;153;2;0.0
44;154;1;0.0
44;154;2;0.0
44;155;1;0.0
44;155;2;0.0
44;156;1;0.0
44;156;2;0.0
44;157;1;0.0
44;157;2;0.0
44;158;1;0.0
44;158;2;0.0
44;159;1;0.0
44;159;2;0.0
44;160;1;0.0
44;160;2;0.0
44;161;1;0.0
44;161;2;0.0
44;162;1;0.0
44;162;2;0.0
44;163;1;0.0
44;163;2;0.0
44;164;1;0.0
44;164;2;0.0
44;165;1;0.0
44;165;2;0.0
44;166;1;0.0
44;166;2;0.0
44;167;1;0.0
44;167;2;0.0
44;168;1;0.0
44;168;2;0.0
45;1;1;32.63376712260954
45;1;2;4.479229293100291e-14
45;2;1;32.63376712259695
45;2;2;4.479229293100291e-14
45;3;1;32.63376712262509
45;3;2;4.479229293100291e-14
45;4;1;32.63376712261172
45;4;2;4.479229293100291e-14
45;5;1;32.63376712260289
45;5;2;4.479229293100291e-14
45;6;1;32.6337671226003
45;6;2;4.479229293100291e-14
45;7;1;32.63376712259858
45;7;2;4.479229293100291e-14
45;8;1;32.63376712259686
45;8;2;4.479229293100291e-14
45;9;1;2.406197193406158e-10
45;9;2;1.7375962742442038e-22
45;10;1;2.3968609106564374e-10
45;10;2;1.7375962742442038e-22
45;11;1;2.3972841999162557e-10
45;11;2;1.7375962742442038e-22
45;12;1;2.4013124907806467e-10
45;12;2;1.7375962742442038e-22
45;13;1;2.405725670509756e-10
45;13;2;1.7375962742442038e-22
45;14;1;2.4134165392346574e-10
45;14;2;1.7375962742442038e-22
45;15;1;2.424063319853259e-10
45;15;2;1.7375962742442038e-22
45;16;1;2.4403233804291726e-10
45;16;2;1.7375962742442038e-22
45;17;1;2.4055881257965054e-10
45;17;2;1.7375962742442038e-22
45;18;1;2.3991902622972995e-10
45;18;2;1.7375962742442038e-22
45;19;1;2.40301357957064e-10
45;19;2;1.7375962742442038e-22
45;20;1;2.4060569694875937e-10
45;20;2;1.7375962742442038e-22
45;21;1;2.407226746587706e-10
45;21;2;1.7375962742442038e-22
45;22;1;2.413751778003343e-10
45;22;2;1.7375962742442038e-22
45;23;1;2.4273740864818316e-10
45;23;2;1.7375962742442038e-22
45;24;1;2.441340434762111e-10
45;24;2;1.7375962742442038e-22
45;25;1;2.406197193406158e-10
45;25;2;1.7375962742442038e-22
45;26;1;2.3968609106564374e-10
45;26;2;1.7375962742442038e-22
45;27;1;2.3972841999162557e-10
45;27;2;1.7375962742442038e-22
45;28;1;2.4013124907806467e-10
45;28;2;1.7375962742442038e-22
45;29;1;2.405725670509756e-10
45;29;2;1.7375962742442038e-22
45;30;1;2.4134165392346574e-10
45;30;2;1.7375962742442038e-22
45;31;1;2.424063319853259e-10
45;31;2;1.7375962742442038e-22
45;32;1;2.4403233804291726e-10
45;32;2;1.7375962742442038e-22
45;33;1;2.4055881257965054e-10
45;33;2;1.7375962742442038e-22
45;34;1;2.3991902622972995e-10
45;34;2;1.7375962742442038e-22
45;35;1;2.40301357957064e-10
45;35;2;1.7375962742442038e-22
45;36;1;2.4060569694875937e-10
45;36;2;1.7375962742442038e-22
45;37;1;2.407226746587706e-10
45;37;2;1.7375962742442038e-22
45;38;1;2.413751778003343e-10
45;38;2;1.7375962742442038e-22
45;39;1;2.4273740864818316e-10
45;39;2;1.7375962742442038e-22
45;40;1;2.441340434762111e-10
45;40;2;1.7375962742442038e-22
45;41;1;4.5196912878964213e-10
45;41;2;0.0
45;42;1;4.6496495542669436e-10
45;42;2;0.0
45;43;1;4.367493033896608e-10
45;43;2;0.0
45;44;1;4.49674075753137e-10
45;44;2;0.0
45;45;1;4.604174819178297e-10
45;45;2;0.0
45;46;1;4.611706572177354e-10
45;46;2;0.0
45;47;1;4.6200909764593234e-10
45;47;2;0.0
45;48;1;4.625420046977524e-10
45;48;2;0.0
45;49;1;4.5158543571233167e-10
45;49;2;0.0
45;50;1;4.5567816187030985e-10
45;50;2;0.0
45;51;1;4.367066708255152e-10
45;51;2;0.0
45;52;1;4.496527594710642e-10
45;52;2;0.0
45;53;1;4.604174819178297e-10
45;53;2;0.0
45;54;1;4.610640758073714e-10
45;54;2;0.0
45;55;1;4.6191672709028353e-10
45;55;2;0.0
45;56;1;4.6254911012511e-10
45;56;2;0.0
45;57;1;4.5060488673698273e-10
45;57;2;0.0
45;58;1;4.6416204213528545e-10
45;58;2;0.0
45;59;1;4.3711878561225603e-10
45;59;2;0.0
45;60;1;4.5218229161037016e-10
45;60;2;0.0
45;61;1;4.6063775016591535e-10
45;61;2;0.0
45;62;1;4.611209192262322e-10
45;62;2;0.0
45;63;1;4.616609317054099e-10
45;63;2;0.0
45;64;1;4.6254911012511e-10
45;64;2;0.0
45;65;1;4.4138204202681663e-10
45;65;2;0.0
45;66;1;4.733635705633787e-10
45;66;2;0.0
45;67;1;4.370548367660376e-10
45;67;2;0.0
45;68;1;4.5216808075565496e-10
45;68;2;0.0
45;69;1;4.6062353931120015e-10
45;69;2;0.0
45;70;1;4.609717052517226e-10
45;70;2;0.0
45;71;1;4.616751425601251e-10
45;71;2;0.0
45;72;1;4.717648494079185e-10
45;72;2;0.0
45;73;1;4.525659846876806e-10
45;73;2;0.0
45;74;1;4.660947183765529e-10
45;74;2;0.0
45;75;1;4.468034831006662e-10
45;75;2;0.0
45;76;1;4.5061199216434034e-10
45;76;2;0.0
45;77;1;4.782805262948386e-10
45;77;2;0.0
45;78;1;4.705356104750535e-10
45;78;2;0.0
45;79;1;4.714379997494689e-10
45;79;2;0.0
45;80;1;4.817621857000631e-10
45;80;2;0.0
45;81;1;4.610640758073714e-10
45;81;2;0.0
45;82;1;4.749409754367662e-10
45;82;2;0.0
45;83;1;4.370406259113224e-10
45;83;2;0.0
45;84;1;4.5006487425780506e-10
45;84;2;0.0
45;85;1;4.5985615315657924e-10
45;85;2;0.0
45;86;1;4.611635517903778e-10
45;86;2;0.0
45;87;1;4.6212278448365396e-10
45;87;2;0.0
45;88;1;4.6335202341651893e-10
45;88;2;0.0
45;89;1;4.5068304643791635e-10
45;89;2;0.0
45;90;1;4.639488793145574e-10
45;90;2;0.0
45;91;1;4.374598461254209e-10
45;91;2;0.0
45;92;1;4.52310189302807e-10
45;92;2;0.0
45;93;1;4.6122750063659623e-10
45;93;2;0.0
45;94;1;4.6080828042249777e-10
45;94;2;0.0
45;95;1;4.617959348252043e-10
45;95;2;0.0
45;96;1;4.6331649627973093e-10
45;96;2;0.0
45;97;1;4.5992010200279765e-10
45;97;2;0.0
45;98;1;4.639488793145574e-10
45;98;2;0.0
45;99;1;4.3736747556977207e-10
45;99;2;0.0
45;100;1;4.5223202960187336e-10
45;100;2;0.0
45;101;1;4.6122039520923863e-10
45;101;2;0.0
45;102;1;4.6075854243099457e-10
45;102;2;0.0
45;103;1;4.617177751242707e-10
45;103;2;0.0
45;104;1;4.6330939085237333e-10
45;104;2;0.0
45;105;1;4.5196912878964213e-10
45;105;2;0.0
45;106;1;4.6496495542669436e-10
45;106;2;0.0
45;107;1;4.367493033896608e-10
45;107;2;0.0
45;108;1;4.49674075753137e-10
45;108;2;0.0
45;109;1;4.604174819178297e-10
45;109;2;0.0
45;110;1;4.611706572177354e-10
45;110;2;0.0
45;111;1;4.6200909764593234e-10
45;111;2;0.0
45;112;1;4.625420046977524e-10
45;112;2;0.0
45;113;1;4.5158543571233167e-10
45;113;2;0.0
45;114;1;4.5567816187030985e-10
45;114;2;0.0
45;115;1;4.367066708255152e-10
45;115;2;0.0
45;116;1;4.496527594710642e-10
45;116;2;0.0
45;117;1;4.604174819178297e-10
45;117;2;0.0
45;118;1;4.610640758073714e-10
45;118;2;0.0
45;119;1;4.6191672709028353e-10
45;119;2;0.0
45;120;1;4.6254911012511e-10
45;120;2;0.0
45;121;1;4.5060488673698273e-10
45;121;2;0.0
45;122;1;4.6416204213528545e-10
45;122;2;0.0
45;123;1;4.3711878561225603e-10
45;123;2;0.0
45;124;1;4.5218229161037016e-10
45;124;2;0.0
45;125;1;4.6063775016591535e-10
45;125;2;0.0
45;126;1;4.611209192262322e-10
45;126;2;0.0
45;127;1;4.616609317054099e-10
45;127;2;0.0
45;128;1;4.6254911012511e-10
45;128;2;0.0
45;129;1;4.4138204202681663e-10
45;129;2;0.0
45;130;1;4.733635705633787e-10
45;130;2;0.0
45;131;1;4.370548367660376e-10
45;131;2;0.0
45;132;1;4.5216808075565496e-10
45;132;2;0.0
45;133;1;4.6062353931120015e-10
45;133;2;0.0
45;134;1;4.609717052517226e-10
45;134;2;0.0
45;135;1;4.616751425601251e-10
45;135;2;0.0
45;136;1;4.717648494079185e-10
45;136;2;0.0
45;137;1;4.525659846876806e-10
45;137;2;0.0
45;138;1;4.660947183765529e-10
45;138;2;0.0
45;139;1;4.468034831006662e-10
45;139;2;0.0
45;140;1;4.5061199216434034e-10
45;140;2;0.0
45;141;1;4.782805262948386e-10
45;141;2;0.0
45;142;1;4.705356104750535e-10
45;142;2;0.0
45;143;1;4.714379997494689e-10
45;143;2;0.0
45;144;1;4.817621857000631e-10
45;144;2;0.0
45;145;1;4.610640758073714e-10
45;145;2;0.0
45;146;1;4.749409754367662e-10
45;146;2;0.0
45;147;1;4.370406259113224e-10
45;147;2;0.0
45;148;1;4.5006487425780506e-10
45;148;2;0.0
45;149;1;4.5985615315657924e-10
45;149;2;0.0
45;150;1;4.611635517903778e-10
45;150;2;0.0
45;151;1;4.6212278448365396e-10
45;151;2;0.0
45;152;1;4.6335202341651893e-10
45;152;2;0.0
45;153;1;4.5068304643791635e-10
45;153;2;0.0
45;154;1;4.639488793145574e-10
45;154;2;0.0
45;155;1;4.374598461254209e-10
45;155;2;0.0
45;156;1;4.52310189302807e-10
45;156;2;0.0
45;157;1;4.6122750063659623e-10
45;157;2;0.0
45;158;1;4.6080828042249777e-10
45;158;2;0.0
45;159;1;4.617959348252043e-10
45;159;2;0.0
45;160;1;4.6331649627973093e-10
45;160;2;0.0
45;161;1;4.5992010200279765e-10
45;161;2;0.0
45;162;1;4.639488793145574e-10
45;162;2;0.0
45;163;1;4.3736747556977207e-10
45;163;2;0.0
45;164;1;4.5223202960187336e-10
45;164;2;0.0
45;165;1;4.6122039520923863e-10
45;165;2;0.0
45;166;1;4.6075854243099457e-10
45;166;2;0.0
45;167;1;4.617177751242707e-10
45;167;2;0.0
45;168;1;4.6330939085237333e-10
45;168;2;0.0
46;1;1;11.77409863013748
46;1;2;4.479229293100291e-14
46;2;1;11.77409863013748
46;2;2;4.479229293100291e-14
46;3;1;11.77409863013748
46;3;2;4.479229293100291e-14
46;4;1;11.77409863013748
46;4;2;4.479229293100291e-14
46;5;1;11.77409863013748
46;5;2;4.479229293100291e-14
46;6;1;11.77409863013748
46;6;2;4.479229293100291e-14
46;7;1;11.77409863013748
46;7;2;4.479229293100291e-14
46;8;1;11.77409863013748
46;8;2;4.479229293100291e-14
46;9;1;3.970466940254533e-22
46;9;2;1.7375962742442038e-22
46;10;1;3.970466940254533e-22
46;10;2;1.7375962742442038e-22
46;11;1;3.970466940254533e-22
46;11;2;1.7375962742442038e-22
46;12;1;3.970466940254533e-22
46;12;2;1.7375962742442038e-22
46;13;1;3.970466940254533e-22
46;13;2;1.7375962742442038e-22
46;14;1;3.970466940254533e-22
46;14;2;1.7375962742442038e-22
46;15;1;3.970466940254533e-22
46;15;2;1.7375962742442038e-22
46;16;1;3.970466940254533e-22
46;16;2;1.7375962742442038e-22
46;17;1;3.970466940254533e-22
46;17;2;1.7375962742442038e-22
46;18;1;3.970466940254533e-22
46;18;2;1.7375962742442038e-22
46;19;1;3.970466940254533e-22
46;19;2;1.7375962742442038e-22
46;20;1;3.970466940254533e-22
46;20;2;1.7375962742442038e-22
46;21;1;3.970466940254533e-22
46;21;2;1.7375962742442038e-22
46;22;1;3.970466940254533e-22
46;22;2;1.7375962742442038e-22
46;23;1;3.970466940254533e-22
46;23;2;1.7375962742442038e-22
46;24;1;3.970466940254533e-22
46;24;2;1.7375962742442038e-22
46;25;1;3.970466940254533e-22
46;25;2;1.7375962742442038e-22
46;26;1;3.970466940254533e-22
46;26;2;1.7375962742442038e-22
46;27;1;3.970466940254533e-22
46;27;2;1.7375962742442038e-22
46;28;1;3.970466940254533e-22
46;28;2;1.7375962742442038e-22
46;29;1;3.970466940254533e-22
46;29;2;1.7375962742442038e-22
46;30;1;3.970466940254533e-22
46;30;2;1.7375962742442038e-22
46;31;1;3.970466940254533e-22
46;31;2;1.7375962742442038e-22
46;32;1;3.970466940254533e-22
46;32;2;1.7375962742442038e-22
46;33;1;3.970466940254533e-22
46;33;2;1.7375962742442038e-22
46;34;1;3.970466940254533e-22
46;34;2;1.7375962742442038e-22
46;35;1;3.970466940254533e-22
46;35;2;1.7375962742442038e-22
46;36;1;3.970466940254533e-22
46;36;2;1.7375962742442038e-22
46;37;1;3.970466940254533e-22
46;37;2;1.7375962742442038e-22
46;38;1;3.970466940254533e-22
46;38;2;1.7375962742442038e-22
46;39;1;3.970466940254533e-22
46;39;2;1.7375962742442038e-22
46;40;1;3.970466940254533e-22
46;40;2;1.7375962742442038e-22
46;41;1;0.0
46;41;2;0.0
46;42;1;0.0
46;42;2;0.0
46;43;1;0.0
46;43;2;0.0
46;44;1;0.0
46;44;2;0.0
46;45;1;0.0
46;45;2;0.0
46;46;1;0.0
46;46;2;0.0
46;47;1;0.0
46;47;2;0.0
46;48;1;0.0
46;48;2;0.0
46;49;1;0.0
46;49;2;0.0
46;50;1;0.0
46;50;2;0.0
46;51;1;0.0
46;51;2;0.0
46;52;1;0.0
46;52;2;0.0
46;53;1;0.0
46;53;2;0.0
46;54;1;0.0
46;54;2;0.0
46;55;1;0.0
46;55;2;0.0
46;56;1;0.0
46;56;2;0.0
46;57;1;0.0
46;57;2;0.0
46;58;1;0.0
46;58;2;0.0
46;59;1;0.0
46;59;2;0.0
46;60;1;0.0
46;60;2;0.0
46;61;1;0.0
46;61;2;0.0
46;62;1;0.0
46;62;2;0.0
46;63;1;0.0
46;63;2;0.0
46;64;1;0.0
46;64;2;0.0
46;65;1;0.0
46;65;2;0.0
46;66;1;0.0
46;66;2;0.0
46;67;1;0.0
46;67;2;0.0
46;68;1;0.0
46;68;2;0.0
46;69;1;0.0
46;69;2;0.0
46;70;1;0.0
46;70;2;0.0
46;71;1;0.0
46;71;2;0.0
46;72;1;0.0
46;72;2;0.0
46;73;1;0.0
46;73;2;0.0
46;74;1;0.0
46;74;2;0.0
46;75;1;0.0
46;75;2;0.0
46;76;1;0.0
46;76;2;0.0
46;77;1;0.0
46;77;2;0.0
46;78;1;0.0
46;78;2;0.0
46;79;1;0.0
46;79;2;0.0
46;80;1;0.0
46;80;2;0.0
46;81;1;0.0
46;81;2;0.0
46;82;1;0.0
46;82;2;0.0
46;83;1;0.0
46;83;2;0.0
46;84;1;0.0
46;84;2;0.0
46;85;1;0.0
46;85;2;0.0
46;86;1;0.0
46;86;2;0.0
46;87;1;0.0
46;87;2;0.0
46;88;1;0.0
46;88;2;0.0
46;89;1;0.0
46;89;2;0.0
46;90;1;0.0
46;90;2;0.0
46;91;1;0.0
46;91;2;0.0
46;92;1;0.0
46;92;2;0.0
46;93;1;0.0
46;93;2;0.0
46;94;1;0.0
46;94;2;0.0
46;95;1;0.0
46;95;2;0.0
46;96;1;0.0
46;96;2;0.0
46;97;1;0.0
46;97;2;0.0
46;98;1;0.0
46;98;2;0.0
46;99;1;0.0
46;99;2;0.0
46;100;1;0.0
46;100;2;0.0
46;101;1;0.0
46;101;2;0.0
46;102;1;0.0
46;102;2;0.0
46;103;1;0.0
46;103;2;0.0
46;104;1;0.0
46;104;2;0.0
46;105;1;0.0
46;105;2;0.0
46;106;1;0.0
46;106;2;0.0
46;107;1;0.0
46;107;2;0.0
46;108;1;0.0
46;108;2;0.0
46;109;1;0.0
46;109;2;0.0
46;110;1;0.0
46;110;2;0.0
46;111;1;0.0
46;111;2;0.0
46;112;1;0.0
46;112;2;0.0
46;113;1;0.0
46;113;2;0.0
46;114;1;0.0
46;114;2;0.0
46;115;1;0.0
46;115;2;0.0
46;116;1;0.0
46;116;2;0.0
46;117;1;0.0
46;117;2;0.0
46;118;1;0.0
46;118;2;0.0
46;119;1;0.0
46;119;2;0.0
46;120;1;0.0
46;120;2;0.0
46;121;1;0.0
46;121;2;0.0
46;122;1;0.0
46;122;2;0.0
46;123;1;0.0
46;123;2;0.0
46;124;1;0.0
46;124;2;0.0
46;125;1;0.0
46;125;2;0.0
46;126;1;0.0
46;126;2;0.0
46;127;1;0.0
46;127;2;0.0
46;128;1;0.0
46;128;2;0.0
46;129;1;0.0
46;129;2;0.0
46;130;1;0.0
46;130;2;0.0
46;131;1;0.0
46;131;2;0.0
46;132;1;0.0
46;132;2;0.0
46;133;1;0.0
46;133;2;0.0
46;134;1;0.0
46;134;2;0.0
46;135;1;0.0
46;135;2;0.0
46;136;1;0.0
46;136;2;0.0
46;137;1;0.0
46;137;2;0.0
46;138;1;0.0
46;138;2;0.0
46;139;1;0.0
46;139;2;0.0
46;140;1;0.0
46;140;2;0.0
46;141;1;0.0
46;141;2;0.0
46;142;1;0.0
46;142;2;0.0
46;143;1;0.0
46;143;2;0.0
46;144;1;0.0
46;144;2;0.0
46;145;1;0.0
46;145;2;0.0
46;146;1;0.0
46;146;2;0.0
46;147;1;0.0
46;147;2;0.0
46;148;1;0.0
46;148;2;0.0
46;149;1;0.0
46;149;2;0.0
46;150;1;0.0
46;150;2;0.0
46;151;1;0.0
46;151;2;0.0
46;152;1;0.0
46;152;2;0.0
46;153;1;0.0
46;153;2;0.0
46;154;1;0.0
46;154;2;0.0
46;155;1;0.0
46;155;2;0.0
46;156;1;0.0
46;156;2;0.0
46;157;1;0.0
46;157;2;0.0
46;158;1;0.0
46;158;2;0.0
46;159;1;0.0
46;159;2;0.0
46;160;1;0.0
46;160;2;0.0
46;161;1;0.0
46;161;2;0.0
46;162;1;0.0
46;162;2;0.0
46;163;1;0.0
46;163;2;0.0
46;164;1;0.0
46;164;2;0.0
46;165;1;0.0
46;165;2;0.0
46;166;1;0.0
46;166;2;0.0
46;167;1;0.0
46;167;2;0.0
46;168;1;0.0
46;168;2;0.0
47;1;1;0.0
47;1;2;0.0
47;2;1;0.0
47;2;2;0.0
47;3;1;0.0
47;3;2;0.0
47;4;1;0.0
47;4;2;0.0
47;5;1;0.0
47;5;2;0.0
47;6;1;0.0
47;6;2;0.0
47;7;1;0.0
47;7;2;0.0
47;8;1;0.0
47;8;2;0.0
47;9;1;0.0
47;9;2;0.0
47;10;1;0.0
47;10;2;0.0
47;11;1;0.0
47;11;2;0.0
47;12;1;0.0
47;12;2;0.0
47;13;1;0.0
47;13;2;0.0
47;14;1;0.0
47;14;2;0.0
47;15;1;0.0
47;15;2;0.0
47;16;1;0.0
47;16;2;0.0
47;17;1;0.0
47;17;2;0.0
47;18;1;0.0
47;18;2;0.0
47;19;1;0.0
47;19;2;0.0
47;20;1;0.0
47;20;2;0.0
47;21;1;0.0
47;21;2;0.0
47;22;1;0.0
47;22;2;0.0
47;23;1;0.0
47;23;2;0.0
47;24;1;0.0
47;24;2;0.0
47;25;1;0.0
47;25;2;0.0
47;26;1;0.0
47;26;2;0.0
47;27;1;0.0
47;27;2;0.0
47;28;1;0.0
47;28;2;0.0
47;29;1;0.0
47;29;2;0.0
47;30;1;0.0
47;30;2;0.0
47;31;1;0.0
47;31;2;0.0
47;32;1;0.0
47;32;2;0.0
47;33;1;0.0
47;33;2;0.0
47;34;1;0.0
47;34;2;0.0
47;35;1;0.0
47;35;2;0.0
47;36;1;0.0
47;36;2;0.0
47;37;1;0.0
47;37;2;0.0
47;38;1;0.0
47;38;2;0.0
47;39;1;0.0
47;39;2;0.0
47;40;1;0.0
47;40;2;0.0
47;41;1;0.0
47;41;2;0.0
47;42;1;0.0
47;42;2;0.0
47;43;1;0.0
47;43;2;0.0
47;44;1;0.0
47;44;2;0.0
47;45;1;0.0
47;45;2;0.0
47;46;1;0.0
47;46;2;0.0
47;47;1;0.0
47;47;2;0.0
47;48;1;0.0
47;48;2;0.0
47;49;1;0.0
47;49;2;0.0
47;50;1;0.0
47;50;2;0.0
47;51;1;0.0
47;51;2;0.0
47;52;1;0.0
47;52;2;0.0
47;53;1;0.0
47;53;2;0.0
47;54;1;0.0
47;54;2;0.0
47;55;1;0.0
47;55;2;0.0
47;56;1;0.0
47;56;2;0.0
47;57;1;0.0
47;57;2;0.0
47;58;1;0.0
47;58;2;0.0
47;59;1;0.0
47;59;2;0.0
47;60;1;0.0
47;60;2;0.0
47;61;1;0.0
47;61;2;0.0
47;62;1;0.0
47;62;2;0.0
47;63;1;0.0
47;63;2;0.0
47;64;1;0.0
47;64;2;0.0
47;65;1;0.0
47;65;2;0.0
47;66;1;0.0
47;66;2;0.0
47;67;1;0.0
47;67;2;0.0
47;68;1;0.0
47;68;2;0.0
47;69;1;0.0
47;69;2;0.0
47;70;1;0.0
47;70;2;0.0
47;71;1;0.0
47;71;2;0.0
47;72;1;0.0
47;72;2;0.0
47;73;1;0.0
47;73;2;0.0
47;74;1;0.0
47;74;2;0.0
47;75;1;0.0
47;75;2;0.0
47;76;1;0.0
47;76;2;0.0
47;77;1;0.0
47;77;2;0.0
47;78;1;0.0
47;78;2;0.0
47;79;1;0.0
47;79;2;0.0
47;80;1;0.0
47;80;2;0.0
47;81;1;0.0
47;81;2;0.0
47;82;1;0.0
47;82;2;0.0
47;83;1;0.0
47;83;2;0.0
47;84;1;0.0
47;84;2;0.0
47;85;1;0.0
47;85;2;0.0
47;86;1;0.0
47;86;2;0.0
47;87;1;0.0
47;87;2;0.0
47;88;1;0.0
47;88;2;0.0
47;89;1;0.0
47;89;2;0.0
47;90;1;0.0
47;90;2;0.0
47;91;1;0.0
47;91;2;0.0
47;92;1;0.0
47;92;2;0.0
47;93;1;0.0
47;93;2;0.0
47;94;1;0.0
47;94;2;0.0
47;95;1;0.0
47;95;2;0.0
47;96;1;0.0
47;96;2;0.0
47;97;1;0.0
47;97;2;0.0
47;98;1;0.0
47;98;2;0.0
47;99;1;0.0
47;99;2;0.0
47;100;1;0.0
47;100;2;0.0
47;101;1;0.0
47;101;2;0.0
47;102;1;0.0
47;102;2;0.0
47;103;1;0.0
47;103;2;0.0
47;104;1;0.0
47;104;2;0.0
47;105;1;0.0
47;105;2;0.0
47;106;1;0.0
47;106;2;0.0
47;107;1;0.0
47;107;2;0.0
47;108;1;0.0
47;108;2;0.0
47;109;1;0.0
47;109;2;0.0
47;110;1;0.0
47;110;2;0.0
47;111;1;0.0
47;111;2;0.0
47;112;1;0.0
47;112;2;0.0
47;113;1;0.0
47;113;2;0.0
47;114;1;0.0
47;114;2;0.0
47;115;1;0.0
47;115;2;0.0
47;116;1;0.0
47;116;2;0.0
47;117;1;0.0
47;117;2;0.0
47;118;1;0.0
47;118;2;0.0
47;119;1;0.0
47;119;2;0.0
47;120;1;0.0
47;120;2;0.0
47;121;1;0.0
47;121;2;0.0
47;122;1;0.0
47;122;2;0.0
47;123;1;0.0
47;123;2;0.0
47;124;1;0.0
47;124;2;0.0
47;125;1;0.0
47;125;2;0.0
47;126;1;0.0
47;126;2;0.0
47;127;1;0.0
47;127;2;0.0
47;128;1;0.0
47;128;2;0.0
47;129;1;0.0
47;129;2;0.0
47;130;1;0.0
47;130;2;0.0
47;131;1;0.0
47;131;2;0.0
47;132;1;0.0
47;132;2;0.0
47;133;1;0.0
47;133;2;0.0
47;134;1;0.0
47;134;2;0.0
47;135;1;0.0
47;135;2;0.0
47;136;1;0.0
47;136;2;0.0
47;137;1;0.0
47;137;2;0.0
47;138;1;0.0
47;138;2;0.0
47;139;1;0.0
47;139;2;0.0
47;140;1;0.0
47;140;2;0.0
47;141;1;0.0
47;141;2;0.0
47;142;1;0.0
47;142;2;0.0
47;143;1;0.0
47;143;2;0.0
47;144;1;0.0
47;144;2;0.0
47;145;1;0.0
47;145;2;0.0
47;146;1;0.0
47;146;2;0.0
47;147;1;0.0
47;147;2;0.0
47;148;1;0.0
47;148;2;0.0
47;149;1;0.0
47;149;2;0.0
47;150;1;0.0
47;150;2;0.0
47;151;1;0.0
47;151;2;0.0
47;152;1;0.0
47;152;2;0.0
47;153;1;0.0
47;153;2;0.0
47;154;1;0.0
47;154;2;0.0
47;155;1;0.0
47;155;2;0.0
47;156;1;0.0
47;156;2;0.0
47;157;1;0.0
47;157;2;0.0
47;158;1;0.0
47;158;2;0.0
47;159;1;0.0
47;159;2;0.0
47;160;1;0.0
47;160;2;0.0
47;161;1;0.0
47;161;2;0.0
47;162;1;0.0
47;162;2;0.0
47;163;1;0.0
47;163;2;0.0
47;164;1;0.0
47;164;2;0.0
47;165;1;0.0
47;165;2;0.0
47;166;1;0.0
47;166;2;0.0
47;167;1;0.0
47;167;2;0.0
47;168;1;0.0
47;168;2;0.0
48;1;1;0.0
48;1;2;0.0
48;2;1;0.0
48;2;2;0.0
48;3;1;0.0
48;3;2;0.0
48;4;1;0.0
48;4;2;0.0
48;5;1;0.0
48;5;2;0.0
48;6;1;0.0
48;6;2;0.0
48;7;1;0.0
48;7;2;0.0
48;8;1;0.0
48;8;2;0.0
48;9;1;0.0
48;9;2;0.0
48;10;1;0.0
48;10;2;0.0
48;11;1;0.0
48;11;2;0.0
48;12;1;0.0
48;12;2;0.0
48;13;1;0.0
48;13;2;0.0
48;14;1;0.0
48;14;2;0.0
48;15;1;0.0
48;15;2;0.0
48;16;1;0.0
48;16;2;0.0
48;17;1;0.0
48;17;2;0.0
48;18;1;0.0
48;18;2;0.0
48;19;1;0.0
48;19;2;0.0
48;20;1;0.0
48;20;2;0.0
48;21;1;0.0
48;21;2;0.0
48;22;1;0.0
48;22;2;0.0
48;23;1;0.0
48;23;2;0.0
48;24;1;0.0
48;24;2;0.0
48;25;1;0.0
48;25;2;0.0
48;26;1;0.0
48;26;2;0.0
48;27;1;0.0
48;27;2;0.0
48;28;1;0.0
48;28;2;0.0
48;29;1;0.0
48;29;2;0.0
48;30;1;0.0
48;30;2;0.0
48;31;1;0.0
48;31;2;0.0
48;32;1;0.0
48;32;2;0.0
48;33;1;0.0
48;33;2;0.0
48;34;1;0.0
48;34;2;0.0
48;35;1;0.0
48;35;2;0.0
48;36;1;0.0
48;36;2;0.0
48;37;1;0.0
48;37;2;0.0
48;38;1;0.0
48;38;2;0.0
48;39;1;0.0
48;39;2;0.0
48;40;1;0.0
48;40;2;0.0
48;41;1;0.0
48;41;2;0.0
48;42;1;0.0
48;42;2;0.0
48;43;1;0.0
48;43;2;0.0
48;44;1;0.0
48;44;2;0.0
48;45;1;0.0
48;45;2;0.0
48;46;1;0.0
48;46;2;0.0
48;47;1;0.0
48;47;2;0.0
48;48;1;0.0
48;48;2;0.0
48;49;1;0.0
48;49;2;0.0
48;50;1;0.0
48;50;2;0.0
48;51;1;0.0
48;51;2;0.0
48;52;1;0.0
48;52;2;0.0
48;53;1;0.0
48;53;2;0.0
48;54;1;0.0
48;54;2;0.0
48;55;1;0.0
48;55;2;0.0
48;56;1;0.0
48;56;2;0.0
48;57;1;0.0
48;57;2;0.0
48;58;1;0.0
48;58;2;0.0
48;59;1;0.0
48;59;2;0.0
48;60;1;0.0
48;60;2;0.0
48;61;1;0.0
48;61;2;0.0
48;62;1;0.0
48;62;2;0.0
48;63;1;0.0
48;63;2;0.0
48;64;1;0.0
48;64;2;0.0
48;65;1;0.0
48;65;2;0.0
48;66;1;0.0
48;66;2;0.0
48;67;1;0.0
48;67;2;0.0
48;68;1;0.0
48;68;2;0.0
48;69;1;0.0
48;69;2;0.0
48;70;1;0.0
48;70;2;0.0
48;71;1;0.0
48;71;2;0.0
48;72;1;0.0
48;72;2;0.0
48;73;1;0.0
48;73;2;0.0
48;74;1;0.0
48;74;2;0.0
48;75;1;0.0
48;75;2;0.0
48;76;1;0.0
48;76;2;0.0
48;77;1;0.0
48;77;2;0.0
48;78;1;0.0
48;78;2;0.0
48;79;1;0.0
48;79;2;0.0
48;80;1;0.0
48;80;2;0.0
48;81;1;0.0
48;81;2;0.0
48;82;1;0.0
48;82;2;0.0
48;83;1;0.0
48;83;2;0.0
48;84;1;0.0
48;84;2;0.0
48;85;1;0.0
48;85;2;0.0
48;86;1;0.0
48;86;2;0.0
48;87;1;0.0
48;87;2;0.0
48;88;1;0.0
48;88;2;0.0
48;89;1;0.0
48;89;2;0.0
48;90;1;0.0
48;90;2;0.0
48;91;1;0.0
48;91;2;0.0
48;92;1;0.0
48;92;2;0.0
48;93;1;0.0
48;93;2;0.0
48;94;1;0.0
48;94;2;0.0
48;95;1;0.0
48;95;2;0.0
48;96;1;0.0
48;96;2;0.0
48;97;1;0.0
48;97;2;0.0
48;98;1;0.0
48;98;2;0.0
48;99;1;0.0
48;99;2;0.0
48;100;1;0.0
48;100;2;0.0
48;101;1;0.0
48;101;2;0.0
48;102;1;0.0
48;102;2;0.0
48;103;1;0.0
48;103;2;0.0
48;104;1;0.0
48;104;2;0.0
48;105;1;0.0
48;105;2;0.0
48;106;1;0.0
48;106;2;0.0
48;107;1;0.0
48;107;2;0.0
48;108;1;0.0
48;108;2;0.0
48;109;1;0.0
48;109;2;0.0
48;110;1;0.0
48;110;2;0.0
48;111;1;0.0
48;111;2;0.0
48;112;1;0.0
48;112;2;0.0
48;113;1;0.0
48;113;2;0.0
48;114;1;0.0
48;114;2;0.0
48;115;1;0.0
48;115;2;0.0
48;116;1;0.0
48;116;2;0.0
48;117;1;0.0
48;117;2;0.0
48;118;1;0.0
48;118;2;0.0
48;119;1;0.0
48;119;2;0.0
48;120;1;0.0
48;120;2;0.0
48;121;1;0.0
48;121;2;0.0
48;122;1;0.0
48;122;2;0.0
48;123;1;0.0
48;123;2;0.0
48;124;1;0.0
48;124;2;0.0
48;125;1;0.0
48;125;2;0.0
48;126;1;0.0
48;126;2;0.0
48;127;1;0.0
48;127;2;0.0
48;128;1;0.0
48;128;2;0.0
48;129;1;0.0
48;129;2;0.0
48;130;1;0.0
48;130;2;0.0
48;131;1;0.0
48;131;2;0.0
48;132;1;0.0
48;132;2;0.0
48;133;1;0.0
48;133;2;0.0
48;134;1;0.0
48;134;2;0.0
48;135;1;0.0
48;135;2;0.0
48;136;1;0.0
48;136;2;0.0
48;137;1;0.0
48;137;2;0.0
48;138;1;0.0
48;138;2;0.0
48;139;1;0.0
48;139;2;0.0
48;140;1;0.0
48;140;2;0.0
48;141;1;0.0
48;141;2;0.0
48;142;1;0.0
48;142;2;0.0
48;143;1;0.0
48;143;2;0.0
48;144;1;0.0
48;144;2;0.0
48;145;1;0.0
48;145;2;0.0
48;146;1;0.0
48;146;2;0.0
48;147;1;0.0
48;147;2;0.0
48;148;1;0.0
48;148;2;0.0
48;149;1;0.0
48;149;2;0.0
48;150;1;0.0
48;150;2;0.0
48;151;1;0.0
48;151;2;0.0
48;152;1;0.0
48;152;2;0.0
48;153;1;0.0
48;153;2;0.0
48;154;1;0.0
48;154;2;0.0
48;155;1;0.0
48;155;2;0.0
48;156;1;0.0
48;156;2;0.0
48;157;1;0.0
48;157;2;0.0
48;158;1;0.0
48;158;2;0.0
48;159;1;0.0
48;159;2;0.0
48;160;1;0.0
48;160;2;0.0
48;161;1;0.0
48;161;2;0.0
48;162;1;0.0
48;162;2;0.0
48;163;1;0.0
48;163;2;0.0
48;164;1;0.0
48;164;2;0.0
48;165;1;0.0
48;165;2;0.0
48;166;1;0.0
48;166;2;0.0
48;167;1;0.0
48;167;2;0.0
48;168;1;0.0
48;168;2;0.0
49;1;1;8.886090410306247
49;1;2;4.479229293100291e-14
49;2;1;8.88609041032474
49;2;2;4.479229293100291e-14
49;3;1;8.886090410330134
49;3;2;4.479229293100291e-14
49;4;1;8.886090410328903
49;4;2;4.479229293100291e-14
49;5;1;8.886090410328435
49;5;2;4.479229293100291e-14
49;6;1;8.886090410326771
49;6;2;4.479229293100291e-14
49;7;1;8.886090410327606
49;7;2;4.479229293100291e-14
49;8;1;8.88609041030413
49;8;2;4.479229293100291e-14
49;9;1;2.2831457361867395e-10
49;9;2;1.7375962742442038e-22
49;10;1;2.2723979616112723e-10
49;10;2;1.7375962742442038e-22
49;11;1;2.2641352484560315e-10
49;11;2;1.7375962742442038e-22
49;12;1;2.2713163124623966e-10
49;12;2;1.7375962742442038e-22
49;13;1;2.2708190018265863e-10
49;13;2;1.7375962742442038e-22
49;14;1;2.273789074117196e-10
49;14;2;1.7375962742442038e-22
49;15;1;2.2775565279634642e-10
49;15;2;1.7375962742442038e-22
49;16;1;2.341333187433222e-10
49;16;2;1.7375962742442038e-22
49;17;1;2.2842744526860488e-10
49;17;2;1.7375962742442038e-22
49;18;1;2.2716154769272893e-10
49;18;2;1.7375962742442038e-22
49;19;1;2.2608727059961995e-10
49;19;2;1.7375962742442038e-22
49;20;1;2.2695356773371362e-10
49;20;2;1.7375962742442038e-22
49;21;1;2.267328379211226e-10
49;21;2;1.7375962742442038e-22
49;22;1;2.274486838650895e-10
49;22;2;1.7375962742442038e-22
49;23;1;2.278275271608692e-10
49;23;2;1.7375962742442038e-22
49;24;1;2.341794036019761e-10
49;24;2;1.7375962742442038e-22
49;25;1;2.2831457361867395e-10
49;25;2;1.7375962742442038e-22
49;26;1;2.2723979616112723e-10
49;26;2;1.7375962742442038e-22
49;27;1;2.2641352484560315e-10
49;27;2;1.7375962742442038e-22
49;28;1;2.2713163124623966e-10
49;28;2;1.7375962742442038e-22
49;29;1;2.2708190018265863e-10
49;29;2;1.7375962742442038e-22
49;30;1;2.273789074117196e-10
49;30;2;1.7375962742442038e-22
49;31;1;2.2775565279634642e-10
49;31;2;1.7375962742442038e-22
49;32;1;2.341333187433222e-10
49;32;2;1.7375962742442038e-22
49;33;1;2.2842744526860488e-10
49;33;2;1.7375962742442038e-22
49;34;1;2.2716154769272893e-10
49;34;2;1.7375962742442038e-22
49;35;1;2.2608727059961995e-10
49;35;2;1.7375962742442038e-22
49;36;1;2.2695356773371362e-10
49;36;2;1.7375962742442038e-22
49;37;1;2.267328379211226e-10
49;37;2;1.7375962742442038e-22
49;38;1;2.274486838650895e-10
49;38;2;1.7375962742442038e-22
49;39;1;2.278275271608692e-10
49;39;2;1.7375962742442038e-22
49;40;1;2.341794036019761e-10
49;40;2;1.7375962742442038e-22
49;41;1;4.461355729290517e-10
49;41;2;0.0
49;42;1;4.282814103362398e-10
49;42;2;0.0
49;43;1;4.2366643526747794e-10
49;43;2;0.0
49;44;1;4.2444625591997465e-10
49;44;2;0.0
49;45;1;4.250040319675463e-10
49;45;2;0.0
49;46;1;4.2571812741698523e-10
49;46;2;0.0
49;47;1;4.2603609529123787e-10
49;47;2;0.0
49;48;1;4.4002668175835424e-10
49;48;2;0.0
49;49;1;4.4372150398430676e-10
49;49;2;0.0
49;50;1;4.284412824517858e-10
49;50;2;0.0
49;51;1;4.234514960899105e-10
49;51;2;0.0
49;52;1;4.2179415515875007e-10
49;52;2;0.0
49;53;1;4.262492581119659e-10
49;53;2;0.0
49;54;1;4.270788167559658e-10
49;54;2;0.0
49;55;1;4.256808239233578e-10
49;55;2;0.0
49;56;1;4.4295056511600706e-10
49;56;2;0.0
49;57;1;4.4162185020013567e-10
49;57;2;0.0
49;58;1;4.227356242836322e-10
49;58;2;0.0
49;59;1;4.205578107985275e-10
49;59;2;0.0
49;60;1;4.2242831455041596e-10
49;60;2;0.0
49;61;1;4.2543746303636e-10
49;61;2;0.0
49;62;1;4.254054886132508e-10
49;62;2;0.0
49;63;1;4.263043251739873e-10
49;63;2;0.0
49;64;1;4.3780090663858573e-10
49;64;2;0.0
49;65;1;4.3495340662502713e-10
49;65;2;0.0
49;66;1;4.232525441238977e-10
49;66;2;0.0
49;67;1;4.2297010338643304e-10
49;67;2;0.0
49;68;1;4.22632595586947e-10
49;68;2;0.0
49;69;1;4.2361136820545653e-10
49;69;2;0.0
49;70;1;4.257145747033064e-10
49;70;2;0.0
49;71;1;4.2307313208311825e-10
49;71;2;0.0
49;72;1;4.4422776568353584e-10
49;72;2;0.0
49;73;1;4.4587977754417807e-10
49;73;2;0.0
49;74;1;4.271001330380386e-10
49;74;2;0.0
49;75;1;4.228652983329084e-10
49;75;2;0.0
49;76;1;4.248175144994093e-10
49;76;2;0.0
49;77;1;4.270717113286082e-10
49;77;2;0.0
49;78;1;4.253521979080688e-10
49;78;2;0.0
49;79;1;4.2026115920634766e-10
49;79;2;0.0
49;80;1;4.418421184482213e-10
49;80;2;0.0
49;81;1;4.4587800118733867e-10
49;81;2;0.0
49;82;1;4.298676969938242e-10
49;82;2;0.0
49;83;1;4.2529713084604737e-10
49;83;2;0.0
49;84;1;4.247109330890453e-10
49;84;2;0.0
49;85;1;4.2445336134733225e-10
49;85;2;0.0
49;86;1;4.247713292215849e-10
49;86;2;0.0
49;87;1;4.2365577712644154e-10
49;87;2;0.0
49;88;1;4.4206949212366453e-10
49;88;2;0.0
49;89;1;4.410978249325126e-10
49;89;2;0.0
49;90;1;4.233076111859191e-10
49;90;2;0.0
49;91;1;4.2103742714516557e-10
49;91;2;0.0
49;92;1;4.24092760908934e-10
49;92;2;0.0
49;93;1;4.233697836752981e-10
49;93;2;0.0
49;94;1;4.2310688286306686e-10
49;94;2;0.0
49;95;1;4.2026115920634766e-10
49;95;2;0.0
49;96;1;4.4216719174983155e-10
49;96;2;0.0
49;97;1;4.4087933304126636e-10
49;97;2;0.0
49;98;1;4.2525094556822296e-10
49;98;2;0.0
49;99;1;4.1816861084953416e-10
49;99;2;0.0
49;100;1;4.218119187271441e-10
49;100;2;0.0
49;101;1;4.2444803227681405e-10
49;101;2;0.0
49;102;1;4.2381742559882696e-10
49;102;2;0.0
49;103;1;4.2390091437027877e-10
49;103;2;0.0
49;104;1;4.418350130208637e-10
49;104;2;0.0
49;105;1;4.461355729290517e-10
49;105;2;0.0
49;106;1;4.282814103362398e-10
49;106;2;0.0
49;107;1;4.2366643526747794e-10
49;107;2;0.0
49;108;1;4.2444625591997465e-10
49;108;2;0.0
49;109;1;4.250040319675463e-10
49;109;2;0.0
49;110;1;4.2571812741698523e-10
49;110;2;0.0
49;111;1;4.2603609529123787e-10
49;111;2;0.0
49;112;1;4.4002668175835424e-10
49;112;2;0.0
49;113;1;4.4372150398430676e-10
49;113;2;0.0
49;114;1;4.284412824517858e-10
49;114;2;0.0
49;115;1;4.234514960899105e-10
49;115;2;0.0
49;116;1;4.2179415515875007e-10
49;116;2;0.0
49;117;1;4.262492581119659e-10
49;117;2;0.0
49;118;1;4.270788167559658e-10
49;118;2;0.0
49;119;1;4.256808239233578e-10
49;119;2;0.0
49;120;1;4.4295056511600706e-10
49;120;2;0.0
49;121;1;4.4162185020013567e-10
49;121;2;0.0
49;122;1;4.227356242836322e-10
49;122;2;0.0
49;123;1;4.205578107985275e-10
49;123;2;0.0
49;124;1;4.2242831455041596e-10
49;124;2;0.0
49;125;1;4.2543746303636e-10
49;125;2;0.0
49;126;1;4.254054886132508e-10
49;126;2;0.0
49;127;1;4.263043251739873e-10
49;127;2;0.0
49;128;1;4.3780090663858573e-10
49;128;2;0.0
49;129;1;4.3495340662502713e-10
49;129;2;0.0
49;130;1;4.232525441238977e-10
49;130;2;0.0
49;131;1;4.2297010338643304e-10
49;131;2;0.0
49;132;1;4.22632595586947e-10
49;132;2;0.0
49;133;1;4.2361136820545653e-10
49;133;2;0.0
49;134;1;4.257145747033064e-10
49;134;2;0.0
49;135;1;4.2307313208311825e-10
49;135;2;0.0
49;136;1;4.4422776568353584e-10
49;136;2;0.0
49;137;1;4.4587977754417807e-10
49;137;2;0.0
49;138;1;4.271001330380386e-10
49;138;2;0.0
49;139;1;4.228652983329084e-10
49;139;2;0.0
49;140;1;4.248175144994093e-10
49;140;2;0.0
49;141;1;4.270717113286082e-10
49;141;2;0.0
49;142;1;4.253521979080688e-10
49;142;2;0.0
49;143;1;4.2026115920634766e-10
49;143;2;0.0
49;144;1;4.418421184482213e-10
49;144;2;0.0
49;145;1;4.4587800118733867e-10
49;145;2;0.0
49;146;1;4.298676969938242e-10
49;146;2;0.0
49;147;1;4.2529713084604737e-10
49;147;2;0.0
49;148;1;4.247109330890453e-10
49;148;2;0.0
49;149;1;4.2445336134733225e-10
49;149;2;0.0
49;150;1;4.247713292215849e-10
49;150;2;0.0
49;151;1;4.2365577712644154e-10
49;151;2;0.0
49;152;1;4.4206949212366453e-10
49;152;2;0.0
49;153;1;4.410978249325126e-10
49;153;2;0.0
49;154;1;4.233076111859191e-10
49;154;2;0.0
49;155;1;4.2103742714516557e-10
49;155;2;0.0
49;156;1;4.24092760908934e-10
49;156;2;0.0
49;157;1;4.233697836752981e-10
49;157;2;0.0
49;158;1;4.2310688286306686e-10
49;158;2;0.0
49;159;1;4.2026115920634766e-10
49;159;2;0.0
49;160;1;4.4216719174983155e-10
49;160;2;0.0
49;161;1;4.4087933304126636e-10
49;161;2;0.0
49;162;1;4.2525094556822296e-10
49;162;2;0.0
49;163;1;4.1816861084953416e-10
49;163;2;0.0
49;164;1;4.218119187271441e-10
49;164;2;0.0
49;165;1;4.2444803227681405e-10
49;165;2;0.0
49;166;1;4.2381742559882696e-10
49;166;2;0.0
49;167;1;4.2390091437027877e-10
49;167;2;0.0
49;168;1;4.418350130208637e-10
49;168;2;0.0
50;1;1;10.9288739719507
50;1;2;4.479229293100291e-14
50;2;1;10.928873971948793
50;2;2;4.479229293100291e-14
50;3;1;10.928873971947633
50;3;2;4.479229293100291e-14
50;4;1;10.928873971945672
50;4;2;4.479229293100291e-14
50;5;1;10.928873971951546
50;5;2;4.479229293100291e-14
50;6;1;10.928873971942808
50;6;2;4.479229293100291e-14
50;7;1;10.928873971943068
50;7;2;4.479229293100291e-14
50;8;1;10.928873971943077
50;8;2;4.479229293100291e-14
50;9;1;2.3235952857026793e-10
50;9;2;1.7375962742442038e-22
50;10;1;2.3227366601326746e-10
50;10;2;1.7375962742442038e-22
50;11;1;2.3217868451893838e-10
50;11;2;1.7375962742442038e-22
50;12;1;2.322433972344373e-10
50;12;2;1.7375962742442038e-22
50;13;1;2.3215606514643733e-10
50;13;2;1.7375962742442038e-22
50;14;1;2.3249575750364988e-10
50;14;2;1.7375962742442038e-22
50;15;1;2.3262017580807814e-10
50;15;2;1.7375962742442038e-22
50;16;1;2.3230437892647816e-10
50;16;2;1.7375962742442038e-22
50;17;1;2.324814454338179e-10
50;17;2;1.7375962742442038e-22
50;18;1;2.3254849659986698e-10
50;18;2;1.7375962742442038e-22
50;19;1;2.3268585349624044e-10
50;19;2;1.7375962742442038e-22
50;20;1;2.326742145059536e-10
50;20;2;1.7375962742442038e-22
50;21;1;2.327920053566225e-10
50;21;2;1.7375962742442038e-22
50;22;1;2.324878544042959e-10
50;22;2;1.7375962742442038e-22
50;23;1;2.3268830571595475e-10
50;23;2;1.7375962742442038e-22
50;24;1;2.3230423160610076e-10
50;24;2;1.7375962742442038e-22
50;25;1;2.3235952857026793e-10
50;25;2;1.7375962742442038e-22
50;26;1;2.3227366601326746e-10
50;26;2;1.7375962742442038e-22
50;27;1;2.3217868451893838e-10
50;27;2;1.7375962742442038e-22
50;28;1;2.322433972344373e-10
50;28;2;1.7375962742442038e-22
50;29;1;2.3215606514643733e-10
50;29;2;1.7375962742442038e-22
50;30;1;2.3249575750364988e-10
50;30;2;1.7375962742442038e-22
50;31;1;2.3262017580807814e-10
50;31;2;1.7375962742442038e-22
50;32;1;2.3230437892647816e-10
50;32;2;1.7375962742442038e-22
50;33;1;2.324814454338179e-10
50;33;2;1.7375962742442038e-22
50;34;1;2.3254849659986698e-10
50;34;2;1.7375962742442038e-22
50;35;1;2.3268585349624044e-10
50;35;2;1.7375962742442038e-22
50;36;1;2.326742145059536e-10
50;36;2;1.7375962742442038e-22
50;37;1;2.327920053566225e-10
50;37;2;1.7375962742442038e-22
50;38;1;2.324878544042959e-10
50;38;2;1.7375962742442038e-22
50;39;1;2.3268830571595475e-10
50;39;2;1.7375962742442038e-22
50;40;1;2.3230423160610076e-10
50;40;2;1.7375962742442038e-22
50;41;1;4.355822369461748e-10
50;41;2;0.0
50;42;1;4.3948489292233717e-10
50;42;2;0.0
50;43;1;4.383107210514936e-10
50;43;2;0.0
50;44;1;4.4142467459096224e-10
50;44;2;0.0
50;45;1;4.3932324444995174e-10
50;45;2;0.0
50;46;1;4.461018221491031e-10
50;46;2;0.0
50;47;1;4.489830729426103e-10
50;47;2;0.0
50;48;1;4.480789073113556e-10
50;48;2;0.0
50;49;1;4.38188152429575e-10
50;49;2;0.0
50;50;1;4.4076386984670535e-10
50;50;2;0.0
50;51;1;4.4298964496647386e-10
50;51;2;0.0
50;52;1;4.4445691571581847e-10
50;52;2;0.0
50;53;1;4.381366380812324e-10
50;53;2;0.0
50;54;1;4.460716240828333e-10
50;54;2;0.0
50;55;1;4.4775383400974533e-10
50;55;2;0.0
50;56;1;4.5062975573273434e-10
50;56;2;0.0
50;57;1;4.391633723344057e-10
50;57;2;0.0
50;58;1;4.431761624346109e-10
50;58;2;0.0
50;59;1;4.3786840819848294e-10
50;59;2;0.0
50;60;1;4.4373749119586137e-10
50;60;2;0.0
50;61;1;4.219664617721719e-10
50;61;2;0.0
50;62;1;4.461977454184307e-10
50;62;2;0.0
50;63;1;4.4864201242944546e-10
50;63;2;0.0
50;64;1;4.497611172382676e-10
50;64;2;0.0
50;65;1;4.3639403202178073e-10
50;65;2;0.0
50;66;1;4.3926107196057274e-10
50;66;2;0.0
50;67;1;4.4000891818996024e-10
50;67;2;0.0
50;68;1;4.4440184865379706e-10
50;68;2;0.0
50;69;1;4.40966374526397e-10
50;69;2;0.0
50;70;1;4.447642254490347e-10
50;70;2;0.0
50;71;1;4.4503600804546295e-10
50;71;2;0.0
50;72;1;4.48320491841514e-10
50;72;2;0.0
50;73;1;4.3951864370228577e-10
50;73;2;0.0
50;74;1;4.3873704669294966e-10
50;74;2;0.0
50;75;1;4.4068571014577174e-10
50;75;2;0.0
50;76;1;4.4003378718571184e-10
50;76;2;0.0
50;77;1;4.3808334737605037e-10
50;77;2;0.0
50;78;1;4.4634163032242213e-10
50;78;2;0.0
50;79;1;4.473683645755955e-10
50;79;2;0.0
50;80;1;4.481037763071072e-10
50;80;2;0.0
50;81;1;4.3877612654341647e-10
50;81;2;0.0
50;82;1;4.3866243970569485e-10
50;82;2;0.0
50;83;1;4.4516035302422097e-10
50;83;2;0.0
50;84;1;4.377618267881189e-10
50;84;2;0.0
50;85;1;4.3823256135056e-10
50;85;2;0.0
50;86;1;4.454427937616856e-10
50;86;2;0.0
50;87;1;4.4144421451619564e-10
50;87;2;0.0
50;88;1;4.4421710754249943e-10
50;88;2;0.0
50;89;1;4.396802921746712e-10
50;89;2;0.0
50;90;1;4.4088288575494516e-10
50;90;2;0.0
50;91;1;4.398668096428082e-10
50;91;2;0.0
50;92;1;4.4152770328764745e-10
50;92;2;0.0
50;93;1;4.3591263931830326e-10
50;93;2;0.0
50;94;1;4.4637893381604954e-10
50;94;2;0.0
50;95;1;4.5000980719578365e-10
50;95;2;0.0
50;96;1;4.502282990870299e-10
50;96;2;0.0
50;97;1;4.36736868891785e-10
50;97;2;0.0
50;98;1;4.397779918008382e-10
50;98;2;0.0
50;99;1;4.3950976191808877e-10
50;99;2;0.0
50;100;1;4.4435566337597265e-10
50;100;2;0.0
50;101;1;4.4086689854339056e-10
50;101;2;0.0
50;102;1;4.4796699683047336e-10
50;102;2;0.0
50;103;1;4.533013964191923e-10
50;103;2;0.0
50;104;1;4.5495518463667395e-10
50;104;2;0.0
50;105;1;4.355822369461748e-10
50;105;2;0.0
50;106;1;4.3948489292233717e-10
50;106;2;0.0
50;107;1;4.383107210514936e-10
50;107;2;0.0
50;108;1;4.4142467459096224e-10
50;108;2;0.0
50;109;1;4.3932324444995174e-10
50;109;2;0.0
50;110;1;4.461018221491031e-10
50;110;2;0.0
50;111;1;4.489830729426103e-10
50;111;2;0.0
50;112;1;4.480789073113556e-10
50;112;2;0.0
50;113;1;4.38188152429575e-10
50;113;2;0.0
50;114;1;4.4076386984670535e-10
50;114;2;0.0
50;115;1;4.4298964496647386e-10
50;115;2;0.0
50;116;1;4.4445691571581847e-10
50;116;2;0.0
50;117;1;4.381366380812324e-10
50;117;2;0.0
50;118;1;4.460716240828333e-10
50;118;2;0.0
50;119;1;4.4775383400974533e-10
50;119;2;0.0
50;120;1;4.5062975573273434e-10
50;120;2;0.0
50;121;1;4.391633723344057e-10
50;121;2;0.0
50;122;1;4.431761624346109e-10
50;122;2;0.0
50;123;1;4.3786840819848294e-10
50;123;2;0.0
50;124;1;4.4373749119586137e-10
50;124;2;0.0
50;125;1;4.219664617721719e-10
50;125;2;0.0
50;126;1;4.461977454184307e-10
50;126;2;0.0
50;127;1;4.4864201242944546e-10
50;127;2;0.0
50;128;1;4.497611172382676e-10
50;128;2;0.0
50;129;1;4.3639403202178073e-10
50;129;2;0.0
50;130;1;4.3926107196057274e-10
50;130;2;0.0
50;131;1;4.4000891818996024e-10
50;131;2;0.0
50;132;1;4.4440184865379706e-10
50;132;2;0.0
50;133;1;4.40966374526397e-10
50;133;2;0.0
50;134;1;4.447642254490347e-10
50;134;2;0.0
50;135;1;4.4503600804546295e-10
50;135;2;0.0
50;136;1;4.48320491841514e-10
50;136;2;0.0
50;137;1;4.3951864370228577e-10
50;137;2;0.0
50;138;1;4.3873704669294966e-10
50;138;2;0.0
50;139;1;4.4068571014577174e-10
50;139;2;0.0
50;140;1;4.4003378718571184e-10
50;140;2;0.0
50;141;1;4.3808334737605037e-10
50;141;2;0.0
50;142;1;4.4634163032242213e-10
50;142;2;0.0
50;143;1;4.473683645755955e-10
50;143;2;0.0
50;144;1;4.481037763071072e-10
50;144;2;0.0
50;145;1;4.3877612654341647e-10
50;145;2;0.0
50;146;1;4.3866243970569485e-10
50;146;2;0.0
50;147;1;4.4516035302422097e-10
50;147;2;0.0
50;148;1;4.377618267881189e-10
50;148;2;0.0
50;149;1;4.3823256135056e-10
50;149;2;0.0
50;150;1;4.454427937616856e-10
50;150;2;0.0
50;151;1;4.4144421451619564e-10
50;151;2;0.0
50;152;1;4.4421710754249943e-10
50;152;2;0.0
50;153;1;4.396802921746712e-10
50;153;2;0.0
50;154;1;4.4088288575494516e-10
50;154;2;0.0
50;155;1;4.398668096428082e-10
50;155;2;0.0
50;156;1;4.4152770328764745e-10
50;156;2;0.0
50;157;1;4.3591263931830326e-10
50;157;2;0.0
50;158;1;4.4637893381604954e-10
50;158;2;0.0
50;159;1;4.5000980719578365e-10
50;159;2;0.0
50;160;1;4.502282990870299e-10
50;160;2;0.0
50;161;1;4.36736868891785e-10
50;161;2;0.0
50;162;1;4.397779918008382e-10
50;162;2;0.0
50;163;1;4.3950976191808877e-10
50;163;2;0.0
50;164;1;4.4435566337597265e-10
50;164;2;0.0
50;165;1;4.4086689854339056e-10
50;165;2;0.0
50;166;1;4.4796699683047336e-10
50;166;2;0.0
50;167;1;4.533013964191923e-10
50;167;2;0.0
50;168;1;4.5495518463667395e-10
50;168;2;0.0
51;1;1;4.479229293100291e-14
51;1;2;4.479229293100291e-14
51;2;1;4.479229293100291e-14
51;2;2;4.479229293100291e-14
51;3;1;4.479229293100291e-14
51;3;2;4.479229293100291e-14
51;4;1;4.479229293100291e-14
51;4;2;4.479229293100291e-14
51;5;1;4.479229293100291e-14
51;5;2;4.479229293100291e-14
51;6;1;4.479229293100291e-14
51;6;2;4.479229293100291e-14
51;7;1;4.479229293100291e-14
51;7;2;4.479229293100291e-14
51;8;1;4.479229293100291e-14
51;8;2;4.479229293100291e-14
51;9;1;1.7375962742442038e-22
51;9;2;1.7375962742442038e-22
51;10;1;1.7375962742442038e-22
51;10;2;1.7375962742442038e-22
51;11;1;1.7375962742442038e-22
51;11;2;1.7375962742442038e-22
51;12;1;1.7375962742442038e-22
51;12;2;1.7375962742442038e-22
51;13;1;1.7375962742442038e-22
51;13;2;1.7375962742442038e-22
51;14;1;1.7375962742442038e-22
51;14;2;1.7375962742442038e-22
51;15;1;1.7375962742442038e-22
51;15;2;1.7375962742442038e-22
51;16;1;1.7375962742442038e-22
51;16;2;1.7375962742442038e-22
51;17;1;1.7375962742442038e-22
51;17;2;1.7375962742442038e-22
51;18;1;1.7375962742442038e-22
51;18;2;1.7375962742442038e-22
51;19;1;1.7375962742442038e-22
51;19;2;1.7375962742442038e-22
51;20;1;1.7375962742442038e-22
51;20;2;1.7375962742442038e-22
51;21;1;1.7375962742442038e-22
51;21;2;1.7375962742442038e-22
51;22;1;1.7375962742442038e-22
51;22;2;1.7375962742442038e-22
51;23;1;1.7375962742442038e-22
51;23;2;1.7375962742442038e-22
51;24;1;1.7375962742442038e-22
51;24;2;1.7375962742442038e-22
51;25;1;1.7375962742442038e-22
51;25;2;1.7375962742442038e-22
51;26;1;1.7375962742442038e-22
51;26;2;1.7375962742442038e-22
51;27;1;1.7375962742442038e-22
51;27;2;1.7375962742442038e-22
51;28;1;1.7375962742442038e-22
51;28;2;1.7375962742442038e-22
51;29;1;1.7375962742442038e-22
51;29;2;1.7375962742442038e-22
51;30;1;1.7375962742442038e-22
51;30;2;1.7375962742442038e-22
51;31;1;1.7375962742442038e-22
51;31;2;1.7375962742442038e-22
51;32;1;1.7375962742442038e-22
51;32;2;1.7375962742442038e-22
51;33;1;1.7375962742442038e-22
51;33;2;1.7375962742442038e-22
51;34;1;1.7375962742442038e-22
51;34;2;1.7375962742442038e-22
51;35;1;1.7375962742442038e-22
51;35;2;1.7375962742442038e-22
51;36;1;1.7375962742442038e-22
51;36;2;1.7375962742442038e-22
51;37;1;1.7375962742442038e-22
51;37;2;1.7375962742442038e-22
51;38;1;1.7375962742442038e-22
51;38;2;1.7375962742442038e-22
51;39;1;1.7375962742442038e-22
51;39;2;1.7375962742442038e-22
51;40;1;1.7375962742442038e-22
51;40;2;1.7375962742442038e-22
51;41;1;0.0
51;41;2;0.0
51;42;1;0.0
51;42;2;0.0
51;43;1;0.0
51;43;2;0.0
51;44;1;0.0
51;44;2;0.0
51;45;1;0.0
51;45;2;0.0
51;46;1;0.0
51;46;2;0.0
51;47;1;0.0
51;47;2;0.0
51;48;1;0.0
51;48;2;0.0
51;49;1;0.0
51;49;2;0.0
51;50;1;0.0
51;50;2;0.0
51;51;1;0.0
51;51;2;0.0
51;52;1;0.0
51;52;2;0.0
51;53;1;0.0
51;53;2;0.0
51;54;1;0.0
51;54;2;0.0
51;55;1;0.0
51;55;2;0.0
51;56;1;0.0
51;56;2;0.0
51;57;1;0.0
51;57;2;0.0
51;58;1;0.0
51;58;2;0.0
51;59;1;0.0
51;59;2;0.0
51;60;1;0.0
51;60;2;0.0
51;61;1;0.0
51;61;2;0.0
51;62;1;0.0
51;62;2;0.0
51;63;1;0.0
51;63;2;0.0
51;64;1;0.0
51;64;2;0.0
51;65;1;0.0
51;65;2;0.0
51;66;1;0.0
51;66;2;0.0
51;67;1;0.0
51;67;2;0.0
51;68;1;0.0
51;68;2;0.0
51;69;1;0.0
51;69;2;0.0
51;70;1;0.0
51;70;2;0.0
51;71;1;0.0
51;71;2;0.0
51;72;1;0.0
51;72;2;0.0
51;73;1;0.0
51;73;2;0.0
51;74;1;0.0
51;74;2;0.0
51;75;1;0.0
51;75;2;0.0
51;76;1;0.0
51;76;2;0.0
51;77;1;0.0
51;77;2;0.0
51;78;1;0.0
51;78;2;0.0
51;79;1;0.0
51;79;2;0.0
51;80;1;0.0
51;80;2;0.0
51;81;1;0.0
51;81;2;0.0
51;82;1;0.0
51;82;2;0.0
51;83;1;0.0
51;83;2;0.0
51;84;1;0.0
51;84;2;0.0
51;85;1;0.0
51;85;2;0.0
51;86;1;0.0
51;86;2;0.0
51;87;1;0.0
51;87;2;0.0
51;88;1;0.0
51;88;2;0.0
51;89;1;0.0
51;89;2;0.0
51;90;1;0.0
51;90;2;0.0
51;91;1;0.0
51;91;2;0.0
51;92;1;0.0
51;92;2;0.0
51;93;1;0.0
51;93;2;0.0
51;94;1;0.0
51;94;2;0.0
51;95;1;0.0
51;95;2;0.0
51;96;1;0.0
51;96;2;0.0
51;97;1;0.0
51;97;2;0.0
51;98;1;0.0
51;98;2;0.0
51;99;1;0.0
51;99;2;0.0
51;100;1;0.0
51;100;2;0.0
51;101;1;0.0
51;101;2;0.0
51;102;1;0.0
51;102;2;0.0
51;103;1;0.0
51;103;2;0.0
51;104;1;0.0
51;104;2;0.0
51;105;1;0.0
51;105;2;0.0
51;106;1;0.0
51;106;2;0.0
51;107;1;0.0
51;107;2;0.0
51;108;1;0.0
51;108;2;0.0
51;109;1;0.0
51;109;2;0.0
51;110;1;0.0
51;110;2;0.0
51;111;1;0.0
51;111;2;0.0
51;112;1;0.0
51;112;2;0.0
51;113;1;0.0
51;113;2;0.0
51;114;1;0.0
51;114;2;0.0
51;115;1;0.0
51;115;2;0.0
51;116;1;0.0
51;116;2;0.0
51;117;1;0.0
51;117;2;0.0
51;118;1;0.0
51;118;2;0.0
51;119;1;0.0
51;119;2;0.0
51;120;1;0.0
51;120;2;0.0
51;121;1;0.0
51;121;2;0.0
51;122;1;0.0
51;122;2;0.0
51;123;1;0.0
51;123;2;0.0
51;124;1;0.0
51;124;2;0.0
51;125;1;0.0
51;125;2;0.0
51;126;1;0.0
51;126;2;0.0
51;127;1;0.0
51;127;2;0.0
51;128;1;0.0
51;128;2;0.0
51;129;1;0.0
51;129;2;0.0
51;130;1;0.0
51;130;2;0.0
51;131;1;0.0
51;131;2;0.0
51;132;1;0.0
51;132;2;0.0
51;133;1;0.0
51;133;2;0.0
51;134;1;0.0
51;134;2;0.0
51;135;1;0.0
51;135;2;0.0
51;136;1;0.0
51;136;2;0.0
51;137;1;0.0
51;137;2;0.0
51;138;1;0.0
51;138;2;0.0
51;139;1;0.0
51;139;2;0.0
51;140;1;0.0
51;140;2;0.0
51;141;1;0.0
51;141;2;0.0
51;142;1;0.0
51;142;2;0.0
51;143;1;0.0
51;143;2;0.0
51;144;1;0.0
51;144;2;0.0
51;145;1;0.0
51;145;2;0.0
51;146;1;0.0
51;146;2;0.0
51;147;1;0.0
51;147;2;0.0
51;148;1;0.0
51;148;2;0.0
51;149;1;0.0
51;149;2;0.0
51;150;1;0.0
51;150;2;0.0
51;151;1;0.0
51;151;2;0.0
51;152;1;0.0
51;152;2;0.0
51;153;1;0.0
51;153;2;0.0
51;154;1;0.0
51;154;2;0.0
51;155;1;0.0
51;155;2;0.0
51;156;1;0.0
51;156;2;0.0
51;157;1;0.0
51;157;2;0.0
51;158;1;0.0
51;158;2;0.0
51;159;1;0.0
51;159;2;0.0
51;160;1;0.0
51;160;2;0.0
51;161;1;0.0
51;161;2;0.0
51;162;1;0.0
51;162;2;0.0
51;163;1;0.0
51;163;2;0.0
51;164;1;0.0
51;164;2;0.0
51;165;1;0.0
51;165;2;0.0
51;166;1;0.0
51;166;2;0.0
51;167;1;0.0
51;167;2;0.0
51;168;1;0.0
51;168;2;0.0
52;1;1;0.0
52;1;2;0.0
52;2;1;0.0
52;2;2;0.0
52;3;1;0.0
52;3;2;0.0
52;4;1;0.0
52;4;2;0.0
52;5;1;0.0
52;5;2;0.0
52;6;1;0.0
52;6;2;0.0
52;7;1;0.0
52;7;2;0.0
52;8;1;0.0
52;8;2;0.0
52;9;1;0.0
52;9;2;0.0
52;10;1;0.0
52;10;2;0.0
52;11;1;0.0
52;11;2;0.0
52;12;1;0.0
52;12;2;0.0
52;13;1;0.0
52;13;2;0.0
52;14;1;0.0
52;14;2;0.0
52;15;1;0.0
52;15;2;0.0
52;16;1;0.0
52;16;2;0.0
52;17;1;0.0
52;17;2;0.0
52;18;1;0.0
52;18;2;0.0
52;19;1;0.0
52;19;2;0.0
52;20;1;0.0
52;20;2;0.0
52;21;1;0.0
52;21;2;0.0
52;22;1;0.0
52;22;2;0.0
52;23;1;0.0
52;23;2;0.0
52;24;1;0.0
52;24;2;0.0
52;25;1;0.0
52;25;2;0.0
52;26;1;0.0
52;26;2;0.0
52;27;1;0.0
52;27;2;0.0
52;28;1;0.0
52;28;2;0.0
52;29;1;0.0
52;29;2;0.0
52;30;1;0.0
52;30;2;0.0
52;31;1;0.0
52;31;2;0.0
52;32;1;0.0
52;32;2;0.0
52;33;1;0.0
52;33;2;0.0
52;34;1;0.0
52;34;2;0.0
52;35;1;0.0
52;35;2;0.0
52;36;1;0.0
52;36;2;0.0
52;37;1;0.0
52;37;2;0.0
52;38;1;0.0
52;38;2;0.0
52;39;1;0.0
52;39;2;0.0
52;40;1;0.0
52;40;2;0.0
52;41;1;0.0
52;41;2;0.0
52;42;1;0.0
52;42;2;0.0
52;43;1;0.0
52;43;2;0.0
52;44;1;0.0
52;44;2;0.0
52;45;1;0.0
52;45;2;0.0
52;46;1;0.0
52;46;2;0.0
52;47;1;0.0
52;47;2;0.0
52;48;1;0.0
52;48;2;0.0
52;49;1;0.0
52;49;2;0.0
52;50;1;0.0
52;50;2;0.0
52;51;1;0.0
52;51;2;0.0
52;52;1;0.0
52;52;2;0.0
52;53;1;0.0
52;53;2;0.0
52;54;1;0.0
52;54;2;0.0
52;55;1;0.0
52;55;2;0.0
52;56;1;0.0
52;56;2;0.0
52;57;1;0.0
52;57;2;0.0
52;58;1;0.0
52;58;2;0.0
52;59;1;0.0
52;59;2;0.0
52;60;1;0.0
52;60;2;0.0
52;61;1;0.0
52;61;2;0.0
52;62;1;0.0
52;62;2;0.0
52;63;1;0.0
52;63;2;0.0
52;64;1;0.0
52;64;2;0.0
52;65;1;0.0
52;65;2;0.0
52;66;1;0.0
52;66;2;0.0
52;67;1;0.0
52;67;2;0.0
52;68;1;0.0
52;68;2;0.0
52;69;1;0.0
52;69;2;0.0
52;70;1;0.0
52;70;2;0.0
52;71;1;0.0
52;71;2;0.0
52;72;1;0.0
52;72;2;0.0
52;73;1;0.0
52;73;2;0.0
52;74;1;0.0
52;74;2;0.0
52;75;1;0.0
52;75;2;0.0
52;76;1;0.0
52;76;2;0.0
52;77;1;0.0
52;77;2;0.0
52;78;1;0.0
52;78;2;0.0
52;79;1;0.0
52;79;2;0.0
52;80;1;0.0
52;80;2;0.0
52;81;1;0.0
52;81;2;0.0
52;82;1;0.0
52;82;2;0.0
52;83;1;0.0
52;83;2;0.0
52;84;1;0.0
52;84;2;0.0
52;85;1;0.0
52;85;2;0.0
52;86;1;0.0
52;86;2;0.0
52;87;1;0.0
52;87;2;0.0
52;88;1;0.0
52;88;2;0.0
52;89;1;0.0
52;89;2;0.0
52;90;1;0.0
52;90;2;0.0
52;91;1;0.0
52;91;2;0.0
52;92;1;0.0
52;92;2;0.0
52;93;1;0.0
52;93;2;0.0
52;94;1;0.0
52;94;2;0.0
52;95;1;0.0
52;95;2;0.0
52;96;1;0.0
52;96;2;0.0
52;97;1;0.0
52;97;2;0.0
52;98;1;0.0
52;98;2;0.0
52;99;1;0.0
52;99;2;0.0
52;100;1;0.0
52;100;2;0.0
52;101;1;0.0
52;101;2;0.0
52;102;1;0.0
52;102;2;0.0
52;103;1;0.0
52;103;2;0.0
52;104;1;0.0
52;104;2;0.0
52;105;1;0.0
52;105;2;0.0
52;106;1;0.0
52;106;2;0.0
52;107;1;0.0
52;107;2;0.0
52;108;1;0.0
52;108;2;0.0
52;109;1;0.0
52;109;2;0.0
52;110;1;0.0
52;110;2;0.0
52;111;1;0.0
52;111;2;0.0
52;112;1;0.0
52;112;2;0.0
52;113;1;0.0
52;113;2;0.0
52;114;1;0.0
52;114;2;0.0
52;115;1;0.0
52;115;2;0.0
52;116;1;0.0
52;116;2;0.0
52;117;1;0.0
52;117;2;0.0
52;118;1;0.0
52;118;2;0.0
52;119;1;0.0
52;119;2;0.0
52;120;1;0.0
52;120;2;0.0
52;121;1;0.0
52;121;2;0.0
52;122;1;0.0
52;122;2;0.0
52;123;1;0.0
52;123;2;0.0
52;124;1;0.0
52;124;2;0.0
52;125;1;0.0
52;125;2;0.0
52;126;1;0.0
52;126;2;0.0
52;127;1;0.0
52;127;2;0.0
52;128;1;0.0
52;128;2;0.0
52;129;1;0.0
52;129;2;0.0
52;130;1;0.0
52;130;2;0.0
52;131;1;0.0
52;131;2;0.0
52;132;1;0.0
52;132;2;0.0
52;133;1;0.0
52;133;2;0.0
52;134;1;0.0
52;134;2;0.0
52;135;1;0.0
52;135;2;0.0
52;136;1;0.0
52;136;2;0.0
52;137;1;0.0
52;137;2;0.0
52;138;1;0.0
52;138;2;0.0
52;139;1;0.0
52;139;2;0.0
52;140;1;0.0
52;140;2;0.0
52;141;1;0.0
52;141;2;0.0
52;142;1;0.0
52;142;2;0.0
52;143;1;0.0
52;143;2;0.0
52;144;1;0.0
52;144;2;0.0
52;145;1;0.0
52;145;2;0.0
52;146;1;0.0
52;146;2;0.0
52;147;1;0.0
52;147;2;0.0
52;148;1;0.0
52;148;2;0.0
52;149;1;0.0
52;149;2;0.0
52;150;1;0.0
52;150;2;0.0
52;151;1;0.0
52;151;2;0.0
52;152;1;0.0
52;152;2;0.0
52;153;1;0.0
52;153;2;0.0
52;154;1;0.0
52;154;2;0.0
52;155;1;0.0
52;155;2;0.0
52;156;1;0.0
52;156;2;0.0
52;157;1;0.0
52;157;2;0.0
52;158;1;0.0
52;158;2;0.0
52;159;1;0.0
52;159;2;0.0
52;160;1;0.0
52;160;2;0.0
52;161;1;0.0
52;161;2;0.0
52;162;1;0.0
52;162;2;0.0
52;163;1;0.0
52;163;2;0.0
52;164;1;0.0
52;164;2;0.0
52;165;1;0.0
52;165;2;0.0
52;166;1;0.0
52;166;2;0.0
52;167;1;0.0
52;167;2;0.0
52;168;1;0.0
52;168;2;0.0
53;1;1;0.0
53;1;2;0.0
53;2;1;0.0
53;2;2;0.0
53;3;1;0.0
53;3;2;0.0
53;4;1;0.0
53;4;2;0.0
53;5;1;0.0
53;5;2;0.0
53;6;1;0.0
53;6;2;0.0
53;7;1;0.0
53;7;2;0.0
53;8;1;0.0
53;8;2;0.0
53;9;1;0.0
53;9;2;0.0
53;10;1;0.0
53;10;2;0.0
53;11;1;0.0
53;11;2;0.0
53;12;1;0.0
53;12;2;0.0
53;13;1;0.0
53;13;2;0.0
53;14;1;0.0
53;14;2;0.0
53;15;1;0.0
53;15;2;0.0
53;16;1;0.0
53;16;2;0.0
53;17;1;0.0
53;17;2;0.0
53;18;1;0.0
53;18;2;0.0
53;19;1;0.0
53;19;2;0.0
53;20;1;0.0
53;20;2;0.0
53;21;1;0.0
53;21;2;0.0
53;22;1;0.0
53;22;2;0.0
53;23;1;0.0
53;23;2;0.0
53;24;1;0.0
53;24;2;0.0
53;25;1;0.0
53;25;2;0.0
53;26;1;0.0
53;26;2;0.0
53;27;1;0.0
53;27;2;0.0
53;28;1;0.0
53;28;2;0.0
53;29;1;0.0
53;29;2;0.0
53;30;1;0.0
53;30;2;0.0
53;31;1;0.0
53;31;2;0.0
53;32;1;0.0
53;32;2;0.0
53;33;1;0.0
53;33;2;0.0
53;34;1;0.0
53;34;2;0.0
53;35;1;0.0
53;35;2;0.0
53;36;1;0.0
53;36;2;0.0
53;37;1;0.0
53;37;2;0.0
53;38;1;0.0
53;38;2;0.0
53;39;1;0.0
53;39;2;0.0
53;40;1;0.0
53;40;2;0.0
53;41;1;0.0
53;41;2;0.0
53;42;1;0.0
53;42;2;0.0
53;43;1;0.0
53;43;2;0.0
53;44;1;0.0
53;44;2;0.0
53;45;1;0.0
53;45;2;0.0
53;46;1;0.0
53;46;2;0.0
53;47;1;0.0
53;47;2;0.0
53;48;1;0.0
53;48;2;0.0
53;49;1;0.0
53;49;2;0.0
53;50;1;0.0
53;50;2;0.0
53;51;1;0.0
53;51;2;0.0
53;52;1;0.0
53;52;2;0.0
53;53;1;0.0
53;53;2;0.0
53;54;1;0.0
53;54;2;0.0
53;55;1;0.0
53;55;2;0.0
53;56;1;0.0
53;56;2;0.0
53;57;1;0.0
53;57;2;0.0
53;58;1;0.0
53;58;2;0.0
53;59;1;0.0
53;59;2;0.0
53;60;1;0.0
53;60;2;0.0
53;61;1;0.0
53;61;2;0.0
53;62;1;0.0
53;62;2;0.0
53;63;1;0.0
53;63;2;0.0
53;64;1;0.0
53;64;2;0.0
53;65;1;0.0
53;65;2;0.0
53;66;1;0.0
53;66;2;0.0
53;67;1;0.0
53;67;2;0.0
53;68;1;0.0
53;68;2;0.0
53;69;1;0.0
53;69;2;0.0
53;70;1;0.0
53;70;2;0.0
53;71;1;0.0
53;71;2;0.0
53;72;1;0.0
53;72;2;0.0
53;73;1;0.0
53;73;2;0.0
53;74;1;0.0
53;74;2;0.0
53;75;1;0.0
53;75;2;0.0
53;76;1;0.0
53;76;2;0.0
53;77;1;0.0
53;77;2;0.0
53;78;1;0.0
53;78;2;0.0
53;79;1;0.0
53;79;2;0.0
53;80;1;0.0
53;80;2;0.0
53;81;1;0.0
53;81;2;0.0
53;82;1;0.0
53;82;2;0.0
53;83;1;0.0
53;83;2;0.0
53;84;1;0.0
53;84;2;0.0
53;85;1;0.0
53;85;2;0.0
53;86;1;0.0
53;86;2;0.0
53;87;1;0.0
53;87;2;0.0
53;88;1;0.0
53;88;2;0.0
53;89;1;0.0
53;89;2;0.0
53;90;1;0.0
53;90;2;0.0
53;91;1;0.0
53;91;2;0.0
53;92;1;0.0
53;92;2;0.0
53;93;1;0.0
53;93;2;0.0
53;94;1;0.0
53;94;2;0.0
53;95;1;0.0
53;95;2;0.0
53;96;1;0.0
53;96;2;0.0
53;97;1;0.0
53;97;2;0.0
53;98;1;0.0
53;98;2;0.0
53;99;1;0.0
53;99;2;0.0
53;100;1;0.0
53;100;2;0.0
53;101;1;0.0
53;101;2;0.0
53;102;1;0.0
53;102;2;0.0
53;103;1;0.0
53;103;2;0.0
53;104;1;0.0
53;104;2;0.0
53;105;1;0.0
53;105;2;0.0
53;106;1;0.0
53;106;2;0.0
53;107;1;0.0
53;107;2;0.0
53;108;1;0.0
53;108;2;0.0
53;109;1;0.0
53;109;2;0.0
53;110;1;0.0
53;110;2;0.0
53;111;1;0.0
53;111;2;0.0
53;112;1;0.0
53;112;2;0.0
53;113;1;0.0
53;113;2;0.0
53;114;1;0.0
53;114;2;0.0
53;115;1;0.0
53;115;2;0.0
53;116;1;0.0
53;116;2;0.0
53;117;1;0.0
53;117;2;0.0
53;118;1;0.0
53;118;2;0.0
53;119;1;0.0
53;119;2;0.0
53;120;1;0.0
53;120;2;0.0
53;121;1;0.0
53;121;2;0.0
53;122;1;0.0
53;122;2;0.0
53;123;1;0.0
53;123;2;0.0
53;124;1;0.0
53;124;2;0.0
53;125;1;0.0
53;125;2;0.0
53;126;1;0.0
53;126;2;0.0
53;127;1;0.0
53;127;2;0.0
53;128;1;0.0
53;128;2;0.0
53;129;1;0.0
53;129;2;0.0
53;130;1;0.0
53;130;2;0.0
53;131;1;0.0
53;131;2;0.0
53;132;1;0.0
53;132;2;0.0
53;133;1;0.0
53;133;2;0.0
53;134;1;0.0
53;134;2;0.0
53;135;1;0.0
53;135;2;0.0
53;136;1;0.0
53;136;2;0.0
53;137;1;0.0
53;137;2;0.0
53;138;1;0.0
53;138;2;0.0
53;139;1;0.0
53;139;2;0.0
53;140;1;0.0
53;140;2;0.0
53;141;1;0.0
53;141;2;0.0
53;142;1;0.0
53;142;2;0.0
53;143;1;0.0
53;143;2;0.0
53;144;1;0.0
53;144;2;0.0
53;145;1;0.0
53;145;2;0.0
53;146;1;0.0
53;146;2;0.0
53;147;1;0.0
53;147;2;0.0
53;148;1;0.0
53;148;2;0.0
53;149;1;0.0
53;149;2;0.0
53;150;1;0.0
53;150;2;0.0
53;151;1;0.0
53;151;2;0.0
53;152;1;0.0
53;152;2;0.0
53;153;1;0.0
53;153;2;0.0
53;154;1;0.0
53;154;2;0.0
53;155;1;0.0
53;155;2;0.0
53;156;1;0.0
53;156;2;0.0
53;157;1;0.0
53;157;2;0.0
53;158;1;0.0
53;158;2;0.0
53;159;1;0.0
53;159;2;0.0
53;160;1;0.0
53;160;2;0.0
53;161;1;0.0
53;161;2;0.0
53;162;1;0.0
53;162;2;0.0
53;163;1;0.0
53;163;2;0.0
53;164;1;0.0
53;164;2;0.0
53;165;1;0.0
53;165;2;0.0
53;166;1;0.0
53;166;2;0.0
53;167;1;0.0
53;167;2;0.0
53;168;1;0.0
53;168;2;0.0
54;1;1;16.026747944518952
54;1;2;4.479229293100291e-14
54;2;1;16.026747944519627
54;2;2;4.479229293100291e-14
54;3;1;16.026747944511044
54;3;2;4.479229293100291e-14
54;4;1;16.026747944521166
54;4;2;4.479229293100291e-14
54;5;1;16.02674794452152
54;5;2;4.479229293100291e-14
54;6;1;16.026747944520956
54;6;2;4.479229293100291e-14
54;7;1;16.02674794451264
54;7;2;4.479229293100291e-14
54;8;1;16.026747944532616
54;8;2;4.479229293100291e-14
54;9;1;2.462996938930833e-10
54;9;2;1.7375962742442038e-22
54;10;1;2.460249645130111e-10
54;10;2;1.7375962742442038e-22
54;11;1;2.4620027442301663e-10
54;11;2;1.7375962742442038e-22
54;12;1;2.4626432519440365e-10
54;12;2;1.7375962742442038e-22
54;13;1;2.4639645810767943e-10
54;13;2;1.7375962742442038e-22
54;14;1;2.4625560110035844e-10
54;14;2;1.7375962742442038e-22
54;15;1;2.46157607633671e-10
54;15;2;1.7375962742442038e-22
54;16;1;2.458285161549177e-10
54;16;2;1.7375962742442038e-22
54;17;1;2.4625239165234016e-10
54;17;2;1.7375962742442038e-22
54;18;1;2.460615569799452e-10
54;18;2;1.7375962742442038e-22
54;19;1;2.4605142177088503e-10
54;19;2;1.7375962742442038e-22
54;20;1;2.460113644980381e-10
54;20;2;1.7375962742442038e-22
54;21;1;2.4603762085524794e-10
54;21;2;1.7375962742442038e-22
54;22;1;2.4625983137621906e-10
54;22;2;1.7375962742442038e-22
54;23;1;2.462460977028351e-10
54;23;2;1.7375962742442038e-22
54;24;1;2.458417910851836e-10
54;24;2;1.7375962742442038e-22
54;25;1;2.462996938930833e-10
54;25;2;1.7375962742442038e-22
54;26;1;2.460249645130111e-10
54;26;2;1.7375962742442038e-22
54;27;1;2.4620027442301663e-10
54;27;2;1.7375962742442038e-22
54;28;1;2.4626432519440365e-10
54;28;2;1.7375962742442038e-22
54;29;1;2.4639645810767943e-10
54;29;2;1.7375962742442038e-22
54;30;1;2.4625560110035844e-10
54;30;2;1.7375962742442038e-22
54;31;1;2.46157607633671e-10
54;31;2;1.7375962742442038e-22
54;32;1;2.458285161549177e-10
54;32;2;1.7375962742442038e-22
54;33;1;2.4625239165234016e-10
54;33;2;1.7375962742442038e-22
54;34;1;2.460615569799452e-10
54;34;2;1.7375962742442038e-22
54;35;1;2.4605142177088503e-10
54;35;2;1.7375962742442038e-22
54;36;1;2.460113644980381e-10
54;36;2;1.7375962742442038e-22
54;37;1;2.4603762085524794e-10
54;37;2;1.7375962742442038e-22
54;38;1;2.4625983137621906e-10
54;38;2;1.7375962742442038e-22
54;39;1;2.462460977028351e-10
54;39;2;1.7375962742442038e-22
54;40;1;2.458417910851836e-10
54;40;2;1.7375962742442038e-22
54;41;1;4.632667582882277e-10
54;41;2;0.0
54;42;1;4.6265569153547403e-10
54;42;2;0.0
54;43;1;4.681837140196876e-10
54;43;2;0.0
54;44;1;4.71221284215062e-10
54;44;2;0.0
54;45;1;4.5784531721437816e-10
54;45;2;0.0
54;46;1;4.602931369390717e-10
54;46;2;0.0
54;47;1;4.748592630221538e-10
54;47;2;0.0
54;48;1;4.476881088066875e-10
54;48;2;0.0
54;49;1;4.632383365787973e-10
54;49;2;0.0
54;50;1;4.6291859234770527e-10
54;50;2;0.0
54;51;1;4.682547682932636e-10
54;51;2;0.0
54;52;1;4.601687919603137e-10
54;52;2;0.0
54;53;1;4.5720582875219407e-10
54;53;2;0.0
54;54;1;4.647091600418207e-10
54;54;2;0.0
54;55;1;4.729763247723895e-10
54;55;2;0.0
54;56;1;4.5055159603180073e-10
54;56;2;0.0
54;57;1;4.609717052517226e-10
54;57;2;0.0
54;58;1;4.5500314627133776e-10
54;58;2;0.0
54;59;1;4.643965212380863e-10
54;59;2;0.0
54;60;1;4.588933677496243e-10
54;60;2;0.0
54;61;1;4.601510283919197e-10
54;61;2;0.0
54;62;1;4.538698306078004e-10
54;62;2;0.0
54;63;1;4.66414462607645e-10
54;63;2;0.0
54;64;1;4.4796877318731276e-10
54;64;2;0.0
54;65;1;4.617781712568103e-10
54;65;2;0.0
54;66;1;4.5506354240387736e-10
54;66;2;0.0
54;67;1;4.692743971190794e-10
54;67;2;0.0
54;68;1;4.5907810886092193e-10
54;68;2;0.0
54;69;1;4.5508485868595017e-10
54;69;2;0.0
54;70;1;4.567866085380956e-10
54;70;2;0.0
54;71;1;4.693809785294434e-10
54;71;2;0.0
54;72;1;4.453575286333944e-10
54;72;2;0.0
54;73;1;4.6118486807245063e-10
54;73;2;0.0
54;74;1;4.6287951249723847e-10
54;74;2;0.0
54;75;1;4.783302642863418e-10
54;75;2;0.0
54;76;1;4.573230683035945e-10
54;76;2;0.0
54;77;1;4.580762436035002e-10
54;77;2;0.0
54;78;1;4.5412917870635283e-10
54;78;2;0.0
54;79;1;4.72308414600775e-10
54;79;2;0.0
54;80;1;4.4992987113801064e-10
54;80;2;0.0
54;81;1;4.611102610851958e-10
54;81;2;0.0
54;82;1;4.575930745431833e-10
54;82;2;0.0
54;83;1;4.673275100230967e-10
54;83;2;0.0
54;84;1;4.5769610323986853e-10
54;84;2;0.0
54;85;1;4.580051893299242e-10
54;85;2;0.0
54;86;1;4.5996273456694325e-10
54;86;2;0.0
54;87;1;4.698073041708994e-10
54;87;2;0.0
54;88;1;4.5561066031041264e-10
54;88;2;0.0
54;89;1;4.551665711005626e-10
54;89;2;0.0
54;90;1;4.5788084435116616e-10
54;90;2;0.0
54;91;1;4.700630995557731e-10
54;91;2;0.0
54;92;1;4.588791568949091e-10
54;92;2;0.0
54;93;1;4.5987746943865204e-10
54;93;2;0.0
54;94;1;4.671925069033023e-10
54;94;2;0.0
54;95;1;4.665814401505486e-10
54;95;2;0.0
54;96;1;4.474536297038867e-10
54;96;2;0.0
54;97;1;4.616751425601251e-10
54;97;2;0.0
54;98;1;4.5271875137586903e-10
54;98;2;0.0
54;99;1;4.6499692984980356e-10
54;99;2;0.0
54;100;1;4.6408743514803064e-10
54;100;2;0.0
54;101;1;4.6489034843943955e-10
54;101;2;0.0
54;102;1;4.602220826654957e-10
54;102;2;0.0
54;103;1;4.6555470589737524e-10
54;103;2;0.0
54;104;1;4.474536297038867e-10
54;104;2;0.0
54;105;1;4.632667582882277e-10
54;105;2;0.0
54;106;1;4.6265569153547403e-10
54;106;2;0.0
54;107;1;4.681837140196876e-10
54;107;2;0.0
54;108;1;4.71221284215062e-10
54;108;2;0.0
54;109;1;4.5784531721437816e-10
54;109;2;0.0
54;110;1;4.602931369390717e-10
54;110;2;0.0
54;111;1;4.748592630221538e-10
54;111;2;0.0
54;112;1;4.476881088066875e-10
54;112;2;0.0
54;113;1;4.632383365787973e-10
54;113;2;0.0
54;114;1;4.6291859234770527e-10
54;114;2;0.0
54;115;1;4.682547682932636e-10
54;115;2;0.0
54;116;1;4.601687919603137e-10
54;116;2;0.0
54;117;1;4.5720582875219407e-10
54;117;2;0.0
54;118;1;4.647091600418207e-10
54;118;2;0.0
54;119;1;4.729763247723895e-10
54;119;2;0.0
54;120;1;4.5055159603180073e-10
54;120;2;0.0
54;121;1;4.609717052517226e-10
54;121;2;0.0
54;122;1;4.5500314627133776e-10
54;122;2;0.0
54;123;1;4.643965212380863e-10
54;123;2;0.0
54;124;1;4.588933677496243e-10
54;124;2;0.0
54;125;1;4.601510283919197e-10
54;125;2;0.0
54;126;1;4.538698306078004e-10
54;126;2;0.0
54;127;1;4.66414462607645e-10
54;127;2;0.0
54;128;1;4.4796877318731276e-10
54;128;2;0.0
54;129;1;4.617781712568103e-10
54;129;2;0.0
54;130;1;4.5506354240387736e-10
54;130;2;0.0
54;131;1;4.692743971190794e-10
54;131;2;0.0
54;132;1;4.5907810886092193e-10
54;132;2;0.0
54;133;1;4.5508485868595017e-10
54;133;2;0.0
54;134;1;4.567866085380956e-10
54;134;2;0.0
54;135;1;4.693809785294434e-10
54;135;2;0.0
54;136;1;4.453575286333944e-10
54;136;2;0.0
54;137;1;4.6118486807245063e-10
54;137;2;0.0
54;138;1;4.6287951249723847e-10
54;138;2;0.0
54;139;1;4.783302642863418e-10
54;139;2;0.0
54;140;1;4.573230683035945e-10
54;140;2;0.0
54;141;1;4.580762436035002e-10
54;141;2;0.0
54;142;1;4.5412917870635283e-10
54;142;2;0.0
54;143;1;4.72308414600775e-10
54;143;2;0.0
54;144;1;4.4992987113801064e-10
54;144;2;0.0
54;145;1;4.611102610851958e-10
54;145;2;0.0
54;146;1;4.575930745431833e-10
54;146;2;0.0
54;147;1;4.673275100230967e-10
54;147;2;0.0
54;148;1;4.5769610323986853e-10
54;148;2;0.0
54;149;1;4.580051893299242e-10
54;149;2;0.0
54;150;1;4.5996273456694325e-10
54;150;2;0.0
54;151;1;4.698073041708994e-10
54;151;2;0.0
54;152;1;4.5561066031041264e-10
54;152;2;0.0
54;153;1;4.551665711005626e-10
54;153;2;0.0
54;154;1;4.5788084435116616e-10
54;154;2;0.0
54;155;1;4.700630995557731e-10
54;155;2;0.0
54;156;1;4.588791568949091e-10
54;156;2;0.0
54;157;1;4.5987746943865204e-10
54;157;2;0.0
54;158;1;4.671925069033023e-10
54;158;2;0.0
54;159;1;4.665814401505486e-10
54;159;2;0.0
54;160;1;4.474536297038867e-10
54;160;2;0.0
54;161;1;4.616751425601251e-10
54;161;2;0.0
54;162;1;4.5271875137586903e-10
54;162;2;0.0
54;163;1;4.6499692984980356e-10
54;163;2;0.0
54;164;1;4.6408743514803064e-10
54;164;2;0.0
54;165;1;4.6489034843943955e-10
54;165;2;0.0
54;166;1;4.602220826654957e-10
54;166;2;0.0
54;167;1;4.6555470589737524e-10
54;167;2;0.0
54;168;1;4.474536297038867e-10
54;168;2;0.0
55;1;1;0.0
55;1;2;0.0
55;2;1;0.0
55;2;2;0.0
55;3;1;0.0
55;3;2;0.0
55;4;1;0.0
55;4;2;0.0
55;5;1;0.0
55;5;2;0.0
55;6;1;0.0
55;6;2;0.0
55;7;1;0.0
55;7;2;0.0
55;8;1;0.0
55;8;2;0.0
55;9;1;0.0
55;9;2;0.0
55;10;1;0.0
55;10;2;0.0
55;11;1;0.0
55;11;2;0.0
55;12;1;0.0
55;12;2;0.0
55;13;1;0.0
55;13;2;0.0
55;14;1;0.0
55;14;2;0.0
55;15;1;0.0
55;15;2;0.0
55;16;1;0.0
55;16;2;0.0
55;17;1;0.0
55;17;2;0.0
55;18;1;0.0
55;18;2;0.0
55;19;1;0.0
55;19;2;0.0
55;20;1;0.0
55;20;2;0.0
55;21;1;0.0
55;21;2;0.0
55;22;1;0.0
55;22;2;0.0
55;23;1;0.0
55;23;2;0.0
55;24;1;0.0
55;24;2;0.0
55;25;1;0.0
55;25;2;0.0
55;26;1;0.0
55;26;2;0.0
55;27;1;0.0
55;27;2;0.0
55;28;1;0.0
55;28;2;0.0
55;29;1;0.0
55;29;2;0.0
55;30;1;0.0
55;30;2;0.0
55;31;1;0.0
55;31;2;0.0
55;32;1;0.0
55;32;2;0.0
55;33;1;0.0
55;33;2;0.0
55;34;1;0.0
55;34;2;0.0
55;35;1;0.0
55;35;2;0.0
55;36;1;0.0
55;36;2;0.0
55;37;1;0.0
55;37;2;0.0
55;38;1;0.0
55;38;2;0.0
55;39;1;0.0
55;39;2;0.0
55;40;1;0.0
55;40;2;0.0
55;41;1;0.0
55;41;2;0.0
55;42;1;0.0
55;42;2;0.0
55;43;1;0.0
55;43;2;0.0
55;44;1;0.0
55;44;2;0.0
55;45;1;0.0
55;45;2;0.0
55;46;1;0.0
55;46;2;0.0
55;47;1;0.0
55;47;2;0.0
55;48;1;0.0
55;48;2;0.0
55;49;1;0.0
55;49;2;0.0
55;50;1;0.0
55;50;2;0.0
55;51;1;0.0
55;51;2;0.0
55;52;1;0.0
55;52;2;0.0
55;53;1;0.0
55;53;2;0.0
55;54;1;0.0
55;54;2;0.0
55;55;1;0.0
55;55;2;0.0
55;56;1;0.0
55;56;2;0.0
55;57;1;0.0
55;57;2;0.0
55;58;1;0.0
55;58;2;0.0
55;59;1;0.0
55;59;2;0.0
55;60;1;0.0
55;60;2;0.0
55;61;1;0.0
55;61;2;0.0
55;62;1;0.0
55;62;2;0.0
55;63;1;0.0
55;63;2;0.0
55;64;1;0.0
55;64;2;0.0
55;65;1;0.0
55;65;2;0.0
55;66;1;0.0
55;66;2;0.0
55;67;1;0.0
55;67;2;0.0
55;68;1;0.0
55;68;2;0.0
55;69;1;0.0
55;69;2;0.0
55;70;1;0.0
55;70;2;0.0
55;71;1;0.0
55;71;2;0.0
55;72;1;0.0
55;72;2;0.0
55;73;1;0.0
55;73;2;0.0
55;74;1;0.0
55;74;2;0.0
55;75;1;0.0
55;75;2;0.0
55;76;1;0.0
55;76;2;0.0
55;77;1;0.0
55;77;2;0.0
55;78;1;0.0
55;78;2;0.0
55;79;1;0.0
55;79;2;0.0
55;80;1;0.0
55;80;2;0.0
55;81;1;0.0
55;81;2;0.0
55;82;1;0.0
55;82;2;0.0
55;83;1;0.0
55;83;2;0.0
55;84;1;0.0
55;84;2;0.0
55;85;1;0.0
55;85;2;0.0
55;86;1;0.0
55;86;2;0.0
55;87;1;0.0
55;87;2;0.0
55;88;1;0.0
55;88;2;0.0
55;89;1;0.0
55;89;2;0.0
55;90;1;0.0
55;90;2;0.0
55;91;1;0.0
55;91;2;0.0
55;92;1;0.0
55;92;2;0.0
55;93;1;0.0
55;93;2;0.0
55;94;1;0.0
55;94;2;0.0
55;95;1;0.0
55;95;2;0.0
55;96;1;0.0
55;96;2;0.0
55;97;1;0.0
55;97;2;0.0
55;98;1;0.0
55;98;2;0.0
55;99;1;0.0
55;99;2;0.0
55;100;1;0.0
55;100;2;0.0
55;101;1;0.0
55;101;2;0.0
55;102;1;0.0
55;102;2;0.0
55;103;1;0.0
55;103;2;0.0
55;104;1;0.0
55;104;2;0.0
55;105;1;0.0
55;105;2;0.0
55;106;1;0.0
55;106;2;0.0
55;107;1;0.0
55;107;2;0.0
55;108;1;0.0
55;108;2;0.0
55;109;1;0.0
55;109;2;0.0
55;110;1;0.0
55;110;2;0.0
55;111;1;0.0
55;111;2;0.0
55;112;1;0.0
55;112;2;0.0
55;113;1;0.0
55;113;2;0.0
55;114;1;0.0
55;114;2;0.0
55;115;1;0.0
55;115;2;0.0
55;116;1;0.0
55;116;2;0.0
55;117;1;0.0
55;117;2;0.0
55;118;1;0.0
55;118;2;0.0
55;119;1;0.0
55;119;2;0.0
55;120;1;0.0
55;120;2;0.0
55;121;1;0.0
55;121;2;0.0
55;122;1;0.0
55;122;2;0.0
55;123;1;0.0
55;123;2;0.0
55;124;1;0.0
55;124;2;0.0
55;125;1;0.0
55;125;2;0.0
55;126;1;0.0
55;126;2;0.0
55;127;1;0.0
55;127;2;0.0
55;128;1;0.0
55;128;2;0.0
55;129;1;0.0
55;129;2;0.0
55;130;1;0.0
55;130;2;0.0
55;131;1;0.0
55;131;2;0.0
55;132;1;0.0
55;132;2;0.0
55;133;1;0.0
55;133;2;0.0
55;134;1;0.0
55;134;2;0.0
55;135;1;0.0
55;135;2;0.0
55;136;1;0.0
55;136;2;0.0
55;137;1;0.0
55;137;2;0.0
55;138;1;0.0
55;138;2;0.0
55;139;1;0.0
55;139;2;0.0
55;140;1;0.0
55;140;2;0.0
55;141;1;0.0
55;141;2;0.0
55;142;1;0.0
55;142;2;0.0
55;143;1;0.0
55;143;2;0.0
55;144;1;0.0
55;144;2;0.0
55;145;1;0.0
55;145;2;0.0
55;146;1;0.0
55;146;2;0.0
55;147;1;0.0
55;147;2;0.0
55;148;1;0.0
55;148;2;0.0
55;149;1;0.0
55;149;2;0.0
55;150;1;0.0
55;150;2;0.0
55;151;1;0.0
55;151;2;0.0
55;152;1;0.0
55;152;2;0.0
55;153;1;0.0
55;153;2;0.0
55;154;1;0.0
55;154;2;0.0
55;155;1;0.0
55;155;2;0.0
55;156;1;0.0
55;156;2;0.0
55;157;1;0.0
55;157;2;0.0
55;158;1;0.0
55;158;2;0.0
55;159;1;0.0
55;159;2;0.0
55;160;1;0.0
55;160;2;0.0
55;161;1;0.0
55;161;2;0.0
55;162;1;0.0
55;162;2;0.0
55;163;1;0.0
55;163;2;0.0
55;164;1;0.0
55;164;2;0.0
55;165;1;0.0
55;165;2;0.0
55;166;1;0.0
55;166;2;0.0
55;167;1;0.0
55;167;2;0.0
55;168;1;0.0
55;168;2;0.0
56;1;1;0.0
56;1;2;0.0
56;2;1;0.0
56;2;2;0.0
56;3;1;0.0
56;3;2;0.0
56;4;1;0.0
56;4;2;0.0
56;5;1;0.0
56;5;2;0.0
56;6;1;0.0
56;6;2;0.0
56;7;1;0.0
56;7;2;0.0
56;8;1;0.0
56;8;2;0.0
56;9;1;0.0
56;9;2;0.0
56;10;1;0.0
56;10;2;0.0
56;11;1;0.0
56;11;2;0.0
56;12;1;0.0
56;12;2;0.0
56;13;1;0.0
56;13;2;0.0
56;14;1;0.0
56;14;2;0.0
56;15;1;0.0
56;15;2;0.0
56;16;1;0.0
56;16;2;0.0
56;17;1;0.0
56;17;2;0.0
56;18;1;0.0
56;18;2;0.0
56;19;1;0.0
56;19;2;0.0
56;20;1;0.0
56;20;2;0.0
56;21;1;0.0
56;21;2;0.0
56;22;1;0.0
56;22;2;0.0
56;23;1;0.0
56;23;2;0.0
56;24;1;0.0
56;24;2;0.0
56;25;1;0.0
56;25;2;0.0
56;26;1;0.0
56;26;2;0.0
56;27;1;0.0
56;27;2;0.0
56;28;1;0.0
56;28;2;0.0
56;29;1;0.0
56;29;2;0.0
56;30;1;0.0
56;30;2;0.0
56;31;1;0.0
56;31;2;0.0
56;32;1;0.0
56;32;2;0.0
56;33;1;0.0
56;33;2;0.0
56;34;1;0.0
56;34;2;0.0
56;35;1;0.0
56;35;2;0.0
56;36;1;0.0
56;36;2;0.0
56;37;1;0.0
56;37;2;0.0
56;38;1;0.0
56;38;2;0.0
56;39;1;0.0
56;39;2;0.0
56;40;1;0.0
56;40;2;0.0
56;41;1;0.0
56;41;2;0.0
56;42;1;0.0
56;42;2;0.0
56;43;1;0.0
56;43;2;0.0
56;44;1;0.0
56;44;2;0.0
56;45;1;0.0
56;45;2;0.0
56;46;1;0.0
56;46;2;0.0
56;47;1;0.0
56;47;2;0.0
56;48;1;0.0
56;48;2;0.0
56;49;1;0.0
56;49;2;0.0
56;50;1;0.0
56;50;2;0.0
56;51;1;0.0
56;51;2;0.0
56;52;1;0.0
56;52;2;0.0
56;53;1;0.0
56;53;2;0.0
56;54;1;0.0
56;54;2;0.0
56;55;1;0.0
56;55;2;0.0
56;56;1;0.0
56;56;2;0.0
56;57;1;0.0
56;57;2;0.0
56;58;1;0.0
56;58;2;0.0
56;59;1;0.0
56;59;2;0.0
56;60;1;0.0
56;60;2;0.0
56;61;1;0.0
56;61;2;0.0
56;62;1;0.0
56;62;2;0.0
56;63;1;0.0
56;63;2;0.0
56;64;1;0.0
56;64;2;0.0
56;65;1;0.0
56;65;2;0.0
56;66;1;0.0
56;66;2;0.0
56;67;1;0.0
56;67;2;0.0
56;68;1;0.0
56;68;2;0.0
56;69;1;0.0
56;69;2;0.0
56;70;1;0.0
56;70;2;0.0
56;71;1;0.0
56;71;2;0.0
56;72;1;0.0
56;72;2;0.0
56;73;1;0.0
56;73;2;0.0
56;74;1;0.0
56;74;2;0.0
56;75;1;0.0
56;75;2;0.0
56;76;1;0.0
56;76;2;0.0
56;77;1;0.0
56;77;2;0.0
56;78;1;0.0
56;78;2;0.0
56;79;1;0.0
56;79;2;0.0
56;80;1;0.0
56;80;2;0.0
56;81;1;0.0
56;81;2;0.0
56;82;1;0.0
56;82;2;0.0
56;83;1;0.0
56;83;2;0.0
56;84;1;0.0
56;84;2;0.0
56;85;1;0.0
56;85;2;0.0
56;86;1;0.0
56;86;2;0.0
56;87;1;0.0
56;87;2;0.0
56;88;1;0.0
56;88;2;0.0
56;89;1;0.0
56;89;2;0.0
56;90;1;0.0
56;90;2;0.0
56;91;1;0.0
56;91;2;0.0
56;92;1;0.0
56;92;2;0.0
56;93;1;0.0
56;93;2;0.0
56;94;1;0.0
56;94;2;0.0
56;95;1;0.0
56;95;2;0.0
56;96;1;0.0
56;96;2;0.0
56;97;1;0.0
56;97;2;0.0
56;98;1;0.0
56;98;2;0.0
56;99;1;0.0
56;99;2;0.0
56;100;1;0.0
56;100;2;0.0
56;101;1;0.0
56;101;2;0.0
56;102;1;0.0
56;102;2;0.0
56;103;1;0.0
56;103;2;0.0
56;104;1;0.0
56;104;2;0.0
56;105;1;0.0
56;105;2;0.0
56;106;1;0.0
56;106;2;0.0
56;107;1;0.0
56;107;2;0.0
56;108;1;0.0
56;108;2;0.0
56;109;1;0.0
56;109;2;0.0
56;110;1;0.0
56;110;2;0.0
56;111;1;0.0
56;111;2;0.0
56;112;1;0.0
56;112;2;0.0
56;113;1;0.0
56;113;2;0.0
56;114;1;0.0
56;114;2;0.0
56;115;1;0.0
56;115;2;0.0
56;116;1;0.0
56;116;2;0.0
56;117;1;0.0
56;117;2;0.0
56;118;1;0.0
56;118;2;0.0
56;119;1;0.0
56;119;2;0.0
56;120;1;0.0
56;120;2;0.0
56;121;1;0.0
56;121;2;0.0
56;122;1;0.0
56;122;2;0.0
56;123;1;0.0
56;123;2;0.0
56;124;1;0.0
56;124;2;0.0
56;125;1;0.0
56;125;2;0.0
56;126;1;0.0
56;126;2;0.0
56;127;1;0.0
56;127;2;0.0
56;128;1;0.0
56;128;2;0.0
56;129;1;0.0
56;129;2;0.0
56;130;1;0.0
56;130;2;0.0
56;131;1;0.0
56;131;2;0.0
56;132;1;0.0
56;132;2;0.0
56;133;1;0.0
56;133;2;0.0
56;134;1;0.0
56;134;2;0.0
56;135;1;0.0
56;135;2;0.0
56;136;1;0.0
56;136;2;0.0
56;137;1;0.0
56;137;2;0.0
56;138;1;0.0
56;138;2;0.0
56;139;1;0.0
56;139;2;0.0
56;140;1;0.0
56;140;2;0.0
56;141;1;0.0
56;141;2;0.0
56;142;1;0.0
56;142;2;0.0
56;143;1;0.0
56;143;2;0.0
56;144;1;0.0
56;144;2;0.0
56;145;1;0.0
56;145;2;0.0
56;146;1;0.0
56;146;2;0.0
56;147;1;0.0
56;147;2;0.0
56;148;1;0.0
56;148;2;0.0
56;149;1;0.0
56;149;2;0.0
56;150;1;0.0
56;150;2;0.0
56;151;1;0.0
56;151;2;0.0
56;152;1;0.0
56;152;2;0.0
56;153;1;0.0
56;153;2;0.0
56;154;1;0.0
56;154;2;0.0
56;155;1;0.0
56;155;2;0.0
56;156;1;0.0
56;156;2;0.0
56;157;1;0.0
56;157;2;0.0
56;158;1;0.0
56;158;2;0.0
56;159;1;0.0
56;159;2;0.0
56;160;1;0.0
56;160;2;0.0
56;161;1;0.0
56;161;2;0.0
56;162;1;0.0
56;162;2;0.0
56;163;1;0.0
56;163;2;0.0
56;164;1;0.0
56;164;2;0.0
56;165;1;0.0
56;165;2;0.0
56;166;1;0.0
56;166;2;0.0
56;167;1;0.0
56;167;2;0.0
56;168;1;0.0
56;168;2;0.0
57;1;1;99.23773698560983
57;1;2;4.479229293100291e-14
57;2;1;99.23773698561419
57;2;2;4.479229293100291e-14
57;3;1;99.23773698561027
57;3;2;4.479229293100291e-14
57;4;1;99.23773698561436
57;4;2;4.479229293100291e-14
57;5;1;99.23773698559367
57;5;2;4.479229293100291e-14
57;6;1;99.23773698559424
57;6;2;4.479229293100291e-14
57;7;1;99.23773698556882
57;7;2;4.479229293100291e-14
57;8;1;99.23773698559519
57;8;2;4.479229293100291e-14
57;9;1;2.598380615881742e-10
57;9;2;1.7375962742442038e-22
57;10;1;2.599585086856069e-10
57;10;2;1.7375962742442038e-22
57;11;1;2.5977785902804757e-10
57;11;2;1.7375962742442038e-22
57;12;1;2.6046924858090073e-10
57;12;2;1.7375962742442038e-22
57;13;1;2.6201440884765346e-10
57;13;2;1.7375962742442038e-22
57;14;1;2.6362621480625987e-10
57;14;2;1.7375962742442038e-22
57;15;1;2.6500559068020023e-10
57;15;2;1.7375962742442038e-22
57;16;1;2.660747530286626e-10
57;16;2;1.7375962742442038e-22
57;17;1;2.5998515433869606e-10
57;17;2;1.7375962742442038e-22
57;18;1;2.60315559672012e-10
57;18;2;1.7375962742442038e-22
57;19;1;2.604250380475257e-10
57;19;2;1.7375962742442038e-22
57;20;1;2.6103570521197036e-10
57;20;2;1.7375962742442038e-22
57;21;1;2.622687573574487e-10
57;21;2;1.7375962742442038e-22
57;22;1;2.6367047491030584e-10
57;22;2;1.7375962742442038e-22
57;23;1;2.650981649630224e-10
57;23;2;1.7375962742442038e-22
57;24;1;2.6605607044139255e-10
57;24;2;1.7375962742442038e-22
57;25;1;2.598380615881742e-10
57;25;2;1.7375962742442038e-22
57;26;1;2.599585086856069e-10
57;26;2;1.7375962742442038e-22
57;27;1;2.5977785902804757e-10
57;27;2;1.7375962742442038e-22
57;28;1;2.6046924858090073e-10
57;28;2;1.7375962742442038e-22
57;29;1;2.6201440884765346e-10
57;29;2;1.7375962742442038e-22
57;30;1;2.6362621480625987e-10
57;30;2;1.7375962742442038e-22
57;31;1;2.6500559068020023e-10
57;31;2;1.7375962742442038e-22
57;32;1;2.660747530286626e-10
57;32;2;1.7375962742442038e-22
57;33;1;2.5998515433869606e-10
57;33;2;1.7375962742442038e-22
57;34;1;2.60315559672012e-10
57;34;2;1.7375962742442038e-22
57;35;1;2.604250380475257e-10
57;35;2;1.7375962742442038e-22
57;36;1;2.6103570521197036e-10
57;36;2;1.7375962742442038e-22
57;37;1;2.622687573574487e-10
57;37;2;1.7375962742442038e-22
57;38;1;2.6367047491030584e-10
57;38;2;1.7375962742442038e-22
57;39;1;2.650981649630224e-10
57;39;2;1.7375962742442038e-22
57;40;1;2.6605607044139255e-10
57;40;2;1.7375962742442038e-22
57;41;1;4.490772198550985e-10
57;41;2;0.0
57;42;1;4.440607881406322e-10
57;42;2;0.0
57;43;1;4.482387794269016e-10
57;43;2;0.0
57;44;1;4.434070888237329e-10
57;44;2;0.0
57;45;1;4.645528406399535e-10
57;45;2;0.0
57;46;1;4.624638449968188e-10
57;46;2;0.0
57;47;1;4.871623104918399e-10
57;47;2;0.0
57;48;1;4.602185299518169e-10
57;48;2;0.0
57;49;1;4.487645810513641e-10
57;49;2;0.0
57;50;1;4.440039447217714e-10
57;50;2;0.0
57;51;1;4.481819360080408e-10
57;51;2;0.0
57;52;1;4.433786671143025e-10
57;52;2;0.0
57;53;1;4.645528406399535e-10
57;53;2;0.0
57;54;1;4.622506821760908e-10
57;54;2;0.0
57;55;1;4.870912562182639e-10
57;55;2;0.0
57;56;1;4.602327408065321e-10
57;56;2;0.0
57;57;1;4.4720138703269185e-10
57;57;2;0.0
57;58;1;4.433644562595873e-10
57;58;2;0.0
57;59;1;4.4849457481177524e-10
57;59;2;0.0
57;60;1;4.455671387404436e-10
57;60;2;0.0
57;61;1;4.6499337713612476e-10
57;61;2;0.0
57;62;1;4.6205173021007795e-10
57;62;2;0.0
57;63;1;4.868354608333902e-10
57;63;2;0.0
57;64;1;4.603037950801081e-10
57;64;2;0.0
57;65;1;4.4720138703269185e-10
57;65;2;0.0
57;66;1;4.433786671143025e-10
57;66;2;0.0
57;67;1;4.4843773139291443e-10
57;67;2;0.0
57;68;1;4.455387170310132e-10
57;68;2;0.0
57;69;1;4.6499337713612476e-10
57;69;2;0.0
57;70;1;4.618811999534955e-10
57;70;2;0.0
57;71;1;4.867786174145294e-10
57;71;2;0.0
57;72;1;4.603037950801081e-10
57;72;2;0.0
57;73;1;4.4940406951354817e-10
57;73;2;0.0
57;74;1;4.5420733840728644e-10
57;74;2;0.0
57;75;1;4.305604761611903e-10
57;75;2;0.0
57;76;1;4.4423131839721464e-10
57;76;2;0.0
57;77;1;4.6428283440036466e-10
57;77;2;0.0
57;78;1;4.625206884156796e-10
57;78;2;0.0
57;79;1;4.963283117831452e-10
57;79;2;0.0
57;80;1;4.602895842253929e-10
57;80;2;0.0
57;81;1;4.487645810513641e-10
57;81;2;0.0
57;82;1;4.446718548933859e-10
57;82;2;0.0
57;83;1;4.4865089421364246e-10
57;83;2;0.0
57;84;1;4.43904468738765e-10
57;84;2;0.0
57;85;1;4.6428283440036466e-10
57;85;2;0.0
57;86;1;4.622506821760908e-10
57;86;2;0.0
57;87;1;4.870202019446879e-10
57;87;2;0.0
57;88;1;4.602895842253929e-10
57;88;2;0.0
57;89;1;4.4718717617797665e-10
57;89;2;0.0
57;90;1;4.4302339574642247e-10
57;90;2;0.0
57;91;1;4.4870773763250327e-10
57;91;2;0.0
57;92;1;4.4570924728759564e-10
57;92;2;0.0
57;93;1;4.6554760047001764e-10
57;93;2;0.0
57;94;1;4.6195225422707153e-10
57;94;2;0.0
57;95;1;4.86892304252251e-10
57;95;2;0.0
57;96;1;4.602895842253929e-10
57;96;2;0.0
57;97;1;4.4717296532326145e-10
57;97;2;0.0
57;98;1;4.4302339574642247e-10
57;98;2;0.0
57;99;1;4.4862247250421206e-10
57;99;2;0.0
57;100;1;4.4565240386873484e-10
57;100;2;0.0
57;101;1;4.6556181132473284e-10
57;101;2;0.0
57;102;1;4.618669890987803e-10
57;102;2;0.0
57;103;1;4.86821249978675e-10
57;103;2;0.0
57;104;1;4.602895842253929e-10
57;104;2;0.0
57;105;1;4.490772198550985e-10
57;105;2;0.0
57;106;1;4.440607881406322e-10
57;106;2;0.0
57;107;1;4.482387794269016e-10
57;107;2;0.0
57;108;1;4.434070888237329e-10
57;108;2;0.0
57;109;1;4.645528406399535e-10
57;109;2;0.0
57;110;1;4.624638449968188e-10
57;110;2;0.0
57;111;1;4.871623104918399e-10
57;111;2;0.0
57;112;1;4.602185299518169e-10
57;112;2;0.0
57;113;1;4.487645810513641e-10
57;113;2;0.0
57;114;1;4.440039447217714e-10
57;114;2;0.0
57;115;1;4.481819360080408e-10
57;115;2;0.0
57;116;1;4.433786671143025e-10
57;116;2;0.0
57;117;1;4.645528406399535e-10
57;117;2;0.0
57;118;1;4.622506821760908e-10
57;118;2;0.0
57;119;1;4.870912562182639e-10
57;119;2;0.0
57;120;1;4.602327408065321e-10
57;120;2;0.0
57;121;1;4.4720138703269185e-10
57;121;2;0.0
57;122;1;4.433644562595873e-10
57;122;2;0.0
57;123;1;4.4849457481177524e-10
57;123;2;0.0
57;124;1;4.455671387404436e-10
57;124;2;0.0
57;125;1;4.6499337713612476e-10
57;125;2;0.0
57;126;1;4.6205173021007795e-10
57;126;2;0.0
57;127;1;4.868354608333902e-10
57;127;2;0.0
57;128;1;4.603037950801081e-10
57;128;2;0.0
57;129;1;4.4720138703269185e-10
57;129;2;0.0
57;130;1;4.433786671143025e-10
57;130;2;0.0
57;131;1;4.4843773139291443e-10
57;131;2;0.0
57;132;1;4.455387170310132e-10
57;132;2;0.0
57;133;1;4.6499337713612476e-10
57;133;2;0.0
57;134;1;4.618811999534955e-10
57;134;2;0.0
57;135;1;4.867786174145294e-10
57;135;2;0.0
57;136;1;4.603037950801081e-10
57;136;2;0.0
57;137;1;4.4940406951354817e-10
57;137;2;0.0
57;138;1;4.5420733840728644e-10
57;138;2;0.0
57;139;1;4.305604761611903e-10
57;139;2;0.0
57;140;1;4.4423131839721464e-10
57;140;2;0.0
57;141;1;4.6428283440036466e-10
57;141;2;0.0
57;142;1;4.625206884156796e-10
57;142;2;0.0
57;143;1;4.963283117831452e-10
57;143;2;0.0
57;144;1;4.602895842253929e-10
57;144;2;0.0
57;145;1;4.487645810513641e-10
57;145;2;0.0
57;146;1;4.446718548933859e-10
57;146;2;0.0
57;147;1;4.4865089421364246e-10
57;147;2;0.0
57;148;1;4.43904468738765e-10
57;148;2;0.0
57;149;1;4.6428283440036466e-10
57;149;2;0.0
57;150;1;4.622506821760908e-10
57;150;2;0.0
57;151;1;4.870202019446879e-10
57;151;2;0.0
57;152;1;4.602895842253929e-10
57;152;2;0.0
57;153;1;4.4718717617797665e-10
57;153;2;0.0
57;154;1;4.4302339574642247e-10
57;154;2;0.0
57;155;1;4.4870773763250327e-10
57;155;2;0.0
57;156;1;4.4570924728759564e-10
57;156;2;0.0
57;157;1;4.6554760047001764e-10
57;157;2;0.0
57;158;1;4.6195225422707153e-10
57;158;2;0.0
57;159;1;4.86892304252251e-10
57;159;2;0.0
57;160;1;4.602895842253929e-10
57;160;2;0.0
57;161;1;4.4717296532326145e-10
57;161;2;0.0
57;162;1;4.4302339574642247e-10
57;162;2;0.0
57;163;1;4.4862247250421206e-10
57;163;2;0.0
57;164;1;4.4565240386873484e-10
57;164;2;0.0
57;165;1;4.6556181132473284e-10
57;165;2;0.0
57;166;1;4.618669890987803e-10
57;166;2;0.0
57;167;1;4.86821249978675e-10
57;167;2;0.0
57;168;1;4.602895842253929e-10
57;168;2;0.0
58;1;1;0.0
58;1;2;0.0
58;2;1;0.0
58;2;2;0.0
58;3;1;0.0
58;3;2;0.0
58;4;1;0.0
58;4;2;0.0
58;5;1;0.0
58;5;2;0.0
58;6;1;0.0
58;6;2;0.0
58;7;1;0.0
58;7;2;0.0
58;8;1;0.0
58;8;2;0.0
58;9;1;0.0
58;9;2;0.0
58;10;1;0.0
58;10;2;0.0
58;11;1;0.0
58;11;2;0.0
58;12;1;0.0
58;12;2;0.0
58;13;1;0.0
58;13;2;0.0
58;14;1;0.0
58;14;2;0.0
58;15;1;0.0
58;15;2;0.0
58;16;1;0.0
58;16;2;0.0
58;17;1;0.0
58;17;2;0.0
58;18;1;0.0
58;18;2;0.0
58;19;1;0.0
58;19;2;0.0
58;20;1;0.0
58;20;2;0.0
58;21;1;0.0
58;21;2;0.0
58;22;1;0.0
58;22;2;0.0
58;23;1;0.0
58;23;2;0.0
58;24;1;0.0
58;24;2;0.0
58;25;1;0.0
58;25;2;0.0
58;26;1;0.0
58;26;2;0.0
58;27;1;0.0
58;27;2;0.0
58;28;1;0.0
58;28;2;0.0
58;29;1;0.0
58;29;2;0.0
58;30;1;0.0
58;30;2;0.0
58;31;1;0.0
58;31;2;0.0
58;32;1;0.0
58;32;2;0.0
58;33;1;0.0
58;33;2;0.0
58;34;1;0.0
58;34;2;0.0
58;35;1;0.0
58;35;2;0.0
58;36;1;0.0
58;36;2;0.0
58;37;1;0.0
58;37;2;0.0
58;38;1;0.0
58;38;2;0.0
58;39;1;0.0
58;39;2;0.0
58;40;1;0.0
58;40;2;0.0
58;41;1;0.0
58;41;2;0.0
58;42;1;0.0
58;42;2;0.0
58;43;1;0.0
58;43;2;0.0
58;44;1;0.0
58;44;2;0.0
58;45;1;0.0
58;45;2;0.0
58;46;1;0.0
58;46;2;0.0
58;47;1;0.0
58;47;2;0.0
58;48;1;0.0
58;48;2;0.0
58;49;1;0.0
58;49;2;0.0
58;50;1;0.0
58;50;2;0.0
58;51;1;0.0
58;51;2;0.0
58;52;1;0.0
58;52;2;0.0
58;53;1;0.0
58;53;2;0.0
58;54;1;0.0
58;54;2;0.0
58;55;1;0.0
58;55;2;0.0
58;56;1;0.0
58;56;2;0.0
58;57;1;0.0
58;57;2;0.0
58;58;1;0.0
58;58;2;0.0
58;59;1;0.0
58;59;2;0.0
58;60;1;0.0
58;60;2;0.0
58;61;1;0.0
58;61;2;0.0
58;62;1;0.0
58;62;2;0.0
58;63;1;0.0
58;63;2;0.0
58;64;1;0.0
58;64;2;0.0
58;65;1;0.0
58;65;2;0.0
58;66;1;0.0
58;66;2;0.0
58;67;1;0.0
58;67;2;0.0
58;68;1;0.0
58;68;2;0.0
58;69;1;0.0
58;69;2;0.0
58;70;1;0.0
58;70;2;0.0
58;71;1;0.0
58;71;2;0.0
58;72;1;0.0
58;72;2;0.0
58;73;1;0.0
58;73;2;0.0
58;74;1;0.0
58;74;2;0.0
58;75;1;0.0
58;75;2;0.0
58;76;1;0.0
58;76;2;0.0
58;77;1;0.0
58;77;2;0.0
58;78;1;0.0
58;78;2;0.0
58;79;1;0.0
58;79;2;0.0
58;80;1;0.0
58;80;2;0.0
58;81;1;0.0
58;81;2;0.0
58;82;1;0.0
58;82;2;0.0
58;83;1;0.0
58;83;2;0.0
58;84;1;0.0
58;84;2;0.0
58;85;1;0.0
58;85;2;0.0
58;86;1;0.0
58;86;2;0.0
58;87;1;0.0
58;87;2;0.0
58;88;1;0.0
58;88;2;0.0
58;89;1;0.0
58;89;2;0.0
58;90;1;0.0
58;90;2;0.0
58;91;1;0.0
58;91;2;0.0
58;92;1;0.0
58;92;2;0.0
58;93;1;0.0
58;93;2;0.0
58;94;1;0.0
58;94;2;0.0
58;95;1;0.0
58;95;2;0.0
58;96;1;0.0
58;96;2;0.0
58;97;1;0.0
58;97;2;0.0
58;98;1;0.0
58;98;2;0.0
58;99;1;0.0
58;99;2;0.0
58;100;1;0.0
58;100;2;0.0
58;101;1;0.0
58;101;2;0.0
58;102;1;0.0
58;102;2;0.0
58;103;1;0.0
58;103;2;0.0
58;104;1;0.0
58;104;2;0.0
58;105;1;0.0
58;105;2;0.0
58;106;1;0.0
58;106;2;0.0
58;107;1;0.0
58;107;2;0.0
58;108;1;0.0
58;108;2;0.0
58;109;1;0.0
58;109;2;0.0
58;110;1;0.0
58;110;2;0.0
58;111;1;0.0
58;111;2;0.0
58;112;1;0.0
58;112;2;0.0
58;113;1;0.0
58;113;2;0.0
58;114;1;0.0
58;114;2;0.0
58;115;1;0.0
58;115;2;0.0
58;116;1;0.0
58;116;2;0.0
58;117;1;0.0
58;117;2;0.0
58;118;1;0.0
58;118;2;0.0
58;119;1;0.0
58;119;2;0.0
58;120;1;0.0
58;120;2;0.0
58;121;1;0.0
58;121;2;0.0
58;122;1;0.0
58;122;2;0.0
58;123;1;0.0
58;123;2;0.0
58;124;1;0.0
58;124;2;0.0
58;125;1;0.0
58;125;2;0.0
58;126;1;0.0
58;126;2;0.0
58;127;1;0.0
58;127;2;0.0
58;128;1;0.0
58;128;2;0.0
58;129;1;0.0
58;129;2;0.0
58;130;1;0.0
58;130;2;0.0
58;131;1;0.0
58;131;2;0.0
58;132;1;0.0
58;132;2;0.0
58;133;1;0.0
58;133;2;0.0
58;134;1;0.0
58;134;2;0.0
58;135;1;0.0
58;135;2;0.0
58;136;1;0.0
58;136;2;0.0
58;137;1;0.0
58;137;2;0.0
58;138;1;0.0
58;138;2;0.0
58;139;1;0.0
58;139;2;0.0
58;140;1;0.0
58;140;2;0.0
58;141;1;0.0
58;141;2;0.0
58;142;1;0.0
58;142;2;0.0
58;143;1;0.0
58;143;2;0.0
58;144;1;0.0
58;144;2;0.0
58;145;1;0.0
58;145;2;0.0
58;146;1;0.0
58;146;2;0.0
58;147;1;0.0
58;147;2;0.0
58;148;1;0.0
58;148;2;0.0
58;149;1;0.0
58;149;2;0.0
58;150;1;0.0
58;150;2;0.0
58;151;1;0.0
58;151;2;0.0
58;152;1;0.0
58;152;2;0.0
58;153;1;0.0
58;153;2;0.0
58;154;1;0.0
58;154;2;0.0
58;155;1;0.0
58;155;2;0.0
58;156;1;0.0
58;156;2;0.0
58;157;1;0.0
58;157;2;0.0
58;158;1;0.0
58;158;2;0.0
58;159;1;0.0
58;159;2;0.0
58;160;1;0.0
58;160;2;0.0
58;161;1;0.0
58;161;2;0.0
58;162;1;0.0
58;162;2;0.0
58;163;1;0.0
58;163;2;0.0
58;164;1;0.0
58;164;2;0.0
58;165;1;0.0
58;165;2;0.0
58;166;1;0.0
58;166;2;0.0
58;167;1;0.0
58;167;2;0.0
58;168;1;0.0
58;168;2;0.0
59;1;1;0.0
59;1;2;0.0
59;2;1;0.0
59;2;2;0.0
59;3;1;0.0
59;3;2;0.0
59;4;1;0.0
59;4;2;0.0
59;5;1;0.0
59;5;2;0.0
59;6;1;0.0
59;6;2;0.0
59;7;1;0.0
59;7;2;0.0
59;8;1;0.0
59;8;2;0.0
59;9;1;0.0
59;9;2;0.0
59;10;1;0.0
59;10;2;0.0
59;11;1;0.0
59;11;2;0.0
59;12;1;0.0
59;12;2;0.0
59;13;1;0.0
59;13;2;0.0
59;14;1;0.0
59;14;2;0.0
59;15;1;0.0
59;15;2;0.0
59;16;1;0.0
59;16;2;0.0
59;17;1;0.0
59;17;2;0.0
59;18;1;0.0
59;18;2;0.0
59;19;1;0.0
59;19;2;0.0
59;20;1;0.0
59;20;2;0.0
59;21;1;0.0
59;21;2;0.0
59;22;1;0.0
59;22;2;0.0
59;23;1;0.0
59;23;2;0.0
59;24;1;0.0
59;24;2;0.0
59;25;1;0.0
59;25;2;0.0
59;26;1;0.0
59;26;2;0.0
59;27;1;0.0
59;27;2;0.0
59;28;1;0.0
59;28;2;0.0
59;29;1;0.0
59;29;2;0.0
59;30;1;0.0
59;30;2;0.0
59;31;1;0.0
59;31;2;0.0
59;32;1;0.0
59;32;2;0.0
59;33;1;0.0
59;33;2;0.0
59;34;1;0.0
59;34;2;0.0
59;35;1;0.0
59;35;2;0.0
59;36;1;0.0
59;36;2;0.0
59;37;1;0.0
59;37;2;0.0
59;38;1;0.0
59;38;2;0.0
59;39;1;0.0
59;39;2;0.0
59;40;1;0.0
59;40;2;0.0
59;41;1;0.0
59;41;2;0.0
59;42;1;0.0
59;42;2;0.0
59;43;1;0.0
59;43;2;0.0
59;44;1;0.0
59;44;2;0.0
59;45;1;0.0
59;45;2;0.0
59;46;1;0.0
59;46;2;0.0
59;47;1;0.0
59;47;2;0.0
59;48;1;0.0
59;48;2;0.0
59;49;1;0.0
59;49;2;0.0
59;50;1;0.0
59;50;2;0.0
59;51;1;0.0
59;51;2;0.0
59;52;1;0.0
59;52;2;0.0
59;53;1;0.0
59;53;2;0.0
59;54;1;0.0
59;54;2;0.0
59;55;1;0.0
59;55;2;0.0
59;56;1;0.0
59;56;2;0.0
59;57;1;0.0
59;57;2;0.0
59;58;1;0.0
59;58;2;0.0
59;59;1;0.0
59;59;2;0.0
59;60;1;0.0
59;60;2;0.0
59;61;1;0.0
59;61;2;0.0
59;62;1;0.0
59;62;2;0.0
59;63;1;0.0
59;63;2;0.0
59;64;1;0.0
59;64;2;0.0
59;65;1;0.0
59;65;2;0.0
59;66;1;0.0
59;66;2;0.0
59;67;1;0.0
59;67;2;0.0
59;68;1;0.0
59;68;2;0.0
59;69;1;0.0
59;69;2;0.0
59;70;1;0.0
59;70;2;0.0
59;71;1;0.0
59;71;2;0.0
59;72;1;0.0
59;72;2;0.0
59;73;1;0.0
59;73;2;0.0
59;74;1;0.0
59;74;2;0.0
59;75;1;0.0
59;75;2;0.0
59;76;1;0.0
59;76;2;0.0
59;77;1;0.0
59;77;2;0.0
59;78;1;0.0
59;78;2;0.0
59;79;1;0.0
59;79;2;0.0
59;80;1;0.0
59;80;2;0.0
59;81;1;0.0
59;81;2;0.0
59;82;1;0.0
59;82;2;0.0
59;83;1;0.0
59;83;2;0.0
59;84;1;0.0
59;84;2;0.0
59;85;1;0.0
59;85;2;0.0
59;86;1;0.0
59;86;2;0.0
59;87;1;0.0
59;87;2;0.0
59;88;1;0.0
59;88;2;0.0
59;89;1;0.0
59;89;2;0.0
59;90;1;0.0
59;90;2;0.0
59;91;1;0.0
59;91;2;0.0
59;92;1;0.0
59;92;2;0.0
59;93;1;0.0
59;93;2;0.0
59;94;1;0.0
59;94;2;0.0
59;95;1;0.0
59;95;2;0.0
59;96;1;0.0
59;96;2;0.0
59;97;1;0.0
59;97;2;0.0
59;98;1;0.0
59;98;2;0.0
59;99;1;0.0
59;99;2;0.0
59;100;1;0.0
59;100;2;0.0
59;101;1;0.0
59;101;2;0.0
59;102;1;0.0
59;102;2;0.0
59;103;1;0.0
59;103;2;0.0
59;104;1;0.0
59;104;2;0.0
59;105;1;0.0
59;105;2;0.0
59;106;1;0.0
59;106;2;0.0
59;107;1;0.0
59;107;2;0.0
59;108;1;0.0
59;108;2;0.0
59;109;1;0.0
59;109;2;0.0
59;110;1;0.0
59;110;2;0.0
59;111;1;0.0
59;111;2;0.0
59;112;1;0.0
59;112;2;0.0
59;113;1;0.0
59;113;2;0.0
59;114;1;0.0
59;114;2;0.0
59;115;1;0.0
59;115;2;0.0
59;116;1;0.0
59;116;2;0.0
59;117;1;0.0
59;117;2;0.0
59;118;1;0.0
59;118;2;0.0
59;119;1;0.0
59;119;2;0.0
59;120;1;0.0
59;120;2;0.0
59;121;1;0.0
59;121;2;0.0
59;122;1;0.0
59;122;2;0.0
59;123;1;0.0
59;123;2;0.0
59;124;1;0.0
59;124;2;0.0
59;125;1;0.0
59;125;2;0.0
59;126;1;0.0
59;126;2;0.0
59;127;1;0.0
59;127;2;0.0
59;128;1;0.0
59;128;2;0.0
59;129;1;0.0
59;129;2;0.0
59;130;1;0.0
59;130;2;0.0
59;131;1;0.0
59;131;2;0.0
59;132;1;0.0
59;132;2;0.0
59;133;1;0.0
59;133;2;0.0
59;134;1;0.0
59;134;2;0.0
59;135;1;0.0
59;135;2;0.0
59;136;1;0.0
59;136;2;0.0
59;137;1;0.0
59;137;2;0.0
59;138;1;0.0
59;138;2;0.0
59;139;1;0.0
59;139;2;0.0
59;140;1;0.0
59;140;2;0.0
59;141;1;0.0
59;141;2;0.0
59;142;1;0.0
59;142;2;0.0
59;143;1;0.0
59;143;2;0.0
59;144;1;0.0
59;144;2;0.0
59;145;1;0.0
59;145;2;0.0
59;146;1;0.0
59;146;2;0.0
59;147;1;0.0
59;147;2;0.0
59;148;1;0.0
59;148;2;0.0
59;149;1;0.0
59;149;2;0.0
59;150;1;0.0
59;150;2;0.0
59;151;1;0.0
59;151;2;0.0
59;152;1;0.0
59;152;2;0.0
59;153;1;0.0
59;153;2;0.0
59;154;1;0.0
59;154;2;0.0
59;155;1;0.0
59;155;2;0.0
59;156;1;0.0
59;156;2;0.0
59;157;1;0.0
59;157;2;0.0
59;158;1;0.0
59;158;2;0.0
59;159;1;0.0
59;159;2;0.0
59;160;1;0.0
59;160;2;0.0
59;161;1;0.0
59;161;2;0.0
59;162;1;0.0
59;162;2;0.0
59;163;1;0.0
59;163;2;0.0
59;164;1;0.0
59;164;2;0.0
59;165;1;0.0
59;165;2;0.0
59;166;1;0.0
59;166;2;0.0
59;167;1;0.0
59;167;2;0.0
59;168;1;0.0
59;168;2;0.0
