;;;0
1;41;1;0.0
1;41;2;0.0
1;41;3;0.0
1;41;4;0.0
1;41;5;0.0
1;41;6;0.0
1;41;7;0.0
1;41;8;0.0
2;41;1;0.0
2;41;2;0.0
2;41;3;0.0
2;41;4;0.0
2;41;5;0.0
2;41;6;0.0
2;41;7;0.0
2;41;8;0.0
3;41;1;0.0
3;41;2;0.0
3;41;3;0.0
3;41;4;0.0
3;41;5;0.0
3;41;6;0.0
3;41;7;0.0
3;41;8;0.0
4;41;1;0.0
4;41;2;0.0
4;41;3;0.0
4;41;4;0.0
4;41;5;0.0
4;41;6;0.0
4;41;7;0.0
4;41;8;0.0
5;41;1;0.0
5;41;2;0.0
5;41;3;0.0
5;41;4;0.0
5;41;5;0.0
5;41;6;0.0
5;41;7;0.0
5;41;8;0.0
6;41;1;0.0
6;41;2;0.0
6;41;3;0.0
6;41;4;0.0
6;41;5;0.0
6;41;6;0.0
6;41;7;0.0
6;41;8;0.0
7;41;1;0.0
7;41;2;0.0
7;41;3;0.0
7;41;4;0.0
7;41;5;0.0
7;41;6;0.0
7;41;7;0.0
7;41;8;0.0
8;41;1;0.0
8;41;2;0.0
8;41;3;0.0
8;41;4;0.0
8;41;5;0.0
8;41;6;0.0
8;41;7;0.0
8;41;8;0.0
9;41;1;0.0
9;41;2;0.0
9;41;3;0.0
9;41;4;0.0
9;41;5;0.0
9;41;6;0.0
9;41;7;0.0
9;41;8;0.0
10;41;1;0.0
10;41;2;0.0
10;41;3;0.0
10;41;4;0.0
10;41;5;0.0
10;41;6;0.0
10;41;7;0.0
10;41;8;0.0
11;41;1;0.0
11;41;2;0.0
11;41;3;0.0
11;41;4;0.0
11;41;5;0.0
11;41;6;0.0
11;41;7;0.0
11;41;8;0.0
12;41;1;0.0
12;41;2;0.0
12;41;3;0.0
12;41;4;0.0
12;41;5;0.0
12;41;6;0.0
12;41;7;0.0
12;41;8;0.0
13;41;1;0.0
13;41;2;0.0
13;41;3;0.0
13;41;4;0.0
13;41;5;0.0
13;41;6;0.0
13;41;7;0.0
13;41;8;0.0
14;41;1;0.0
14;41;2;0.0
14;41;3;0.0
14;41;4;0.0
14;41;5;0.0
14;41;6;0.0
14;41;7;0.0
14;41;8;0.0
15;41;1;0.0
15;41;2;0.0
15;41;3;0.0
15;41;4;0.0
15;41;5;0.0
15;41;6;0.0
15;41;7;0.0
15;41;8;0.0
16;41;1;0.0
16;41;2;0.0
16;41;3;0.0
16;41;4;0.0
16;41;5;0.0
16;41;6;0.0
16;41;7;0.0
16;41;8;0.0
17;41;1;0.0
17;41;2;0.0
17;41;3;0.0
17;41;4;-8.218795692955986e-12
17;41;5;0.0
17;41;6;0.0
17;41;7;0.0
17;41;8;0.0
18;41;1;0.0
18;41;2;0.0
18;41;3;0.0
18;41;4;0.0
18;41;5;0.0
18;41;6;0.0
18;41;7;0.0
18;41;8;0.0
19;41;1;0.0
19;41;2;0.0
19;41;3;0.0
19;41;4;0.0
19;41;5;0.0
19;41;6;0.0
19;41;7;0.0
19;41;8;0.0
20;41;1;0.0
20;41;2;0.0
20;41;3;0.0
20;41;4;0.0
20;41;5;0.0
20;41;6;0.0
20;41;7;0.0
20;41;8;0.0
21;41;1;0.0
21;41;2;0.0
21;41;3;0.0
21;41;4;-0.9999999990065732
21;41;5;0.0
21;41;6;0.0
21;41;7;0.0
21;41;8;0.0
22;41;1;0.0
22;41;2;0.0
22;41;3;0.0
22;41;4;-9.494778296925688e-10
22;41;5;0.0
22;41;6;0.0
22;41;7;0.0
22;41;8;0.0
23;41;1;0.0
23;41;2;0.0
23;41;3;0.0
23;41;4;0.0
23;41;5;0.0
23;41;6;0.0
23;41;7;0.0
23;41;8;0.0
24;41;1;0.0
24;41;2;0.0
24;41;3;0.0
24;41;4;0.0
24;41;5;0.0
24;41;6;0.0
24;41;7;0.0
24;41;8;0.0
25;41;1;0.0
25;41;2;0.0
25;41;3;0.0
25;41;4;0.0
25;41;5;0.0
25;41;6;0.0
25;41;7;0.0
25;41;8;0.0
26;41;1;0.0
26;41;2;0.0
26;41;3;0.0
26;41;4;0.0
26;41;5;0.0
26;41;6;0.0
26;41;7;0.0
26;41;8;0.0
27;41;1;0.0
27;41;2;0.0
27;41;3;0.0
27;41;4;0.0
27;41;5;0.0
27;41;6;0.0
27;41;7;0.0
27;41;8;0.0
28;41;1;0.0
28;41;2;0.0
28;41;3;0.0
28;41;4;0.0
28;41;5;0.0
28;41;6;0.0
28;41;7;0.0
28;41;8;0.0
29;41;1;0.0
29;41;2;0.0
29;41;3;0.0
29;41;4;0.0
29;41;5;0.0
29;41;6;0.0
29;41;7;0.0
29;41;8;0.0
30;41;1;0.0
30;41;2;0.0
30;41;3;0.0
30;41;4;0.0
30;41;5;0.0
30;41;6;0.0
30;41;7;0.0
30;41;8;0.0
31;41;1;0.0
31;41;2;0.0
31;41;3;0.0
31;41;4;0.0
31;41;5;0.0
31;41;6;0.0
31;41;7;0.0
31;41;8;0.0
32;41;1;0.0
32;41;2;0.0
32;41;3;0.0
32;41;4;0.0
32;41;5;0.0
32;41;6;0.0
32;41;7;0.0
32;41;8;0.0
33;41;1;0.0
33;41;2;0.0
33;41;3;0.0
33;41;4;0.0
33;41;5;0.0
33;41;6;0.0
33;41;7;0.0
33;41;8;0.0
34;41;1;0.0
34;41;2;0.0
34;41;3;0.0
34;41;4;0.0
34;41;5;0.0
34;41;6;0.0
34;41;7;0.0
34;41;8;0.0
35;41;1;0.0
35;41;2;0.0
35;41;3;0.0
35;41;4;0.0
35;41;5;0.0
35;41;6;0.0
35;41;7;0.0
35;41;8;0.0
36;41;1;0.0
36;41;2;0.0
36;41;3;0.0
36;41;4;0.0
36;41;5;0.0
36;41;6;0.0
36;41;7;0.0
36;41;8;0.0
37;41;1;0.0
37;41;2;0.0
37;41;3;0.0
37;41;4;0.0
37;41;5;0.0
37;41;6;0.0
37;41;7;0.0
37;41;8;0.0
38;41;1;0.0
38;41;2;0.0
38;41;3;0.0
38;41;4;0.0
38;41;5;0.0
38;41;6;0.0
38;41;7;0.0
38;41;8;0.0
39;41;1;0.0
39;41;2;0.0
39;41;3;0.0
39;41;4;0.0
39;41;5;0.0
39;41;6;0.0
39;41;7;0.0
39;41;8;0.0
40;41;1;0.0
40;41;2;0.0
40;41;3;0.0
40;41;4;0.0
40;41;5;0.0
40;41;6;0.0
40;41;7;0.0
40;41;8;0.0
41;41;1;0.0
41;41;2;0.0
41;41;3;0.0
41;41;4;0.0
41;41;5;0.0
41;41;6;0.0
41;41;7;0.0
41;41;8;0.0
42;41;1;0.0
42;41;2;0.0
42;41;3;0.0
42;41;4;0.0
42;41;5;0.0
42;41;6;0.0
42;41;7;0.0
42;41;8;0.0
43;41;1;0.0
43;41;2;0.0
43;41;3;0.0
43;41;4;0.0
43;41;5;0.0
43;41;6;0.0
43;41;7;0.0
43;41;8;0.0
44;41;1;0.0
44;41;2;0.0
44;41;3;0.0
44;41;4;0.0
44;41;5;0.0
44;41;6;0.0
44;41;7;0.0
44;41;8;0.0
45;41;1;0.0
45;41;2;0.0
45;41;3;0.0
45;41;4;0.0
45;41;5;0.0
45;41;6;0.0
45;41;7;0.0
45;41;8;0.0
46;41;1;0.0
46;41;2;0.0
46;41;3;0.0
46;41;4;0.0
46;41;5;0.0
46;41;6;0.0
46;41;7;0.0
46;41;8;0.0
47;41;1;0.0
47;41;2;0.0
47;41;3;0.0
47;41;4;-3.6146963033541615e-11
47;41;5;0.0
47;41;6;0.0
47;41;7;0.0
47;41;8;0.0
48;41;1;0.0
48;41;2;0.0
48;41;3;0.0
48;41;4;0.0
48;41;5;0.0
48;41;6;0.0
48;41;7;0.0
48;41;8;0.0
49;41;1;0.0
49;41;2;0.0
49;41;3;0.0
49;41;4;0.0
49;41;5;0.0
49;41;6;0.0
49;41;7;0.0
49;41;8;0.0
50;41;1;0.0
50;41;2;0.0
50;41;3;0.0
50;41;4;0.0
50;41;5;0.0
50;41;6;0.0
50;41;7;0.0
50;41;8;0.0
51;41;1;0.0
51;41;2;0.0
51;41;3;0.0
51;41;4;0.0
51;41;5;0.0
51;41;6;0.0
51;41;7;0.0
51;41;8;0.0
52;41;1;0.0
52;41;2;0.0
52;41;3;0.0
52;41;4;-1.2117523066588767e-13
52;41;5;0.0
52;41;6;0.0
52;41;7;0.0
52;41;8;0.0
53;41;1;0.0
53;41;2;0.0
53;41;3;0.0
53;41;4;0.0
53;41;5;0.0
53;41;6;0.0
53;41;7;0.0
53;41;8;0.0
54;41;1;0.0
54;41;2;0.0
54;41;3;0.0
54;41;4;-9.006935456729014e-15
54;41;5;0.0
54;41;6;0.0
54;41;7;0.0
54;41;8;0.0
55;41;1;0.0
55;41;2;0.0
55;41;3;0.0
55;41;4;0.0
55;41;5;0.0
55;41;6;0.0
55;41;7;0.0
55;41;8;0.0
56;41;1;0.0
56;41;2;0.0
56;41;3;0.0
56;41;4;0.0
56;41;5;0.0
56;41;6;0.0
56;41;7;0.0
56;41;8;0.0
57;41;1;0.0
57;41;2;0.0
57;41;3;0.0
57;41;4;0.0
57;41;5;0.0
57;41;6;0.0
57;41;7;0.0
57;41;8;0.0
58;41;1;0.0
58;41;2;0.0
58;41;3;0.0
58;41;4;0.0
58;41;5;0.0
58;41;6;0.0
58;41;7;0.0
58;41;8;0.0
59;41;1;0.0
59;41;2;0.0
59;41;3;0.0
59;41;4;0.0
59;41;5;0.0
59;41;6;0.0
59;41;7;0.0
59;41;8;0.0
1;42;1;0.0
1;42;2;0.0
1;42;3;0.0
1;42;4;0.0
1;42;5;0.0
1;42;6;0.0
1;42;7;0.0
1;42;8;0.0
2;42;1;0.0
2;42;2;0.0
2;42;3;0.0
2;42;4;0.0
2;42;5;0.0
2;42;6;0.0
2;42;7;0.0
2;42;8;0.0
3;42;1;0.0
3;42;2;0.0
3;42;3;0.0
3;42;4;0.0
3;42;5;0.0
3;42;6;0.0
3;42;7;0.0
3;42;8;0.0
4;42;1;0.0
4;42;2;0.0
4;42;3;0.0
4;42;4;0.0
4;42;5;0.0
4;42;6;0.0
4;42;7;0.0
4;42;8;0.0
5;42;1;0.0
5;42;2;0.0
5;42;3;0.0
5;42;4;0.0
5;42;5;0.0
5;42;6;0.0
5;42;7;0.0
5;42;8;0.0
6;42;1;0.0
6;42;2;0.0
6;42;3;0.0
6;42;4;0.0
6;42;5;0.0
6;42;6;0.0
6;42;7;0.0
6;42;8;0.0
7;42;1;0.0
7;42;2;0.0
7;42;3;0.0
7;42;4;0.0
7;42;5;0.0
7;42;6;0.0
7;42;7;0.0
7;42;8;0.0
8;42;1;0.0
8;42;2;0.0
8;42;3;0.0
8;42;4;0.0
8;42;5;0.0
8;42;6;0.0
8;42;7;0.0
8;42;8;0.0
9;42;1;0.0
9;42;2;0.0
9;42;3;0.0
9;42;4;0.0
9;42;5;0.0
9;42;6;0.0
9;42;7;0.0
9;42;8;0.0
10;42;1;0.0
10;42;2;0.0
10;42;3;0.0
10;42;4;0.0
10;42;5;0.0
10;42;6;0.0
10;42;7;0.0
10;42;8;0.0
11;42;1;0.0
11;42;2;0.0
11;42;3;0.0
11;42;4;0.0
11;42;5;0.0
11;42;6;0.0
11;42;7;0.0
11;42;8;0.0
12;42;1;0.0
12;42;2;0.0
12;42;3;0.0
12;42;4;0.0
12;42;5;0.0
12;42;6;0.0
12;42;7;0.0
12;42;8;0.0
13;42;1;0.0
13;42;2;0.0
13;42;3;0.0
13;42;4;0.0
13;42;5;0.0
13;42;6;0.0
13;42;7;0.0
13;42;8;0.0
14;42;1;0.0
14;42;2;0.0
14;42;3;0.0
14;42;4;0.0
14;42;5;0.0
14;42;6;0.0
14;42;7;0.0
14;42;8;0.0
15;42;1;0.0
15;42;2;0.0
15;42;3;0.0
15;42;4;0.0
15;42;5;0.0
15;42;6;0.0
15;42;7;0.0
15;42;8;0.0
16;42;1;0.0
16;42;2;0.0
16;42;3;0.0
16;42;4;0.0
16;42;5;0.0
16;42;6;0.0
16;42;7;0.0
16;42;8;0.0
17;42;1;0.0
17;42;2;0.0
17;42;3;0.0
17;42;4;-8.96047774236893e-12
17;42;5;0.0
17;42;6;0.0
17;42;7;0.0
17;42;8;0.0
18;42;1;0.0
18;42;2;0.0
18;42;3;0.0
18;42;4;0.0
18;42;5;0.0
18;42;6;0.0
18;42;7;0.0
18;42;8;0.0
19;42;1;0.0
19;42;2;0.0
19;42;3;0.0
19;42;4;0.0
19;42;5;0.0
19;42;6;0.0
19;42;7;0.0
19;42;8;0.0
20;42;1;0.0
20;42;2;0.0
20;42;3;0.0
20;42;4;0.0
20;42;5;0.0
20;42;6;0.0
20;42;7;0.0
20;42;8;0.0
21;42;1;0.0
21;42;2;0.0
21;42;3;0.0
21;42;4;-0.9999999991577906
21;42;5;0.0
21;42;6;0.0
21;42;7;0.0
21;42;8;0.0
22;42;1;-1.9544128850876933e-17
22;42;2;-1.9544128850876933e-17
22;42;3;0.0
22;42;4;-8.05997046882112e-10
22;42;5;-1.9544128850876933e-17
22;42;6;-1.9544128850876933e-17
22;42;7;-1.9544128850876933e-17
22;42;8;-1.9544128850876933e-17
23;42;1;0.0
23;42;2;0.0
23;42;3;0.0
23;42;4;0.0
23;42;5;0.0
23;42;6;0.0
23;42;7;0.0
23;42;8;0.0
24;42;1;0.0
24;42;2;0.0
24;42;3;0.0
24;42;4;0.0
24;42;5;0.0
24;42;6;0.0
24;42;7;0.0
24;42;8;0.0
25;42;1;0.0
25;42;2;0.0
25;42;3;0.0
25;42;4;0.0
25;42;5;0.0
25;42;6;0.0
25;42;7;0.0
25;42;8;0.0
26;42;1;0.0
26;42;2;0.0
26;42;3;0.0
26;42;4;0.0
26;42;5;0.0
26;42;6;0.0
26;42;7;0.0
26;42;8;0.0
27;42;1;0.0
27;42;2;0.0
27;42;3;0.0
27;42;4;0.0
27;42;5;0.0
27;42;6;0.0
27;42;7;0.0
27;42;8;0.0
28;42;1;0.0
28;42;2;0.0
28;42;3;0.0
28;42;4;0.0
28;42;5;0.0
28;42;6;0.0
28;42;7;0.0
28;42;8;0.0
29;42;1;0.0
29;42;2;0.0
29;42;3;0.0
29;42;4;0.0
29;42;5;0.0
29;42;6;0.0
29;42;7;0.0
29;42;8;0.0
30;42;1;0.0
30;42;2;0.0
30;42;3;0.0
30;42;4;0.0
30;42;5;0.0
30;42;6;0.0
30;42;7;0.0
30;42;8;0.0
31;42;1;0.0
31;42;2;0.0
31;42;3;0.0
31;42;4;0.0
31;42;5;0.0
31;42;6;0.0
31;42;7;0.0
31;42;8;0.0
32;42;1;0.0
32;42;2;0.0
32;42;3;0.0
32;42;4;0.0
32;42;5;0.0
32;42;6;0.0
32;42;7;0.0
32;42;8;0.0
33;42;1;0.0
33;42;2;0.0
33;42;3;0.0
33;42;4;0.0
33;42;5;0.0
33;42;6;0.0
33;42;7;0.0
33;42;8;0.0
34;42;1;0.0
34;42;2;0.0
34;42;3;0.0
34;42;4;0.0
34;42;5;0.0
34;42;6;0.0
34;42;7;0.0
34;42;8;0.0
35;42;1;0.0
35;42;2;0.0
35;42;3;0.0
35;42;4;0.0
35;42;5;0.0
35;42;6;0.0
35;42;7;0.0
35;42;8;0.0
36;42;1;0.0
36;42;2;0.0
36;42;3;0.0
36;42;4;0.0
36;42;5;0.0
36;42;6;0.0
36;42;7;0.0
36;42;8;0.0
37;42;1;0.0
37;42;2;0.0
37;42;3;0.0
37;42;4;0.0
37;42;5;0.0
37;42;6;0.0
37;42;7;0.0
37;42;8;0.0
38;42;1;0.0
38;42;2;0.0
38;42;3;0.0
38;42;4;0.0
38;42;5;0.0
38;42;6;0.0
38;42;7;0.0
38;42;8;0.0
39;42;1;0.0
39;42;2;0.0
39;42;3;0.0
39;42;4;0.0
39;42;5;0.0
39;42;6;0.0
39;42;7;0.0
39;42;8;0.0
40;42;1;0.0
40;42;2;0.0
40;42;3;0.0
40;42;4;0.0
40;42;5;0.0
40;42;6;0.0
40;42;7;0.0
40;42;8;0.0
41;42;1;0.0
41;42;2;0.0
41;42;3;0.0
41;42;4;0.0
41;42;5;0.0
41;42;6;0.0
41;42;7;0.0
41;42;8;0.0
42;42;1;0.0
42;42;2;0.0
42;42;3;0.0
42;42;4;0.0
42;42;5;0.0
42;42;6;0.0
42;42;7;0.0
42;42;8;0.0
43;42;1;0.0
43;42;2;0.0
43;42;3;0.0
43;42;4;0.0
43;42;5;0.0
43;42;6;0.0
43;42;7;0.0
43;42;8;0.0
44;42;1;0.0
44;42;2;0.0
44;42;3;0.0
44;42;4;0.0
44;42;5;0.0
44;42;6;0.0
44;42;7;0.0
44;42;8;0.0
45;42;1;0.0
45;42;2;0.0
45;42;3;0.0
45;42;4;0.0
45;42;5;0.0
45;42;6;0.0
45;42;7;0.0
45;42;8;0.0
46;42;1;0.0
46;42;2;0.0
46;42;3;0.0
46;42;4;0.0
46;42;5;0.0
46;42;6;0.0
46;42;7;0.0
46;42;8;0.0
47;42;1;0.0
47;42;2;0.0
47;42;3;0.0
47;42;4;-2.4803245984007892e-11
47;42;5;0.0
47;42;6;0.0
47;42;7;0.0
47;42;8;0.0
48;42;1;0.0
48;42;2;0.0
48;42;3;0.0
48;42;4;0.0
48;42;5;0.0
48;42;6;0.0
48;42;7;0.0
48;42;8;0.0
49;42;1;0.0
49;42;2;0.0
49;42;3;0.0
49;42;4;0.0
49;42;5;0.0
49;42;6;0.0
49;42;7;0.0
49;42;8;0.0
50;42;1;0.0
50;42;2;0.0
50;42;3;0.0
50;42;4;0.0
50;42;5;0.0
50;42;6;0.0
50;42;7;0.0
50;42;8;0.0
51;42;1;0.0
51;42;2;0.0
51;42;3;0.0
51;42;4;0.0
51;42;5;0.0
51;42;6;0.0
51;42;7;0.0
51;42;8;0.0
52;42;1;0.0
52;42;2;0.0
52;42;3;0.0
52;42;4;-2.589779157202983e-13
52;42;5;0.0
52;42;6;0.0
52;42;7;0.0
52;42;8;0.0
53;42;1;0.0
53;42;2;0.0
53;42;3;0.0
53;42;4;0.0
53;42;5;0.0
53;42;6;0.0
53;42;7;0.0
53;42;8;0.0
54;42;1;0.0
54;42;2;0.0
54;42;3;0.0
54;42;4;-8.421398129804491e-15
54;42;5;0.0
54;42;6;0.0
54;42;7;0.0
54;42;8;0.0
55;42;1;0.0
55;42;2;0.0
55;42;3;0.0
55;42;4;0.0
55;42;5;0.0
55;42;6;0.0
55;42;7;0.0
55;42;8;0.0
56;42;1;0.0
56;42;2;0.0
56;42;3;0.0
56;42;4;0.0
56;42;5;0.0
56;42;6;0.0
56;42;7;0.0
56;42;8;0.0
57;42;1;0.0
57;42;2;0.0
57;42;3;0.0
57;42;4;0.0
57;42;5;0.0
57;42;6;0.0
57;42;7;0.0
57;42;8;0.0
58;42;1;0.0
58;42;2;0.0
58;42;3;0.0
58;42;4;0.0
58;42;5;0.0
58;42;6;0.0
58;42;7;0.0
58;42;8;0.0
59;42;1;0.0
59;42;2;0.0
59;42;3;0.0
59;42;4;0.0
59;42;5;0.0
59;42;6;0.0
59;42;7;0.0
59;42;8;0.0
1;43;1;0.0
1;43;2;0.0
1;43;3;0.0
1;43;4;0.0
1;43;5;0.0
1;43;6;0.0
1;43;7;0.0
1;43;8;0.0
2;43;1;0.0
2;43;2;0.0
2;43;3;0.0
2;43;4;0.0
2;43;5;0.0
2;43;6;0.0
2;43;7;0.0
2;43;8;0.0
3;43;1;0.0
3;43;2;0.0
3;43;3;0.0
3;43;4;0.0
3;43;5;0.0
3;43;6;0.0
3;43;7;0.0
3;43;8;0.0
4;43;1;0.0
4;43;2;0.0
4;43;3;0.0
4;43;4;0.0
4;43;5;0.0
4;43;6;0.0
4;43;7;0.0
4;43;8;0.0
5;43;1;0.0
5;43;2;0.0
5;43;3;0.0
5;43;4;0.0
5;43;5;0.0
5;43;6;0.0
5;43;7;0.0
5;43;8;0.0
6;43;1;0.0
6;43;2;0.0
6;43;3;0.0
6;43;4;0.0
6;43;5;0.0
6;43;6;0.0
6;43;7;0.0
6;43;8;0.0
7;43;1;0.0
7;43;2;0.0
7;43;3;0.0
7;43;4;0.0
7;43;5;0.0
7;43;6;0.0
7;43;7;0.0
7;43;8;0.0
8;43;1;0.0
8;43;2;0.0
8;43;3;0.0
8;43;4;0.0
8;43;5;0.0
8;43;6;0.0
8;43;7;0.0
8;43;8;0.0
9;43;1;0.0
9;43;2;0.0
9;43;3;0.0
9;43;4;0.0
9;43;5;0.0
9;43;6;0.0
9;43;7;0.0
9;43;8;0.0
10;43;1;0.0
10;43;2;0.0
10;43;3;0.0
10;43;4;0.0
10;43;5;0.0
10;43;6;0.0
10;43;7;0.0
10;43;8;0.0
11;43;1;0.0
11;43;2;0.0
11;43;3;0.0
11;43;4;0.0
11;43;5;0.0
11;43;6;0.0
11;43;7;0.0
11;43;8;0.0
12;43;1;0.0
12;43;2;0.0
12;43;3;0.0
12;43;4;0.0
12;43;5;0.0
12;43;6;0.0
12;43;7;0.0
12;43;8;0.0
13;43;1;0.0
13;43;2;0.0
13;43;3;0.0
13;43;4;0.0
13;43;5;0.0
13;43;6;0.0
13;43;7;0.0
13;43;8;0.0
14;43;1;0.0
14;43;2;0.0
14;43;3;0.0
14;43;4;0.0
14;43;5;0.0
14;43;6;0.0
14;43;7;0.0
14;43;8;0.0
15;43;1;0.0
15;43;2;0.0
15;43;3;0.0
15;43;4;0.0
15;43;5;0.0
15;43;6;0.0
15;43;7;0.0
15;43;8;0.0
16;43;1;0.0
16;43;2;0.0
16;43;3;0.0
16;43;4;0.0
16;43;5;0.0
16;43;6;0.0
16;43;7;0.0
16;43;8;0.0
17;43;1;-9.709668042623076e-18
17;43;2;-9.709668042623076e-18
17;43;3;-3.838491322093283e-17
17;43;4;-8.055689364444568e-12
17;43;5;-9.709668042623076e-18
17;43;6;-9.709668042623076e-18
17;43;7;-9.709668042623076e-18
17;43;8;-9.709668042623076e-18
18;43;1;0.0
18;43;2;0.0
18;43;3;0.0
18;43;4;0.0
18;43;5;0.0
18;43;6;0.0
18;43;7;0.0
18;43;8;0.0
19;43;1;0.0
19;43;2;0.0
19;43;3;0.0
19;43;4;0.0
19;43;5;0.0
19;43;6;0.0
19;43;7;0.0
19;43;8;0.0
20;43;1;0.0
20;43;2;0.0
20;43;3;-2.9654151198003654e-17
20;43;4;0.0
20;43;5;0.0
20;43;6;0.0
20;43;7;0.0
20;43;8;0.0
21;43;1;-1.13451346946822e-17
21;43;2;-1.13451346946822e-17
21;43;3;-3.7710211116458605e-17
21;43;4;-0.9999999989964732
21;43;5;-1.13451346946822e-17
21;43;6;-1.13451346946822e-17
21;43;7;-1.13451346946822e-17
21;43;8;-1.13451346946822e-17
22;43;1;-2.50039548667601e-17
22;43;2;-2.50039548667601e-17
22;43;3;-1.0089453202190328e-16
22;43;4;-9.814753454406855e-10
22;43;5;-2.50039548667601e-17
22;43;6;-2.50039548667601e-17
22;43;7;-2.50039548667601e-17
22;43;8;-2.50039548667601e-17
23;43;1;0.0
23;43;2;0.0
23;43;3;0.0
23;43;4;0.0
23;43;5;0.0
23;43;6;0.0
23;43;7;0.0
23;43;8;0.0
24;43;1;0.0
24;43;2;0.0
24;43;3;0.0
24;43;4;0.0
24;43;5;0.0
24;43;6;0.0
24;43;7;0.0
24;43;8;0.0
25;43;1;0.0
25;43;2;0.0
25;43;3;0.0
25;43;4;0.0
25;43;5;0.0
25;43;6;0.0
25;43;7;0.0
25;43;8;0.0
26;43;1;0.0
26;43;2;0.0
26;43;3;0.0
26;43;4;0.0
26;43;5;0.0
26;43;6;0.0
26;43;7;0.0
26;43;8;0.0
27;43;1;0.0
27;43;2;0.0
27;43;3;0.0
27;43;4;0.0
27;43;5;0.0
27;43;6;0.0
27;43;7;0.0
27;43;8;0.0
28;43;1;0.0
28;43;2;0.0
28;43;3;0.0
28;43;4;0.0
28;43;5;0.0
28;43;6;0.0
28;43;7;0.0
28;43;8;0.0
29;43;1;0.0
29;43;2;0.0
29;43;3;0.0
29;43;4;0.0
29;43;5;0.0
29;43;6;0.0
29;43;7;0.0
29;43;8;0.0
30;43;1;0.0
30;43;2;0.0
30;43;3;0.0
30;43;4;0.0
30;43;5;0.0
30;43;6;0.0
30;43;7;0.0
30;43;8;0.0
31;43;1;0.0
31;43;2;0.0
31;43;3;0.0
31;43;4;0.0
31;43;5;0.0
31;43;6;0.0
31;43;7;0.0
31;43;8;0.0
32;43;1;0.0
32;43;2;0.0
32;43;3;0.0
32;43;4;0.0
32;43;5;0.0
32;43;6;0.0
32;43;7;0.0
32;43;8;0.0
33;43;1;0.0
33;43;2;0.0
33;43;3;0.0
33;43;4;0.0
33;43;5;0.0
33;43;6;0.0
33;43;7;0.0
33;43;8;0.0
34;43;1;0.0
34;43;2;0.0
34;43;3;0.0
34;43;4;0.0
34;43;5;0.0
34;43;6;0.0
34;43;7;0.0
34;43;8;0.0
35;43;1;0.0
35;43;2;0.0
35;43;3;0.0
35;43;4;0.0
35;43;5;0.0
35;43;6;0.0
35;43;7;0.0
35;43;8;0.0
36;43;1;0.0
36;43;2;0.0
36;43;3;0.0
36;43;4;0.0
36;43;5;0.0
36;43;6;0.0
36;43;7;0.0
36;43;8;0.0
37;43;1;0.0
37;43;2;0.0
37;43;3;0.0
37;43;4;0.0
37;43;5;0.0
37;43;6;0.0
37;43;7;0.0
37;43;8;0.0
38;43;1;0.0
38;43;2;0.0
38;43;3;0.0
38;43;4;0.0
38;43;5;0.0
38;43;6;0.0
38;43;7;0.0
38;43;8;0.0
39;43;1;0.0
39;43;2;0.0
39;43;3;0.0
39;43;4;0.0
39;43;5;0.0
39;43;6;0.0
39;43;7;0.0
39;43;8;0.0
40;43;1;0.0
40;43;2;0.0
40;43;3;0.0
40;43;4;0.0
40;43;5;0.0
40;43;6;0.0
40;43;7;0.0
40;43;8;0.0
41;43;1;0.0
41;43;2;0.0
41;43;3;0.0
41;43;4;0.0
41;43;5;0.0
41;43;6;0.0
41;43;7;0.0
41;43;8;0.0
42;43;1;0.0
42;43;2;0.0
42;43;3;0.0
42;43;4;0.0
42;43;5;0.0
42;43;6;0.0
42;43;7;0.0
42;43;8;0.0
43;43;1;0.0
43;43;2;0.0
43;43;3;0.0
43;43;4;0.0
43;43;5;0.0
43;43;6;0.0
43;43;7;0.0
43;43;8;0.0
44;43;1;0.0
44;43;2;0.0
44;43;3;0.0
44;43;4;0.0
44;43;5;0.0
44;43;6;0.0
44;43;7;0.0
44;43;8;0.0
45;43;1;0.0
45;43;2;0.0
45;43;3;0.0
45;43;4;0.0
45;43;5;0.0
45;43;6;0.0
45;43;7;0.0
45;43;8;0.0
46;43;1;0.0
46;43;2;0.0
46;43;3;0.0
46;43;4;0.0
46;43;5;0.0
46;43;6;0.0
46;43;7;0.0
46;43;8;0.0
47;43;1;-1.7808027793121925e-17
47;43;2;-1.7808027793121925e-17
47;43;3;-8.894602855613676e-17
47;43;4;-1.4544731957238795e-11
47;43;5;-1.7808027793121925e-17
47;43;6;-1.7808027793121925e-17
47;43;7;-1.7808027793121925e-17
47;43;8;-1.7808027793121925e-17
48;43;1;0.0
48;43;2;0.0
48;43;3;0.0
48;43;4;0.0
48;43;5;0.0
48;43;6;0.0
48;43;7;0.0
48;43;8;0.0
49;43;1;0.0
49;43;2;0.0
49;43;3;0.0
49;43;4;0.0
49;43;5;0.0
49;43;6;0.0
49;43;7;0.0
49;43;8;0.0
50;43;1;0.0
50;43;2;0.0
50;43;3;0.0
50;43;4;0.0
50;43;5;0.0
50;43;6;0.0
50;43;7;0.0
50;43;8;0.0
51;43;1;0.0
51;43;2;0.0
51;43;3;0.0
51;43;4;0.0
51;43;5;0.0
51;43;6;0.0
51;43;7;0.0
51;43;8;0.0
52;43;1;0.0
52;43;2;0.0
52;43;3;0.0
52;43;4;-2.613799259829509e-13
52;43;5;0.0
52;43;6;0.0
52;43;7;0.0
52;43;8;0.0
53;43;1;0.0
53;43;2;0.0
53;43;3;0.0
53;43;4;0.0
53;43;5;0.0
53;43;6;0.0
53;43;7;0.0
53;43;8;0.0
54;43;1;0.0
54;43;2;0.0
54;43;3;0.0
54;43;4;-7.957456573504606e-15
54;43;5;0.0
54;43;6;0.0
54;43;7;0.0
54;43;8;0.0
55;43;1;0.0
55;43;2;0.0
55;43;3;0.0
55;43;4;0.0
55;43;5;0.0
55;43;6;0.0
55;43;7;0.0
55;43;8;0.0
56;43;1;0.0
56;43;2;0.0
56;43;3;0.0
56;43;4;0.0
56;43;5;0.0
56;43;6;0.0
56;43;7;0.0
56;43;8;0.0
57;43;1;0.0
57;43;2;0.0
57;43;3;0.0
57;43;4;0.0
57;43;5;0.0
57;43;6;0.0
57;43;7;0.0
57;43;8;0.0
58;43;1;0.0
58;43;2;0.0
58;43;3;0.0
58;43;4;0.0
58;43;5;0.0
58;43;6;0.0
58;43;7;0.0
58;43;8;0.0
59;43;1;0.0
59;43;2;0.0
59;43;3;0.0
59;43;4;0.0
59;43;5;0.0
59;43;6;0.0
59;43;7;0.0
59;43;8;0.0
1;44;1;0.0
1;44;2;0.0
1;44;3;0.0
1;44;4;0.0
1;44;5;0.0
1;44;6;0.0
1;44;7;0.0
1;44;8;0.0
2;44;1;0.0
2;44;2;0.0
2;44;3;0.0
2;44;4;0.0
2;44;5;0.0
2;44;6;0.0
2;44;7;0.0
2;44;8;0.0
3;44;1;0.0
3;44;2;0.0
3;44;3;0.0
3;44;4;0.0
3;44;5;0.0
3;44;6;0.0
3;44;7;0.0
3;44;8;0.0
4;44;1;0.0
4;44;2;0.0
4;44;3;0.0
4;44;4;0.0
4;44;5;0.0
4;44;6;0.0
4;44;7;0.0
4;44;8;0.0
5;44;1;0.0
5;44;2;0.0
5;44;3;0.0
5;44;4;0.0
5;44;5;0.0
5;44;6;0.0
5;44;7;0.0
5;44;8;0.0
6;44;1;0.0
6;44;2;0.0
6;44;3;0.0
6;44;4;0.0
6;44;5;0.0
6;44;6;0.0
6;44;7;0.0
6;44;8;0.0
7;44;1;0.0
7;44;2;0.0
7;44;3;0.0
7;44;4;0.0
7;44;5;0.0
7;44;6;0.0
7;44;7;0.0
7;44;8;0.0
8;44;1;0.0
8;44;2;0.0
8;44;3;0.0
8;44;4;0.0
8;44;5;0.0
8;44;6;0.0
8;44;7;0.0
8;44;8;0.0
9;44;1;0.0
9;44;2;0.0
9;44;3;0.0
9;44;4;0.0
9;44;5;0.0
9;44;6;0.0
9;44;7;0.0
9;44;8;0.0
10;44;1;0.0
10;44;2;0.0
10;44;3;0.0
10;44;4;0.0
10;44;5;0.0
10;44;6;0.0
10;44;7;0.0
10;44;8;0.0
11;44;1;0.0
11;44;2;0.0
11;44;3;0.0
11;44;4;0.0
11;44;5;0.0
11;44;6;0.0
11;44;7;0.0
11;44;8;0.0
12;44;1;0.0
12;44;2;0.0
12;44;3;0.0
12;44;4;0.0
12;44;5;0.0
12;44;6;0.0
12;44;7;0.0
12;44;8;0.0
13;44;1;0.0
13;44;2;0.0
13;44;3;0.0
13;44;4;0.0
13;44;5;0.0
13;44;6;0.0
13;44;7;0.0
13;44;8;0.0
14;44;1;0.0
14;44;2;0.0
14;44;3;0.0
14;44;4;0.0
14;44;5;0.0
14;44;6;0.0
14;44;7;0.0
14;44;8;0.0
15;44;1;0.0
15;44;2;0.0
15;44;3;0.0
15;44;4;0.0
15;44;5;0.0
15;44;6;0.0
15;44;7;0.0
15;44;8;0.0
16;44;1;0.0
16;44;2;0.0
16;44;3;0.0
16;44;4;0.0
16;44;5;0.0
16;44;6;0.0
16;44;7;0.0
16;44;8;0.0
17;44;1;-1.1639756289336719e-17
17;44;2;-1.1639756289336719e-17
17;44;3;-4.9088653458746855e-17
17;44;4;-8.057964467141007e-12
17;44;5;-1.1639756289336719e-17
17;44;6;-1.1639756289336719e-17
17;44;7;-1.1639756289336719e-17
17;44;8;-1.1639756289336719e-17
18;44;1;0.0
18;44;2;0.0
18;44;3;0.0
18;44;4;0.0
18;44;5;0.0
18;44;6;0.0
18;44;7;0.0
18;44;8;0.0
19;44;1;0.0
19;44;2;0.0
19;44;3;0.0
19;44;4;0.0
19;44;5;0.0
19;44;6;0.0
19;44;7;0.0
19;44;8;0.0
20;44;1;0.0
20;44;2;0.0
20;44;3;-3.502835128324911e-17
20;44;4;0.0
20;44;5;0.0
20;44;6;0.0
20;44;7;0.0
20;44;8;0.0
21;44;1;-1.2754858056806005e-17
21;44;2;-1.2754858056806005e-17
21;44;3;-5.068117225191316e-17
21;44;4;-0.9999999988230215
21;44;5;-1.2754858056806005e-17
21;44;6;-1.2754858056806005e-17
21;44;7;-1.2754858056806005e-17
21;44;8;-1.2754858056806005e-17
22;44;1;-2.931583295066106e-17
22;44;2;-2.931583295066106e-17
22;44;3;-1.3617817175999139e-16
22;44;4;-1.1563141555370748e-09
22;44;5;-2.931583295066106e-17
22;44;6;-2.931583295066106e-17
22;44;7;-2.931583295066106e-17
22;44;8;-2.931583295066106e-17
23;44;1;0.0
23;44;2;0.0
23;44;3;0.0
23;44;4;0.0
23;44;5;0.0
23;44;6;0.0
23;44;7;0.0
23;44;8;0.0
24;44;1;0.0
24;44;2;0.0
24;44;3;0.0
24;44;4;0.0
24;44;5;0.0
24;44;6;0.0
24;44;7;0.0
24;44;8;0.0
25;44;1;0.0
25;44;2;0.0
25;44;3;0.0
25;44;4;0.0
25;44;5;0.0
25;44;6;0.0
25;44;7;0.0
25;44;8;0.0
26;44;1;0.0
26;44;2;0.0
26;44;3;0.0
26;44;4;0.0
26;44;5;0.0
26;44;6;0.0
26;44;7;0.0
26;44;8;0.0
27;44;1;0.0
27;44;2;0.0
27;44;3;0.0
27;44;4;0.0
27;44;5;0.0
27;44;6;0.0
27;44;7;0.0
27;44;8;0.0
28;44;1;0.0
28;44;2;0.0
28;44;3;0.0
28;44;4;0.0
28;44;5;0.0
28;44;6;0.0
28;44;7;0.0
28;44;8;0.0
29;44;1;0.0
29;44;2;0.0
29;44;3;0.0
29;44;4;0.0
29;44;5;0.0
29;44;6;0.0
29;44;7;0.0
29;44;8;0.0
30;44;1;0.0
30;44;2;0.0
30;44;3;0.0
30;44;4;0.0
30;44;5;0.0
30;44;6;0.0
30;44;7;0.0
30;44;8;0.0
31;44;1;0.0
31;44;2;0.0
31;44;3;0.0
31;44;4;0.0
31;44;5;0.0
31;44;6;0.0
31;44;7;0.0
31;44;8;0.0
32;44;1;0.0
32;44;2;0.0
32;44;3;0.0
32;44;4;0.0
32;44;5;0.0
32;44;6;0.0
32;44;7;0.0
32;44;8;0.0
33;44;1;0.0
33;44;2;0.0
33;44;3;0.0
33;44;4;0.0
33;44;5;0.0
33;44;6;0.0
33;44;7;0.0
33;44;8;0.0
34;44;1;0.0
34;44;2;0.0
34;44;3;0.0
34;44;4;0.0
34;44;5;0.0
34;44;6;0.0
34;44;7;0.0
34;44;8;0.0
35;44;1;0.0
35;44;2;0.0
35;44;3;0.0
35;44;4;0.0
35;44;5;0.0
35;44;6;0.0
35;44;7;0.0
35;44;8;0.0
36;44;1;0.0
36;44;2;0.0
36;44;3;0.0
36;44;4;0.0
36;44;5;0.0
36;44;6;0.0
36;44;7;0.0
36;44;8;0.0
37;44;1;0.0
37;44;2;0.0
37;44;3;0.0
37;44;4;0.0
37;44;5;0.0
37;44;6;0.0
37;44;7;0.0
37;44;8;0.0
38;44;1;0.0
38;44;2;0.0
38;44;3;0.0
38;44;4;0.0
38;44;5;0.0
38;44;6;0.0
38;44;7;0.0
38;44;8;0.0
39;44;1;0.0
39;44;2;0.0
39;44;3;0.0
39;44;4;0.0
39;44;5;0.0
39;44;6;0.0
39;44;7;0.0
39;44;8;0.0
40;44;1;0.0
40;44;2;0.0
40;44;3;0.0
40;44;4;0.0
40;44;5;0.0
40;44;6;0.0
40;44;7;0.0
40;44;8;0.0
41;44;1;0.0
41;44;2;0.0
41;44;3;0.0
41;44;4;0.0
41;44;5;0.0
41;44;6;0.0
41;44;7;0.0
41;44;8;0.0
42;44;1;0.0
42;44;2;0.0
42;44;3;0.0
42;44;4;0.0
42;44;5;0.0
42;44;6;0.0
42;44;7;0.0
42;44;8;0.0
43;44;1;0.0
43;44;2;0.0
43;44;3;0.0
43;44;4;0.0
43;44;5;0.0
43;44;6;0.0
43;44;7;0.0
43;44;8;0.0
44;44;1;0.0
44;44;2;0.0
44;44;3;0.0
44;44;4;0.0
44;44;5;0.0
44;44;6;0.0
44;44;7;0.0
44;44;8;0.0
45;44;1;0.0
45;44;2;0.0
45;44;3;0.0
45;44;4;0.0
45;44;5;0.0
45;44;6;0.0
45;44;7;0.0
45;44;8;0.0
46;44;1;0.0
46;44;2;0.0
46;44;3;0.0
46;44;4;0.0
46;44;5;0.0
46;44;6;0.0
46;44;7;0.0
46;44;8;0.0
47;44;1;-2.320012713656038e-17
47;44;2;-2.320012713656038e-17
47;44;3;-1.1871617821890786e-16
47;44;4;-1.4070951481127712e-11
47;44;5;-2.320012713656038e-17
47;44;6;-2.320012713656038e-17
47;44;7;-2.320012713656038e-17
47;44;8;-2.320012713656038e-17
48;44;1;0.0
48;44;2;0.0
48;44;3;0.0
48;44;4;0.0
48;44;5;0.0
48;44;6;0.0
48;44;7;0.0
48;44;8;0.0
49;44;1;0.0
49;44;2;0.0
49;44;3;0.0
49;44;4;0.0
49;44;5;0.0
49;44;6;0.0
49;44;7;0.0
49;44;8;0.0
50;44;1;0.0
50;44;2;0.0
50;44;3;0.0
50;44;4;0.0
50;44;5;0.0
50;44;6;0.0
50;44;7;0.0
50;44;8;0.0
51;44;1;0.0
51;44;2;0.0
51;44;3;0.0
51;44;4;0.0
51;44;5;0.0
51;44;6;0.0
51;44;7;0.0
51;44;8;0.0
52;44;1;0.0
52;44;2;0.0
52;44;3;0.0
52;44;4;-2.6345320727683455e-13
52;44;5;0.0
52;44;6;0.0
52;44;7;0.0
52;44;8;0.0
53;44;1;0.0
53;44;2;0.0
53;44;3;0.0
53;44;4;0.0
53;44;5;0.0
53;44;6;0.0
53;44;7;0.0
53;44;8;0.0
54;44;1;0.0
54;44;2;0.0
54;44;3;0.0
54;44;4;-8.898762090583346e-15
54;44;5;0.0
54;44;6;0.0
54;44;7;0.0
54;44;8;0.0
55;44;1;0.0
55;44;2;0.0
55;44;3;0.0
55;44;4;0.0
55;44;5;0.0
55;44;6;0.0
55;44;7;0.0
55;44;8;0.0
56;44;1;0.0
56;44;2;0.0
56;44;3;0.0
56;44;4;0.0
56;44;5;0.0
56;44;6;0.0
56;44;7;0.0
56;44;8;0.0
57;44;1;0.0
57;44;2;0.0
57;44;3;0.0
57;44;4;0.0
57;44;5;0.0
57;44;6;0.0
57;44;7;0.0
57;44;8;0.0
58;44;1;0.0
58;44;2;0.0
58;44;3;0.0
58;44;4;0.0
58;44;5;0.0
58;44;6;0.0
58;44;7;0.0
58;44;8;0.0
59;44;1;0.0
59;44;2;0.0
59;44;3;0.0
59;44;4;0.0
59;44;5;0.0
59;44;6;0.0
59;44;7;0.0
59;44;8;0.0
1;45;1;0.0
1;45;2;0.0
1;45;3;0.0
1;45;4;0.0
1;45;5;0.0
1;45;6;0.0
1;45;7;0.0
1;45;8;0.0
2;45;1;0.0
2;45;2;0.0
2;45;3;0.0
2;45;4;0.0
2;45;5;0.0
2;45;6;0.0
2;45;7;0.0
2;45;8;0.0
3;45;1;0.0
3;45;2;0.0
3;45;3;0.0
3;45;4;0.0
3;45;5;0.0
3;45;6;0.0
3;45;7;0.0
3;45;8;0.0
4;45;1;0.0
4;45;2;0.0
4;45;3;0.0
4;45;4;0.0
4;45;5;0.0
4;45;6;0.0
4;45;7;0.0
4;45;8;0.0
5;45;1;0.0
5;45;2;0.0
5;45;3;0.0
5;45;4;0.0
5;45;5;0.0
5;45;6;0.0
5;45;7;0.0
5;45;8;0.0
6;45;1;0.0
6;45;2;0.0
6;45;3;0.0
6;45;4;0.0
6;45;5;0.0
6;45;6;0.0
6;45;7;0.0
6;45;8;0.0
7;45;1;0.0
7;45;2;0.0
7;45;3;0.0
7;45;4;0.0
7;45;5;0.0
7;45;6;0.0
7;45;7;0.0
7;45;8;0.0
8;45;1;0.0
8;45;2;0.0
8;45;3;0.0
8;45;4;0.0
8;45;5;0.0
8;45;6;0.0
8;45;7;0.0
8;45;8;0.0
9;45;1;0.0
9;45;2;0.0
9;45;3;0.0
9;45;4;0.0
9;45;5;0.0
9;45;6;0.0
9;45;7;0.0
9;45;8;0.0
10;45;1;0.0
10;45;2;0.0
10;45;3;0.0
10;45;4;0.0
10;45;5;0.0
10;45;6;0.0
10;45;7;0.0
10;45;8;0.0
11;45;1;0.0
11;45;2;0.0
11;45;3;0.0
11;45;4;0.0
11;45;5;0.0
11;45;6;0.0
11;45;7;0.0
11;45;8;0.0
12;45;1;0.0
12;45;2;0.0
12;45;3;0.0
12;45;4;0.0
12;45;5;0.0
12;45;6;0.0
12;45;7;0.0
12;45;8;0.0
13;45;1;0.0
13;45;2;0.0
13;45;3;0.0
13;45;4;0.0
13;45;5;0.0
13;45;6;0.0
13;45;7;0.0
13;45;8;0.0
14;45;1;0.0
14;45;2;0.0
14;45;3;0.0
14;45;4;0.0
14;45;5;0.0
14;45;6;0.0
14;45;7;0.0
14;45;8;0.0
15;45;1;0.0
15;45;2;0.0
15;45;3;0.0
15;45;4;0.0
15;45;5;0.0
15;45;6;0.0
15;45;7;0.0
15;45;8;0.0
16;45;1;0.0
16;45;2;0.0
16;45;3;0.0
16;45;4;0.0
16;45;5;0.0
16;45;6;0.0
16;45;7;0.0
16;45;8;0.0
17;45;1;-1.3617081528639028e-17
17;45;2;-1.3617081528639028e-17
17;45;3;-5.614441820807263e-17
17;45;4;-1.0165290513120746e-15
17;45;5;-1.3617081528639028e-17
17;45;6;-1.3617081528639028e-17
17;45;7;-1.3617081528639028e-17
17;45;8;-1.3617081528639028e-17
18;45;1;0.0
18;45;2;0.0
18;45;3;0.0
18;45;4;0.0
18;45;5;0.0
18;45;6;0.0
18;45;7;0.0
18;45;8;0.0
19;45;1;0.0
19;45;2;0.0
19;45;3;0.0
19;45;4;0.0
19;45;5;0.0
19;45;6;0.0
19;45;7;0.0
19;45;8;0.0
20;45;1;0.0
20;45;2;0.0
20;45;3;-3.925047606429239e-17
20;45;4;0.0
20;45;5;0.0
20;45;6;0.0
20;45;7;0.0
20;45;8;0.0
21;45;1;-1.4999506754483192e-17
21;45;2;-1.4999506754483192e-17
21;45;3;-6.061591651826273e-17
21;45;4;-1.917364328723212e-15
21;45;5;-1.4999506754483192e-17
21;45;6;-1.4999506754483192e-17
21;45;7;-1.4999506754483192e-17
21;45;8;-1.4999506754483192e-17
22;45;1;-3.5412265072093115e-17
22;45;2;-3.5412265072093115e-17
22;45;3;-1.5849652193777878e-16
22;45;4;-0.0
22;45;5;-3.5412265072093115e-17
22;45;6;-3.5412265072093115e-17
22;45;7;-3.5412265072093115e-17
22;45;8;-3.5412265072093115e-17
23;45;1;0.0
23;45;2;0.0
23;45;3;0.0
23;45;4;0.0
23;45;5;0.0
23;45;6;0.0
23;45;7;0.0
23;45;8;0.0
24;45;1;0.0
24;45;2;0.0
24;45;3;0.0
24;45;4;0.0
24;45;5;0.0
24;45;6;0.0
24;45;7;0.0
24;45;8;0.0
25;45;1;0.0
25;45;2;0.0
25;45;3;0.0
25;45;4;0.0
25;45;5;0.0
25;45;6;0.0
25;45;7;0.0
25;45;8;0.0
26;45;1;0.0
26;45;2;0.0
26;45;3;0.0
26;45;4;0.0
26;45;5;0.0
26;45;6;0.0
26;45;7;0.0
26;45;8;0.0
27;45;1;0.0
27;45;2;0.0
27;45;3;0.0
27;45;4;0.0
27;45;5;0.0
27;45;6;0.0
27;45;7;0.0
27;45;8;0.0
28;45;1;0.0
28;45;2;0.0
28;45;3;0.0
28;45;4;0.0
28;45;5;0.0
28;45;6;0.0
28;45;7;0.0
28;45;8;0.0
29;45;1;0.0
29;45;2;0.0
29;45;3;0.0
29;45;4;0.0
29;45;5;0.0
29;45;6;0.0
29;45;7;0.0
29;45;8;0.0
30;45;1;0.0
30;45;2;0.0
30;45;3;0.0
30;45;4;0.0
30;45;5;0.0
30;45;6;0.0
30;45;7;0.0
30;45;8;0.0
31;45;1;0.0
31;45;2;0.0
31;45;3;0.0
31;45;4;0.0
31;45;5;0.0
31;45;6;0.0
31;45;7;0.0
31;45;8;0.0
32;45;1;0.0
32;45;2;0.0
32;45;3;0.0
32;45;4;0.0
32;45;5;0.0
32;45;6;0.0
32;45;7;0.0
32;45;8;0.0
33;45;1;0.0
33;45;2;0.0
33;45;3;0.0
33;45;4;0.0
33;45;5;0.0
33;45;6;0.0
33;45;7;0.0
33;45;8;0.0
34;45;1;0.0
34;45;2;0.0
34;45;3;0.0
34;45;4;0.0
34;45;5;0.0
34;45;6;0.0
34;45;7;0.0
34;45;8;0.0
35;45;1;0.0
35;45;2;0.0
35;45;3;0.0
35;45;4;0.0
35;45;5;0.0
35;45;6;0.0
35;45;7;0.0
35;45;8;0.0
36;45;1;0.0
36;45;2;0.0
36;45;3;0.0
36;45;4;0.0
36;45;5;0.0
36;45;6;0.0
36;45;7;0.0
36;45;8;0.0
37;45;1;0.0
37;45;2;0.0
37;45;3;0.0
37;45;4;0.0
37;45;5;0.0
37;45;6;0.0
37;45;7;0.0
37;45;8;0.0
38;45;1;0.0
38;45;2;0.0
38;45;3;0.0
38;45;4;0.0
38;45;5;0.0
38;45;6;0.0
38;45;7;0.0
38;45;8;0.0
39;45;1;0.0
39;45;2;0.0
39;45;3;0.0
39;45;4;0.0
39;45;5;0.0
39;45;6;0.0
39;45;7;0.0
39;45;8;0.0
40;45;1;0.0
40;45;2;0.0
40;45;3;0.0
40;45;4;0.0
40;45;5;0.0
40;45;6;0.0
40;45;7;0.0
40;45;8;0.0
41;45;1;0.0
41;45;2;0.0
41;45;3;0.0
41;45;4;0.0
41;45;5;0.0
41;45;6;0.0
41;45;7;0.0
41;45;8;0.0
42;45;1;0.0
42;45;2;0.0
42;45;3;0.0
42;45;4;0.0
42;45;5;0.0
42;45;6;0.0
42;45;7;0.0
42;45;8;0.0
43;45;1;0.0
43;45;2;0.0
43;45;3;0.0
43;45;4;0.0
43;45;5;0.0
43;45;6;0.0
43;45;7;0.0
43;45;8;0.0
44;45;1;0.0
44;45;2;0.0
44;45;3;0.0
44;45;4;0.0
44;45;5;0.0
44;45;6;0.0
44;45;7;0.0
44;45;8;0.0
45;45;1;0.0
45;45;2;0.0
45;45;3;0.0
45;45;4;0.0
45;45;5;0.0
45;45;6;0.0
45;45;7;0.0
45;45;8;0.0
46;45;1;0.0
46;45;2;0.0
46;45;3;0.0
46;45;4;0.0
46;45;5;0.0
46;45;6;0.0
46;45;7;0.0
46;45;8;0.0
47;45;1;-2.861472839990237e-17
47;45;2;-2.861472839990237e-17
47;45;3;-1.217029472882195e-16
47;45;4;-2.721177010239209e-15
47;45;5;-2.861472839990237e-17
47;45;6;-2.861472839990237e-17
47;45;7;-2.861472839990237e-17
47;45;8;-2.861472839990237e-17
48;45;1;0.0
48;45;2;0.0
48;45;3;0.0
48;45;4;0.0
48;45;5;0.0
48;45;6;0.0
48;45;7;0.0
48;45;8;0.0
49;45;1;0.0
49;45;2;0.0
49;45;3;0.0
49;45;4;0.0
49;45;5;0.0
49;45;6;0.0
49;45;7;0.0
49;45;8;0.0
50;45;1;0.0
50;45;2;0.0
50;45;3;0.0
50;45;4;0.0
50;45;5;0.0
50;45;6;0.0
50;45;7;0.0
50;45;8;0.0
51;45;1;0.0
51;45;2;0.0
51;45;3;0.0
51;45;4;0.0
51;45;5;0.0
51;45;6;0.0
51;45;7;0.0
51;45;8;0.0
52;45;1;0.0
52;45;2;0.0
52;45;3;0.0
52;45;4;-1.7159427761866775e-15
52;45;5;0.0
52;45;6;0.0
52;45;7;0.0
52;45;8;0.0
53;45;1;0.0
53;45;2;0.0
53;45;3;0.0
53;45;4;0.0
53;45;5;0.0
53;45;6;0.0
53;45;7;0.0
53;45;8;0.0
54;45;1;0.0
54;45;2;0.0
54;45;3;0.0
54;45;4;-4.210088772959563e-16
54;45;5;0.0
54;45;6;0.0
54;45;7;0.0
54;45;8;0.0
55;45;1;0.0
55;45;2;0.0
55;45;3;0.0
55;45;4;0.0
55;45;5;0.0
55;45;6;0.0
55;45;7;0.0
55;45;8;0.0
56;45;1;0.0
56;45;2;0.0
56;45;3;0.0
56;45;4;0.0
56;45;5;0.0
56;45;6;0.0
56;45;7;0.0
56;45;8;0.0
57;45;1;0.0
57;45;2;0.0
57;45;3;0.0
57;45;4;0.0
57;45;5;0.0
57;45;6;0.0
57;45;7;0.0
57;45;8;0.0
58;45;1;0.0
58;45;2;0.0
58;45;3;0.0
58;45;4;0.0
58;45;5;0.0
58;45;6;0.0
58;45;7;0.0
58;45;8;0.0
59;45;1;0.0
59;45;2;0.0
59;45;3;0.0
59;45;4;0.0
59;45;5;0.0
59;45;6;0.0
59;45;7;0.0
59;45;8;0.0
1;46;1;0.0
1;46;2;0.0
1;46;3;0.0
1;46;4;0.0
1;46;5;0.0
1;46;6;0.0
1;46;7;0.0
1;46;8;0.0
2;46;1;0.0
2;46;2;0.0
2;46;3;0.0
2;46;4;0.0
2;46;5;0.0
2;46;6;0.0
2;46;7;0.0
2;46;8;0.0
3;46;1;0.0
3;46;2;0.0
3;46;3;0.0
3;46;4;0.0
3;46;5;0.0
3;46;6;0.0
3;46;7;0.0
3;46;8;0.0
4;46;1;0.0
4;46;2;0.0
4;46;3;0.0
4;46;4;0.0
4;46;5;0.0
4;46;6;0.0
4;46;7;0.0
4;46;8;0.0
5;46;1;0.0
5;46;2;0.0
5;46;3;0.0
5;46;4;0.0
5;46;5;0.0
5;46;6;0.0
5;46;7;0.0
5;46;8;0.0
6;46;1;0.0
6;46;2;0.0
6;46;3;0.0
6;46;4;0.0
6;46;5;0.0
6;46;6;0.0
6;46;7;0.0
6;46;8;0.0
7;46;1;0.0
7;46;2;0.0
7;46;3;0.0
7;46;4;0.0
7;46;5;0.0
7;46;6;0.0
7;46;7;0.0
7;46;8;0.0
8;46;1;0.0
8;46;2;0.0
8;46;3;0.0
8;46;4;0.0
8;46;5;0.0
8;46;6;0.0
8;46;7;0.0
8;46;8;0.0
9;46;1;0.0
9;46;2;0.0
9;46;3;0.0
9;46;4;0.0
9;46;5;0.0
9;46;6;0.0
9;46;7;0.0
9;46;8;0.0
10;46;1;0.0
10;46;2;0.0
10;46;3;0.0
10;46;4;0.0
10;46;5;0.0
10;46;6;0.0
10;46;7;0.0
10;46;8;0.0
11;46;1;0.0
11;46;2;0.0
11;46;3;0.0
11;46;4;0.0
11;46;5;0.0
11;46;6;0.0
11;46;7;0.0
11;46;8;0.0
12;46;1;0.0
12;46;2;0.0
12;46;3;0.0
12;46;4;0.0
12;46;5;0.0
12;46;6;0.0
12;46;7;0.0
12;46;8;0.0
13;46;1;0.0
13;46;2;0.0
13;46;3;0.0
13;46;4;0.0
13;46;5;0.0
13;46;6;0.0
13;46;7;0.0
13;46;8;0.0
14;46;1;0.0
14;46;2;0.0
14;46;3;0.0
14;46;4;0.0
14;46;5;0.0
14;46;6;0.0
14;46;7;0.0
14;46;8;0.0
15;46;1;0.0
15;46;2;0.0
15;46;3;0.0
15;46;4;0.0
15;46;5;0.0
15;46;6;0.0
15;46;7;0.0
15;46;8;0.0
16;46;1;0.0
16;46;2;0.0
16;46;3;0.0
16;46;4;0.0
16;46;5;0.0
16;46;6;0.0
16;46;7;0.0
16;46;8;0.0
17;46;1;-1.589213027572499e-17
17;46;2;-1.589213027572499e-17
17;46;3;-6.163242372752056e-17
17;46;4;-2.0410424451916812e-11
17;46;5;-1.589213027572499e-17
17;46;6;-1.589213027572499e-17
17;46;7;-1.589213027572499e-17
17;46;8;-1.589213027572499e-17
18;46;1;0.0
18;46;2;0.0
18;46;3;0.0
18;46;4;0.0
18;46;5;0.0
18;46;6;0.0
18;46;7;0.0
18;46;8;0.0
19;46;1;0.0
19;46;2;0.0
19;46;3;0.0
19;46;4;0.0
19;46;5;0.0
19;46;6;0.0
19;46;7;0.0
19;46;8;0.0
20;46;1;0.0
20;46;2;0.0
20;46;3;-5.344730426718668e-17
20;46;4;0.0
20;46;5;0.0
20;46;6;0.0
20;46;7;0.0
20;46;8;0.0
21;46;1;-1.8217116467785617e-17
21;46;2;-1.8217116467785617e-17
21;46;3;-6.88783529898664e-17
21;46;4;-0.9999999982181991
21;46;5;-1.8217116467785617e-17
21;46;6;-1.8217116467785617e-17
21;46;7;-1.8217116467785617e-17
21;46;8;-1.8217116467785617e-17
22;46;1;-3.926983377510291e-17
22;46;2;-3.926983377510291e-17
22;46;3;-2.027331031006575e-16
22;46;4;-1.7607808544539694e-09
22;46;5;-3.926983377510291e-17
22;46;6;-3.926983377510291e-17
22;46;7;-3.926983377510291e-17
22;46;8;-3.926983377510291e-17
23;46;1;0.0
23;46;2;0.0
23;46;3;0.0
23;46;4;0.0
23;46;5;0.0
23;46;6;0.0
23;46;7;0.0
23;46;8;0.0
24;46;1;0.0
24;46;2;0.0
24;46;3;0.0
24;46;4;0.0
24;46;5;0.0
24;46;6;0.0
24;46;7;0.0
24;46;8;0.0
25;46;1;0.0
25;46;2;0.0
25;46;3;0.0
25;46;4;0.0
25;46;5;0.0
25;46;6;0.0
25;46;7;0.0
25;46;8;0.0
26;46;1;0.0
26;46;2;0.0
26;46;3;0.0
26;46;4;0.0
26;46;5;0.0
26;46;6;0.0
26;46;7;0.0
26;46;8;0.0
27;46;1;0.0
27;46;2;0.0
27;46;3;0.0
27;46;4;0.0
27;46;5;0.0
27;46;6;0.0
27;46;7;0.0
27;46;8;0.0
28;46;1;0.0
28;46;2;0.0
28;46;3;0.0
28;46;4;0.0
28;46;5;0.0
28;46;6;0.0
28;46;7;0.0
28;46;8;0.0
29;46;1;0.0
29;46;2;0.0
29;46;3;0.0
29;46;4;0.0
29;46;5;0.0
29;46;6;0.0
29;46;7;0.0
29;46;8;0.0
30;46;1;0.0
30;46;2;0.0
30;46;3;0.0
30;46;4;0.0
30;46;5;0.0
30;46;6;0.0
30;46;7;0.0
30;46;8;0.0
31;46;1;0.0
31;46;2;0.0
31;46;3;0.0
31;46;4;0.0
31;46;5;0.0
31;46;6;0.0
31;46;7;0.0
31;46;8;0.0
32;46;1;0.0
32;46;2;0.0
32;46;3;0.0
32;46;4;0.0
32;46;5;0.0
32;46;6;0.0
32;46;7;0.0
32;46;8;0.0
33;46;1;0.0
33;46;2;0.0
33;46;3;0.0
33;46;4;0.0
33;46;5;0.0
33;46;6;0.0
33;46;7;0.0
33;46;8;0.0
34;46;1;0.0
34;46;2;0.0
34;46;3;0.0
34;46;4;0.0
34;46;5;0.0
34;46;6;0.0
34;46;7;0.0
34;46;8;0.0
35;46;1;0.0
35;46;2;0.0
35;46;3;0.0
35;46;4;0.0
35;46;5;0.0
35;46;6;0.0
35;46;7;0.0
35;46;8;0.0
36;46;1;0.0
36;46;2;0.0
36;46;3;0.0
36;46;4;0.0
36;46;5;0.0
36;46;6;0.0
36;46;7;0.0
36;46;8;0.0
37;46;1;0.0
37;46;2;0.0
37;46;3;0.0
37;46;4;0.0
37;46;5;0.0
37;46;6;0.0
37;46;7;0.0
37;46;8;0.0
38;46;1;0.0
38;46;2;0.0
38;46;3;0.0
38;46;4;0.0
38;46;5;0.0
38;46;6;0.0
38;46;7;0.0
38;46;8;0.0
39;46;1;0.0
39;46;2;0.0
39;46;3;0.0
39;46;4;0.0
39;46;5;0.0
39;46;6;0.0
39;46;7;0.0
39;46;8;0.0
40;46;1;0.0
40;46;2;0.0
40;46;3;0.0
40;46;4;0.0
40;46;5;0.0
40;46;6;0.0
40;46;7;0.0
40;46;8;0.0
41;46;1;0.0
41;46;2;0.0
41;46;3;0.0
41;46;4;0.0
41;46;5;0.0
41;46;6;0.0
41;46;7;0.0
41;46;8;0.0
42;46;1;0.0
42;46;2;0.0
42;46;3;0.0
42;46;4;0.0
42;46;5;0.0
42;46;6;0.0
42;46;7;0.0
42;46;8;0.0
43;46;1;0.0
43;46;2;0.0
43;46;3;0.0
43;46;4;0.0
43;46;5;0.0
43;46;6;0.0
43;46;7;0.0
43;46;8;0.0
44;46;1;0.0
44;46;2;0.0
44;46;3;0.0
44;46;4;0.0
44;46;5;0.0
44;46;6;0.0
44;46;7;0.0
44;46;8;0.0
45;46;1;0.0
45;46;2;0.0
45;46;3;0.0
45;46;4;0.0
45;46;5;0.0
45;46;6;0.0
45;46;7;0.0
45;46;8;0.0
46;46;1;0.0
46;46;2;0.0
46;46;3;0.0
46;46;4;0.0
46;46;5;0.0
46;46;6;0.0
46;46;7;0.0
46;46;8;0.0
47;46;1;-3.518966196228573e-17
47;46;2;-3.518966196228573e-17
47;46;3;-1.321460771388081e-16
47;46;4;-1.276244540469677e-12
47;46;5;-3.518966196228573e-17
47;46;6;-3.518966196228573e-17
47;46;7;-3.518966196228573e-17
47;46;8;-3.518966196228573e-17
48;46;1;0.0
48;46;2;0.0
48;46;3;0.0
48;46;4;0.0
48;46;5;0.0
48;46;6;0.0
48;46;7;0.0
48;46;8;0.0
49;46;1;0.0
49;46;2;0.0
49;46;3;0.0
49;46;4;0.0
49;46;5;0.0
49;46;6;0.0
49;46;7;0.0
49;46;8;0.0
50;46;1;0.0
50;46;2;0.0
50;46;3;0.0
50;46;4;0.0
50;46;5;0.0
50;46;6;0.0
50;46;7;0.0
50;46;8;0.0
51;46;1;0.0
51;46;2;0.0
51;46;3;0.0
51;46;4;0.0
51;46;5;0.0
51;46;6;0.0
51;46;7;0.0
51;46;8;0.0
52;46;1;0.0
52;46;2;0.0
52;46;3;0.0
52;46;4;-2.6203223226279473e-13
52;46;5;0.0
52;46;6;0.0
52;46;7;0.0
52;46;8;0.0
53;46;1;0.0
53;46;2;0.0
53;46;3;0.0
53;46;4;0.0
53;46;5;0.0
53;46;6;0.0
53;46;7;0.0
53;46;8;0.0
54;46;1;0.0
54;46;2;0.0
54;46;3;0.0
54;46;4;-7.566104636459523e-15
54;46;5;0.0
54;46;6;0.0
54;46;7;0.0
54;46;8;0.0
55;46;1;0.0
55;46;2;0.0
55;46;3;0.0
55;46;4;0.0
55;46;5;0.0
55;46;6;0.0
55;46;7;0.0
55;46;8;0.0
56;46;1;0.0
56;46;2;0.0
56;46;3;0.0
56;46;4;0.0
56;46;5;0.0
56;46;6;0.0
56;46;7;0.0
56;46;8;0.0
57;46;1;0.0
57;46;2;0.0
57;46;3;0.0
57;46;4;0.0
57;46;5;0.0
57;46;6;0.0
57;46;7;0.0
57;46;8;0.0
58;46;1;0.0
58;46;2;0.0
58;46;3;0.0
58;46;4;0.0
58;46;5;0.0
58;46;6;0.0
58;46;7;0.0
58;46;8;0.0
59;46;1;0.0
59;46;2;0.0
59;46;3;0.0
59;46;4;0.0
59;46;5;0.0
59;46;6;0.0
59;46;7;0.0
59;46;8;0.0
1;47;1;0.0
1;47;2;0.0
1;47;3;0.0
1;47;4;0.0
1;47;5;0.0
1;47;6;0.0
1;47;7;0.0
1;47;8;0.0
2;47;1;0.0
2;47;2;0.0
2;47;3;0.0
2;47;4;0.0
2;47;5;0.0
2;47;6;0.0
2;47;7;0.0
2;47;8;0.0
3;47;1;0.0
3;47;2;0.0
3;47;3;0.0
3;47;4;0.0
3;47;5;0.0
3;47;6;0.0
3;47;7;0.0
3;47;8;0.0
4;47;1;0.0
4;47;2;0.0
4;47;3;0.0
4;47;4;0.0
4;47;5;0.0
4;47;6;0.0
4;47;7;0.0
4;47;8;0.0
5;47;1;0.0
5;47;2;0.0
5;47;3;0.0
5;47;4;0.0
5;47;5;0.0
5;47;6;0.0
5;47;7;0.0
5;47;8;0.0
6;47;1;0.0
6;47;2;0.0
6;47;3;0.0
6;47;4;0.0
6;47;5;0.0
6;47;6;0.0
6;47;7;0.0
6;47;8;0.0
7;47;1;0.0
7;47;2;0.0
7;47;3;0.0
7;47;4;0.0
7;47;5;0.0
7;47;6;0.0
7;47;7;0.0
7;47;8;0.0
8;47;1;0.0
8;47;2;0.0
8;47;3;0.0
8;47;4;0.0
8;47;5;0.0
8;47;6;0.0
8;47;7;0.0
8;47;8;0.0
9;47;1;0.0
9;47;2;0.0
9;47;3;0.0
9;47;4;0.0
9;47;5;0.0
9;47;6;0.0
9;47;7;0.0
9;47;8;0.0
10;47;1;0.0
10;47;2;0.0
10;47;3;0.0
10;47;4;0.0
10;47;5;0.0
10;47;6;0.0
10;47;7;0.0
10;47;8;0.0
11;47;1;0.0
11;47;2;0.0
11;47;3;0.0
11;47;4;0.0
11;47;5;0.0
11;47;6;0.0
11;47;7;0.0
11;47;8;0.0
12;47;1;0.0
12;47;2;0.0
12;47;3;0.0
12;47;4;0.0
12;47;5;0.0
12;47;6;0.0
12;47;7;0.0
12;47;8;0.0
13;47;1;0.0
13;47;2;0.0
13;47;3;0.0
13;47;4;0.0
13;47;5;0.0
13;47;6;0.0
13;47;7;0.0
13;47;8;0.0
14;47;1;0.0
14;47;2;0.0
14;47;3;0.0
14;47;4;0.0
14;47;5;0.0
14;47;6;0.0
14;47;7;0.0
14;47;8;0.0
15;47;1;0.0
15;47;2;0.0
15;47;3;0.0
15;47;4;0.0
15;47;5;0.0
15;47;6;0.0
15;47;7;0.0
15;47;8;0.0
16;47;1;0.0
16;47;2;0.0
16;47;3;0.0
16;47;4;0.0
16;47;5;0.0
16;47;6;0.0
16;47;7;0.0
16;47;8;0.0
17;47;1;-1.9294051777633782e-17
17;47;2;-1.9294051777633782e-17
17;47;3;-7.009341806244924e-17
17;47;4;-2.9780516190907844e-11
17;47;5;-1.9294051777633782e-17
17;47;6;-1.9294051777633782e-17
17;47;7;-1.9294051777633782e-17
17;47;8;-1.9294051777633782e-17
18;47;1;0.0
18;47;2;0.0
18;47;3;0.0
18;47;4;0.0
18;47;5;0.0
18;47;6;0.0
18;47;7;0.0
18;47;8;0.0
19;47;1;0.0
19;47;2;0.0
19;47;3;0.0
19;47;4;0.0
19;47;5;0.0
19;47;6;0.0
19;47;7;0.0
19;47;8;0.0
20;47;1;0.0
20;47;2;0.0
20;47;3;-4.4977899741855304e-17
20;47;4;0.0
20;47;5;0.0
20;47;6;0.0
20;47;7;0.0
20;47;8;0.0
21;47;1;-2.3687239912336945e-17
21;47;2;-2.3687239912336945e-17
21;47;3;-8.270809205391106e-17
21;47;4;-0.9999999981362978
21;47;5;-2.3687239912336945e-17
21;47;6;-2.3687239912336945e-17
21;47;7;-2.3687239912336945e-17
21;47;8;-2.3687239912336945e-17
22;47;1;-4.3808881622176904e-17
22;47;2;-4.3808881622176904e-17
22;47;3;-1.8610314953702683e-16
22;47;4;-1.8313075500486775e-09
22;47;5;-4.3808881622176904e-17
22;47;6;-4.3808881622176904e-17
22;47;7;-4.3808881622176904e-17
22;47;8;-4.3808881622176904e-17
23;47;1;0.0
23;47;2;0.0
23;47;3;0.0
23;47;4;0.0
23;47;5;0.0
23;47;6;0.0
23;47;7;0.0
23;47;8;0.0
24;47;1;0.0
24;47;2;0.0
24;47;3;0.0
24;47;4;0.0
24;47;5;0.0
24;47;6;0.0
24;47;7;0.0
24;47;8;0.0
25;47;1;0.0
25;47;2;0.0
25;47;3;0.0
25;47;4;0.0
25;47;5;0.0
25;47;6;0.0
25;47;7;0.0
25;47;8;0.0
26;47;1;0.0
26;47;2;0.0
26;47;3;0.0
26;47;4;0.0
26;47;5;0.0
26;47;6;0.0
26;47;7;0.0
26;47;8;0.0
27;47;1;0.0
27;47;2;0.0
27;47;3;0.0
27;47;4;0.0
27;47;5;0.0
27;47;6;0.0
27;47;7;0.0
27;47;8;0.0
28;47;1;0.0
28;47;2;0.0
28;47;3;0.0
28;47;4;0.0
28;47;5;0.0
28;47;6;0.0
28;47;7;0.0
28;47;8;0.0
29;47;1;0.0
29;47;2;0.0
29;47;3;0.0
29;47;4;0.0
29;47;5;0.0
29;47;6;0.0
29;47;7;0.0
29;47;8;0.0
30;47;1;0.0
30;47;2;0.0
30;47;3;0.0
30;47;4;0.0
30;47;5;0.0
30;47;6;0.0
30;47;7;0.0
30;47;8;0.0
31;47;1;0.0
31;47;2;0.0
31;47;3;0.0
31;47;4;0.0
31;47;5;0.0
31;47;6;0.0
31;47;7;0.0
31;47;8;0.0
32;47;1;0.0
32;47;2;0.0
32;47;3;0.0
32;47;4;0.0
32;47;5;0.0
32;47;6;0.0
32;47;7;0.0
32;47;8;0.0
33;47;1;0.0
33;47;2;0.0
33;47;3;0.0
33;47;4;0.0
33;47;5;0.0
33;47;6;0.0
33;47;7;0.0
33;47;8;0.0
34;47;1;0.0
34;47;2;0.0
34;47;3;0.0
34;47;4;0.0
34;47;5;0.0
34;47;6;0.0
34;47;7;0.0
34;47;8;0.0
35;47;1;0.0
35;47;2;0.0
35;47;3;0.0
35;47;4;0.0
35;47;5;0.0
35;47;6;0.0
35;47;7;0.0
35;47;8;0.0
36;47;1;0.0
36;47;2;0.0
36;47;3;0.0
36;47;4;0.0
36;47;5;0.0
36;47;6;0.0
36;47;7;0.0
36;47;8;0.0
37;47;1;0.0
37;47;2;0.0
37;47;3;0.0
37;47;4;0.0
37;47;5;0.0
37;47;6;0.0
37;47;7;0.0
37;47;8;0.0
38;47;1;0.0
38;47;2;0.0
38;47;3;0.0
38;47;4;0.0
38;47;5;0.0
38;47;6;0.0
38;47;7;0.0
38;47;8;0.0
39;47;1;0.0
39;47;2;0.0
39;47;3;0.0
39;47;4;0.0
39;47;5;0.0
39;47;6;0.0
39;47;7;0.0
39;47;8;0.0
40;47;1;0.0
40;47;2;0.0
40;47;3;0.0
40;47;4;0.0
40;47;5;0.0
40;47;6;0.0
40;47;7;0.0
40;47;8;0.0
41;47;1;0.0
41;47;2;0.0
41;47;3;0.0
41;47;4;0.0
41;47;5;0.0
41;47;6;0.0
41;47;7;0.0
41;47;8;0.0
42;47;1;0.0
42;47;2;0.0
42;47;3;0.0
42;47;4;0.0
42;47;5;0.0
42;47;6;0.0
42;47;7;0.0
42;47;8;0.0
43;47;1;0.0
43;47;2;0.0
43;47;3;0.0
43;47;4;0.0
43;47;5;0.0
43;47;6;0.0
43;47;7;0.0
43;47;8;0.0
44;47;1;0.0
44;47;2;0.0
44;47;3;0.0
44;47;4;0.0
44;47;5;0.0
44;47;6;0.0
44;47;7;0.0
44;47;8;0.0
45;47;1;0.0
45;47;2;0.0
45;47;3;0.0
45;47;4;0.0
45;47;5;0.0
45;47;6;0.0
45;47;7;0.0
45;47;8;0.0
46;47;1;0.0
46;47;2;0.0
46;47;3;0.0
46;47;4;0.0
46;47;5;0.0
46;47;6;0.0
46;47;7;0.0
46;47;8;0.0
47;47;1;-4.5467648901000753e-17
47;47;2;-4.5467648901000753e-17
47;47;3;-1.5434530379813323e-16
47;47;4;-1.26490324396782e-12
47;47;5;-4.5467648901000753e-17
47;47;6;-4.5467648901000753e-17
47;47;7;-4.5467648901000753e-17
47;47;8;-4.5467648901000753e-17
48;47;1;0.0
48;47;2;0.0
48;47;3;0.0
48;47;4;0.0
48;47;5;0.0
48;47;6;0.0
48;47;7;0.0
48;47;8;0.0
49;47;1;0.0
49;47;2;0.0
49;47;3;0.0
49;47;4;0.0
49;47;5;0.0
49;47;6;0.0
49;47;7;0.0
49;47;8;0.0
50;47;1;0.0
50;47;2;0.0
50;47;3;0.0
50;47;4;0.0
50;47;5;0.0
50;47;6;0.0
50;47;7;0.0
50;47;8;0.0
51;47;1;0.0
51;47;2;0.0
51;47;3;0.0
51;47;4;0.0
51;47;5;0.0
51;47;6;0.0
51;47;7;0.0
51;47;8;0.0
52;47;1;0.0
52;47;2;0.0
52;47;3;0.0
52;47;4;-2.6941162829562477e-13
52;47;5;0.0
52;47;6;0.0
52;47;7;0.0
52;47;8;0.0
53;47;1;0.0
53;47;2;0.0
53;47;3;0.0
53;47;4;0.0
53;47;5;0.0
53;47;6;0.0
53;47;7;0.0
53;47;8;0.0
54;47;1;0.0
54;47;2;0.0
54;47;3;0.0
54;47;4;-7.523419128448567e-15
54;47;5;0.0
54;47;6;0.0
54;47;7;0.0
54;47;8;0.0
55;47;1;0.0
55;47;2;0.0
55;47;3;0.0
55;47;4;0.0
55;47;5;0.0
55;47;6;0.0
55;47;7;0.0
55;47;8;0.0
56;47;1;0.0
56;47;2;0.0
56;47;3;0.0
56;47;4;0.0
56;47;5;0.0
56;47;6;0.0
56;47;7;0.0
56;47;8;0.0
57;47;1;0.0
57;47;2;0.0
57;47;3;0.0
57;47;4;0.0
57;47;5;0.0
57;47;6;0.0
57;47;7;0.0
57;47;8;0.0
58;47;1;0.0
58;47;2;0.0
58;47;3;0.0
58;47;4;0.0
58;47;5;0.0
58;47;6;0.0
58;47;7;0.0
58;47;8;0.0
59;47;1;0.0
59;47;2;0.0
59;47;3;0.0
59;47;4;0.0
59;47;5;0.0
59;47;6;0.0
59;47;7;0.0
59;47;8;0.0
1;48;1;0.0
1;48;2;0.0
1;48;3;0.0
1;48;4;0.0
1;48;5;0.0
1;48;6;0.0
1;48;7;0.0
1;48;8;0.0
2;48;1;0.0
2;48;2;0.0
2;48;3;0.0
2;48;4;0.0
2;48;5;0.0
2;48;6;0.0
2;48;7;0.0
2;48;8;0.0
3;48;1;0.0
3;48;2;0.0
3;48;3;0.0
3;48;4;0.0
3;48;5;0.0
3;48;6;0.0
3;48;7;0.0
3;48;8;0.0
4;48;1;0.0
4;48;2;0.0
4;48;3;0.0
4;48;4;0.0
4;48;5;0.0
4;48;6;0.0
4;48;7;0.0
4;48;8;0.0
5;48;1;0.0
5;48;2;0.0
5;48;3;0.0
5;48;4;0.0
5;48;5;0.0
5;48;6;0.0
5;48;7;0.0
5;48;8;0.0
6;48;1;0.0
6;48;2;0.0
6;48;3;0.0
6;48;4;0.0
6;48;5;0.0
6;48;6;0.0
6;48;7;0.0
6;48;8;0.0
7;48;1;0.0
7;48;2;0.0
7;48;3;0.0
7;48;4;0.0
7;48;5;0.0
7;48;6;0.0
7;48;7;0.0
7;48;8;0.0
8;48;1;0.0
8;48;2;0.0
8;48;3;0.0
8;48;4;0.0
8;48;5;0.0
8;48;6;0.0
8;48;7;0.0
8;48;8;0.0
9;48;1;0.0
9;48;2;0.0
9;48;3;0.0
9;48;4;0.0
9;48;5;0.0
9;48;6;0.0
9;48;7;0.0
9;48;8;0.0
10;48;1;0.0
10;48;2;0.0
10;48;3;0.0
10;48;4;0.0
10;48;5;0.0
10;48;6;0.0
10;48;7;0.0
10;48;8;0.0
11;48;1;0.0
11;48;2;0.0
11;48;3;0.0
11;48;4;0.0
11;48;5;0.0
11;48;6;0.0
11;48;7;0.0
11;48;8;0.0
12;48;1;0.0
12;48;2;0.0
12;48;3;0.0
12;48;4;0.0
12;48;5;0.0
12;48;6;0.0
12;48;7;0.0
12;48;8;0.0
13;48;1;0.0
13;48;2;0.0
13;48;3;0.0
13;48;4;0.0
13;48;5;0.0
13;48;6;0.0
13;48;7;0.0
13;48;8;0.0
14;48;1;0.0
14;48;2;0.0
14;48;3;0.0
14;48;4;0.0
14;48;5;0.0
14;48;6;0.0
14;48;7;0.0
14;48;8;0.0
15;48;1;0.0
15;48;2;0.0
15;48;3;0.0
15;48;4;0.0
15;48;5;0.0
15;48;6;0.0
15;48;7;0.0
15;48;8;0.0
16;48;1;0.0
16;48;2;0.0
16;48;3;0.0
16;48;4;0.0
16;48;5;0.0
16;48;6;0.0
16;48;7;0.0
16;48;8;0.0
17;48;1;-2.74740546615618e-17
17;48;2;-2.74740546615618e-17
17;48;3;-9.76762356722171e-17
17;48;4;-2.4736824333008425e-15
17;48;5;-2.74740546615618e-17
17;48;6;-2.74740546615618e-17
17;48;7;-2.74740546615618e-17
17;48;8;-2.74740546615618e-17
18;48;1;0.0
18;48;2;0.0
18;48;3;0.0
18;48;4;0.0
18;48;5;0.0
18;48;6;0.0
18;48;7;0.0
18;48;8;0.0
19;48;1;0.0
19;48;2;0.0
19;48;3;0.0
19;48;4;0.0
19;48;5;0.0
19;48;6;0.0
19;48;7;0.0
19;48;8;0.0
20;48;1;0.0
20;48;2;0.0
20;48;3;6.089801966589507e-16
20;48;4;0.0
20;48;5;0.0
20;48;6;0.0
20;48;7;0.0
20;48;8;0.0
21;48;1;-3.8670958213758705e-17
21;48;2;-3.8670958213758705e-17
21;48;3;-1.2834267385697954e-16
21;48;4;-4.830981762577382e-15
21;48;5;-3.8670958213758705e-17
21;48;6;-3.8670958213758705e-17
21;48;7;-3.8670958213758705e-17
21;48;8;-3.8670958213758705e-17
22;48;1;-7.228996592837593e-17
22;48;2;-7.228996592837593e-17
22;48;3;-3.124245491890017e-16
22;48;4;-8.881784197001252e-16
22;48;5;-7.228996592837593e-17
22;48;6;-7.228996592837593e-17
22;48;7;-7.228996592837593e-17
22;48;8;-7.228996592837593e-17
23;48;1;0.0
23;48;2;0.0
23;48;3;0.0
23;48;4;0.0
23;48;5;0.0
23;48;6;0.0
23;48;7;0.0
23;48;8;0.0
24;48;1;0.0
24;48;2;0.0
24;48;3;0.0
24;48;4;0.0
24;48;5;0.0
24;48;6;0.0
24;48;7;0.0
24;48;8;0.0
25;48;1;0.0
25;48;2;0.0
25;48;3;0.0
25;48;4;0.0
25;48;5;0.0
25;48;6;0.0
25;48;7;0.0
25;48;8;0.0
26;48;1;0.0
26;48;2;0.0
26;48;3;0.0
26;48;4;0.0
26;48;5;0.0
26;48;6;0.0
26;48;7;0.0
26;48;8;0.0
27;48;1;0.0
27;48;2;0.0
27;48;3;0.0
27;48;4;0.0
27;48;5;0.0
27;48;6;0.0
27;48;7;0.0
27;48;8;0.0
28;48;1;0.0
28;48;2;0.0
28;48;3;0.0
28;48;4;0.0
28;48;5;0.0
28;48;6;0.0
28;48;7;0.0
28;48;8;0.0
29;48;1;0.0
29;48;2;0.0
29;48;3;0.0
29;48;4;0.0
29;48;5;0.0
29;48;6;0.0
29;48;7;0.0
29;48;8;0.0
30;48;1;0.0
30;48;2;0.0
30;48;3;0.0
30;48;4;0.0
30;48;5;0.0
30;48;6;0.0
30;48;7;0.0
30;48;8;0.0
31;48;1;0.0
31;48;2;0.0
31;48;3;0.0
31;48;4;0.0
31;48;5;0.0
31;48;6;0.0
31;48;7;0.0
31;48;8;0.0
32;48;1;0.0
32;48;2;0.0
32;48;3;0.0
32;48;4;0.0
32;48;5;0.0
32;48;6;0.0
32;48;7;0.0
32;48;8;0.0
33;48;1;0.0
33;48;2;0.0
33;48;3;0.0
33;48;4;0.0
33;48;5;0.0
33;48;6;0.0
33;48;7;0.0
33;48;8;0.0
34;48;1;0.0
34;48;2;0.0
34;48;3;0.0
34;48;4;0.0
34;48;5;0.0
34;48;6;0.0
34;48;7;0.0
34;48;8;0.0
35;48;1;0.0
35;48;2;0.0
35;48;3;0.0
35;48;4;0.0
35;48;5;0.0
35;48;6;0.0
35;48;7;0.0
35;48;8;0.0
36;48;1;0.0
36;48;2;0.0
36;48;3;0.0
36;48;4;0.0
36;48;5;0.0
36;48;6;0.0
36;48;7;0.0
36;48;8;0.0
37;48;1;0.0
37;48;2;0.0
37;48;3;0.0
37;48;4;0.0
37;48;5;0.0
37;48;6;0.0
37;48;7;0.0
37;48;8;0.0
38;48;1;0.0
38;48;2;0.0
38;48;3;0.0
38;48;4;0.0
38;48;5;0.0
38;48;6;0.0
38;48;7;0.0
38;48;8;0.0
39;48;1;0.0
39;48;2;0.0
39;48;3;0.0
39;48;4;0.0
39;48;5;0.0
39;48;6;0.0
39;48;7;0.0
39;48;8;0.0
40;48;1;0.0
40;48;2;0.0
40;48;3;0.0
40;48;4;0.0
40;48;5;0.0
40;48;6;0.0
40;48;7;0.0
40;48;8;0.0
41;48;1;0.0
41;48;2;0.0
41;48;3;0.0
41;48;4;0.0
41;48;5;0.0
41;48;6;0.0
41;48;7;0.0
41;48;8;0.0
42;48;1;0.0
42;48;2;0.0
42;48;3;0.0
42;48;4;0.0
42;48;5;0.0
42;48;6;0.0
42;48;7;0.0
42;48;8;0.0
43;48;1;0.0
43;48;2;0.0
43;48;3;0.0
43;48;4;0.0
43;48;5;0.0
43;48;6;0.0
43;48;7;0.0
43;48;8;0.0
44;48;1;0.0
44;48;2;0.0
44;48;3;0.0
44;48;4;0.0
44;48;5;0.0
44;48;6;0.0
44;48;7;0.0
44;48;8;0.0
45;48;1;0.0
45;48;2;0.0
45;48;3;0.0
45;48;4;0.0
45;48;5;0.0
45;48;6;0.0
45;48;7;0.0
45;48;8;0.0
46;48;1;0.0
46;48;2;0.0
46;48;3;0.0
46;48;4;0.0
46;48;5;0.0
46;48;6;0.0
46;48;7;0.0
46;48;8;0.0
47;48;1;-6.858625936020746e-17
47;48;2;-6.858625936020746e-17
47;48;3;-2.268159767839702e-16
47;48;4;-6.828810429962345e-15
47;48;5;-6.858625936020746e-17
47;48;6;-6.858625936020746e-17
47;48;7;-6.858625936020746e-17
47;48;8;-6.858625936020746e-17
48;48;1;0.0
48;48;2;0.0
48;48;3;0.0
48;48;4;0.0
48;48;5;0.0
48;48;6;0.0
48;48;7;0.0
48;48;8;0.0
49;48;1;0.0
49;48;2;0.0
49;48;3;0.0
49;48;4;0.0
49;48;5;0.0
49;48;6;0.0
49;48;7;0.0
49;48;8;0.0
50;48;1;0.0
50;48;2;0.0
50;48;3;0.0
50;48;4;0.0
50;48;5;0.0
50;48;6;0.0
50;48;7;0.0
50;48;8;0.0
51;48;1;0.0
51;48;2;0.0
51;48;3;0.0
51;48;4;0.0
51;48;5;0.0
51;48;6;0.0
51;48;7;0.0
51;48;8;0.0
52;48;1;0.0
52;48;2;0.0
52;48;3;0.0
52;48;4;-4.021703428894657e-15
52;48;5;0.0
52;48;6;0.0
52;48;7;0.0
52;48;8;0.0
53;48;1;0.0
53;48;2;0.0
53;48;3;0.0
53;48;4;0.0
53;48;5;0.0
53;48;6;0.0
53;48;7;0.0
53;48;8;0.0
54;48;1;0.0
54;48;2;0.0
54;48;3;0.0
54;48;4;2.4709123636057484e-12
54;48;5;0.0
54;48;6;0.0
54;48;7;0.0
54;48;8;0.0
55;48;1;0.0
55;48;2;0.0
55;48;3;0.0
55;48;4;0.0
55;48;5;0.0
55;48;6;0.0
55;48;7;0.0
55;48;8;0.0
56;48;1;0.0
56;48;2;0.0
56;48;3;0.0
56;48;4;0.0
56;48;5;0.0
56;48;6;0.0
56;48;7;0.0
56;48;8;0.0
57;48;1;0.0
57;48;2;0.0
57;48;3;0.0
57;48;4;0.0
57;48;5;0.0
57;48;6;0.0
57;48;7;0.0
57;48;8;0.0
58;48;1;0.0
58;48;2;0.0
58;48;3;0.0
58;48;4;0.0
58;48;5;0.0
58;48;6;0.0
58;48;7;0.0
58;48;8;0.0
59;48;1;0.0
59;48;2;0.0
59;48;3;0.0
59;48;4;0.0
59;48;5;0.0
59;48;6;0.0
59;48;7;0.0
59;48;8;0.0
1;49;1;0.0
1;49;2;0.0
1;49;3;0.0
1;49;4;0.0
1;49;5;0.0
1;49;6;0.0
1;49;7;0.0
1;49;8;0.0
2;49;1;0.0
2;49;2;0.0
2;49;3;0.0
2;49;4;0.0
2;49;5;0.0
2;49;6;0.0
2;49;7;0.0
2;49;8;0.0
3;49;1;0.0
3;49;2;0.0
3;49;3;0.0
3;49;4;0.0
3;49;5;0.0
3;49;6;0.0
3;49;7;0.0
3;49;8;0.0
4;49;1;0.0
4;49;2;0.0
4;49;3;0.0
4;49;4;0.0
4;49;5;0.0
4;49;6;0.0
4;49;7;0.0
4;49;8;0.0
5;49;1;0.0
5;49;2;0.0
5;49;3;0.0
5;49;4;0.0
5;49;5;0.0
5;49;6;0.0
5;49;7;0.0
5;49;8;0.0
6;49;1;0.0
6;49;2;0.0
6;49;3;0.0
6;49;4;0.0
6;49;5;0.0
6;49;6;0.0
6;49;7;0.0
6;49;8;0.0
7;49;1;0.0
7;49;2;0.0
7;49;3;0.0
7;49;4;0.0
7;49;5;0.0
7;49;6;0.0
7;49;7;0.0
7;49;8;0.0
8;49;1;0.0
8;49;2;0.0
8;49;3;0.0
8;49;4;0.0
8;49;5;0.0
8;49;6;0.0
8;49;7;0.0
8;49;8;0.0
9;49;1;0.0
9;49;2;0.0
9;49;3;0.0
9;49;4;0.0
9;49;5;0.0
9;49;6;0.0
9;49;7;0.0
9;49;8;0.0
10;49;1;0.0
10;49;2;0.0
10;49;3;0.0
10;49;4;0.0
10;49;5;0.0
10;49;6;0.0
10;49;7;0.0
10;49;8;0.0
11;49;1;0.0
11;49;2;0.0
11;49;3;0.0
11;49;4;0.0
11;49;5;0.0
11;49;6;0.0
11;49;7;0.0
11;49;8;0.0
12;49;1;0.0
12;49;2;0.0
12;49;3;0.0
12;49;4;0.0
12;49;5;0.0
12;49;6;0.0
12;49;7;0.0
12;49;8;0.0
13;49;1;0.0
13;49;2;0.0
13;49;3;0.0
13;49;4;0.0
13;49;5;0.0
13;49;6;0.0
13;49;7;0.0
13;49;8;0.0
14;49;1;0.0
14;49;2;0.0
14;49;3;0.0
14;49;4;0.0
14;49;5;0.0
14;49;6;0.0
14;49;7;0.0
14;49;8;0.0
15;49;1;0.0
15;49;2;0.0
15;49;3;0.0
15;49;4;0.0
15;49;5;0.0
15;49;6;0.0
15;49;7;0.0
15;49;8;0.0
16;49;1;0.0
16;49;2;0.0
16;49;3;0.0
16;49;4;0.0
16;49;5;0.0
16;49;6;0.0
16;49;7;0.0
16;49;8;0.0
17;49;1;0.0
17;49;2;0.0
17;49;3;0.0
17;49;4;-8.218795897779141e-12
17;49;5;0.0
17;49;6;0.0
17;49;7;0.0
17;49;8;0.0
18;49;1;0.0
18;49;2;0.0
18;49;3;0.0
18;49;4;0.0
18;49;5;0.0
18;49;6;0.0
18;49;7;0.0
18;49;8;0.0
19;49;1;0.0
19;49;2;0.0
19;49;3;0.0
19;49;4;0.0
19;49;5;0.0
19;49;6;0.0
19;49;7;0.0
19;49;8;0.0
20;49;1;0.0
20;49;2;0.0
20;49;3;0.0
20;49;4;0.0
20;49;5;0.0
20;49;6;0.0
20;49;7;0.0
20;49;8;0.0
21;49;1;0.0
21;49;2;0.0
21;49;3;0.0
21;49;4;-0.9999999990073489
21;49;5;0.0
21;49;6;0.0
21;49;7;0.0
21;49;8;0.0
22;49;1;0.0
22;49;2;0.0
22;49;3;0.0
22;49;4;-9.488507757282605e-10
22;49;5;0.0
22;49;6;0.0
22;49;7;0.0
22;49;8;0.0
23;49;1;0.0
23;49;2;0.0
23;49;3;0.0
23;49;4;0.0
23;49;5;0.0
23;49;6;0.0
23;49;7;0.0
23;49;8;0.0
24;49;1;0.0
24;49;2;0.0
24;49;3;0.0
24;49;4;0.0
24;49;5;0.0
24;49;6;0.0
24;49;7;0.0
24;49;8;0.0
25;49;1;0.0
25;49;2;0.0
25;49;3;0.0
25;49;4;0.0
25;49;5;0.0
25;49;6;0.0
25;49;7;0.0
25;49;8;0.0
26;49;1;0.0
26;49;2;0.0
26;49;3;0.0
26;49;4;0.0
26;49;5;0.0
26;49;6;0.0
26;49;7;0.0
26;49;8;0.0
27;49;1;0.0
27;49;2;0.0
27;49;3;0.0
27;49;4;0.0
27;49;5;0.0
27;49;6;0.0
27;49;7;0.0
27;49;8;0.0
28;49;1;0.0
28;49;2;0.0
28;49;3;0.0
28;49;4;0.0
28;49;5;0.0
28;49;6;0.0
28;49;7;0.0
28;49;8;0.0
29;49;1;0.0
29;49;2;0.0
29;49;3;0.0
29;49;4;0.0
29;49;5;0.0
29;49;6;0.0
29;49;7;0.0
29;49;8;0.0
30;49;1;0.0
30;49;2;0.0
30;49;3;0.0
30;49;4;0.0
30;49;5;0.0
30;49;6;0.0
30;49;7;0.0
30;49;8;0.0
31;49;1;0.0
31;49;2;0.0
31;49;3;0.0
31;49;4;0.0
31;49;5;0.0
31;49;6;0.0
31;49;7;0.0
31;49;8;0.0
32;49;1;0.0
32;49;2;0.0
32;49;3;0.0
32;49;4;0.0
32;49;5;0.0
32;49;6;0.0
32;49;7;0.0
32;49;8;0.0
33;49;1;0.0
33;49;2;0.0
33;49;3;0.0
33;49;4;0.0
33;49;5;0.0
33;49;6;0.0
33;49;7;0.0
33;49;8;0.0
34;49;1;0.0
34;49;2;0.0
34;49;3;0.0
34;49;4;0.0
34;49;5;0.0
34;49;6;0.0
34;49;7;0.0
34;49;8;0.0
35;49;1;0.0
35;49;2;0.0
35;49;3;0.0
35;49;4;0.0
35;49;5;0.0
35;49;6;0.0
35;49;7;0.0
35;49;8;0.0
36;49;1;0.0
36;49;2;0.0
36;49;3;0.0
36;49;4;0.0
36;49;5;0.0
36;49;6;0.0
36;49;7;0.0
36;49;8;0.0
37;49;1;0.0
37;49;2;0.0
37;49;3;0.0
37;49;4;0.0
37;49;5;0.0
37;49;6;0.0
37;49;7;0.0
37;49;8;0.0
38;49;1;0.0
38;49;2;0.0
38;49;3;0.0
38;49;4;0.0
38;49;5;0.0
38;49;6;0.0
38;49;7;0.0
38;49;8;0.0
39;49;1;0.0
39;49;2;0.0
39;49;3;0.0
39;49;4;0.0
39;49;5;0.0
39;49;6;0.0
39;49;7;0.0
39;49;8;0.0
40;49;1;0.0
40;49;2;0.0
40;49;3;0.0
40;49;4;0.0
40;49;5;0.0
40;49;6;0.0
40;49;7;0.0
40;49;8;0.0
41;49;1;0.0
41;49;2;0.0
41;49;3;0.0
41;49;4;0.0
41;49;5;0.0
41;49;6;0.0
41;49;7;0.0
41;49;8;0.0
42;49;1;0.0
42;49;2;0.0
42;49;3;0.0
42;49;4;0.0
42;49;5;0.0
42;49;6;0.0
42;49;7;0.0
42;49;8;0.0
43;49;1;0.0
43;49;2;0.0
43;49;3;0.0
43;49;4;0.0
43;49;5;0.0
43;49;6;0.0
43;49;7;0.0
43;49;8;0.0
44;49;1;0.0
44;49;2;0.0
44;49;3;0.0
44;49;4;0.0
44;49;5;0.0
44;49;6;0.0
44;49;7;0.0
44;49;8;0.0
45;49;1;0.0
45;49;2;0.0
45;49;3;0.0
45;49;4;0.0
45;49;5;0.0
45;49;6;0.0
45;49;7;0.0
45;49;8;0.0
46;49;1;0.0
46;49;2;0.0
46;49;3;0.0
46;49;4;0.0
46;49;5;0.0
46;49;6;0.0
46;49;7;0.0
46;49;8;0.0
47;49;1;0.0
47;49;2;0.0
47;49;3;0.0
47;49;4;-3.6146963283548684e-11
47;49;5;0.0
47;49;6;0.0
47;49;7;0.0
47;49;8;0.0
48;49;1;0.0
48;49;2;0.0
48;49;3;0.0
48;49;4;0.0
48;49;5;0.0
48;49;6;0.0
48;49;7;0.0
48;49;8;0.0
49;49;1;0.0
49;49;2;0.0
49;49;3;0.0
49;49;4;0.0
49;49;5;0.0
49;49;6;0.0
49;49;7;0.0
49;49;8;0.0
50;49;1;0.0
50;49;2;0.0
50;49;3;0.0
50;49;4;0.0
50;49;5;0.0
50;49;6;0.0
50;49;7;0.0
50;49;8;0.0
51;49;1;0.0
51;49;2;0.0
51;49;3;0.0
51;49;4;0.0
51;49;5;0.0
51;49;6;0.0
51;49;7;0.0
51;49;8;0.0
52;49;1;0.0
52;49;2;0.0
52;49;3;0.0
52;49;4;-1.2117532767494157e-13
52;49;5;0.0
52;49;6;0.0
52;49;7;0.0
52;49;8;0.0
53;49;1;0.0
53;49;2;0.0
53;49;3;0.0
53;49;4;0.0
53;49;5;0.0
53;49;6;0.0
53;49;7;0.0
53;49;8;0.0
54;49;1;0.0
54;49;2;0.0
54;49;3;0.0
54;49;4;-9.00694131082838e-15
54;49;5;0.0
54;49;6;0.0
54;49;7;0.0
54;49;8;0.0
55;49;1;0.0
55;49;2;0.0
55;49;3;0.0
55;49;4;0.0
55;49;5;0.0
55;49;6;0.0
55;49;7;0.0
55;49;8;0.0
56;49;1;0.0
56;49;2;0.0
56;49;3;0.0
56;49;4;0.0
56;49;5;0.0
56;49;6;0.0
56;49;7;0.0
56;49;8;0.0
57;49;1;0.0
57;49;2;0.0
57;49;3;0.0
57;49;4;0.0
57;49;5;0.0
57;49;6;0.0
57;49;7;0.0
57;49;8;0.0
58;49;1;0.0
58;49;2;0.0
58;49;3;0.0
58;49;4;0.0
58;49;5;0.0
58;49;6;0.0
58;49;7;0.0
58;49;8;0.0
59;49;1;0.0
59;49;2;0.0
59;49;3;0.0
59;49;4;0.0
59;49;5;0.0
59;49;6;0.0
59;49;7;0.0
59;49;8;0.0
1;50;1;0.0
1;50;2;0.0
1;50;3;0.0
1;50;4;0.0
1;50;5;0.0
1;50;6;0.0
1;50;7;0.0
1;50;8;0.0
2;50;1;0.0
2;50;2;0.0
2;50;3;0.0
2;50;4;0.0
2;50;5;0.0
2;50;6;0.0
2;50;7;0.0
2;50;8;0.0
3;50;1;0.0
3;50;2;0.0
3;50;3;0.0
3;50;4;0.0
3;50;5;0.0
3;50;6;0.0
3;50;7;0.0
3;50;8;0.0
4;50;1;0.0
4;50;2;0.0
4;50;3;0.0
4;50;4;0.0
4;50;5;0.0
4;50;6;0.0
4;50;7;0.0
4;50;8;0.0
5;50;1;0.0
5;50;2;0.0
5;50;3;0.0
5;50;4;0.0
5;50;5;0.0
5;50;6;0.0
5;50;7;0.0
5;50;8;0.0
6;50;1;0.0
6;50;2;0.0
6;50;3;0.0
6;50;4;0.0
6;50;5;0.0
6;50;6;0.0
6;50;7;0.0
6;50;8;0.0
7;50;1;0.0
7;50;2;0.0
7;50;3;0.0
7;50;4;0.0
7;50;5;0.0
7;50;6;0.0
7;50;7;0.0
7;50;8;0.0
8;50;1;0.0
8;50;2;0.0
8;50;3;0.0
8;50;4;0.0
8;50;5;0.0
8;50;6;0.0
8;50;7;0.0
8;50;8;0.0
9;50;1;0.0
9;50;2;0.0
9;50;3;0.0
9;50;4;0.0
9;50;5;0.0
9;50;6;0.0
9;50;7;0.0
9;50;8;0.0
10;50;1;0.0
10;50;2;0.0
10;50;3;0.0
10;50;4;0.0
10;50;5;0.0
10;50;6;0.0
10;50;7;0.0
10;50;8;0.0
11;50;1;0.0
11;50;2;0.0
11;50;3;0.0
11;50;4;0.0
11;50;5;0.0
11;50;6;0.0
11;50;7;0.0
11;50;8;0.0
12;50;1;0.0
12;50;2;0.0
12;50;3;0.0
12;50;4;0.0
12;50;5;0.0
12;50;6;0.0
12;50;7;0.0
12;50;8;0.0
13;50;1;0.0
13;50;2;0.0
13;50;3;0.0
13;50;4;0.0
13;50;5;0.0
13;50;6;0.0
13;50;7;0.0
13;50;8;0.0
14;50;1;0.0
14;50;2;0.0
14;50;3;0.0
14;50;4;0.0
14;50;5;0.0
14;50;6;0.0
14;50;7;0.0
14;50;8;0.0
15;50;1;0.0
15;50;2;0.0
15;50;3;0.0
15;50;4;0.0
15;50;5;0.0
15;50;6;0.0
15;50;7;0.0
15;50;8;0.0
16;50;1;0.0
16;50;2;0.0
16;50;3;0.0
16;50;4;0.0
16;50;5;0.0
16;50;6;0.0
16;50;7;0.0
16;50;8;0.0
17;50;1;0.0
17;50;2;0.0
17;50;3;0.0
17;50;4;-8.960477774165752e-12
17;50;5;0.0
17;50;6;0.0
17;50;7;0.0
17;50;8;0.0
18;50;1;0.0
18;50;2;0.0
18;50;3;0.0
18;50;4;0.0
18;50;5;0.0
18;50;6;0.0
18;50;7;0.0
18;50;8;0.0
19;50;1;0.0
19;50;2;0.0
19;50;3;0.0
19;50;4;0.0
19;50;5;0.0
19;50;6;0.0
19;50;7;0.0
19;50;8;0.0
20;50;1;0.0
20;50;2;0.0
20;50;3;0.0
20;50;4;0.0
20;50;5;0.0
20;50;6;0.0
20;50;7;0.0
20;50;8;0.0
21;50;1;0.0
21;50;2;0.0
21;50;3;0.0
21;50;4;-0.9999999991573327
21;50;5;0.0
21;50;6;0.0
21;50;7;0.0
21;50;8;0.0
22;50;1;-1.9673860990772888e-17
22;50;2;-1.9673860990772888e-17
22;50;3;0.0
22;50;4;-8.088942848871739e-10
22;50;5;-1.9673860990772888e-17
22;50;6;-1.9673860990772888e-17
22;50;7;-1.9673860990772888e-17
22;50;8;-1.9673860990772888e-17
23;50;1;0.0
23;50;2;0.0
23;50;3;0.0
23;50;4;0.0
23;50;5;0.0
23;50;6;0.0
23;50;7;0.0
23;50;8;0.0
24;50;1;0.0
24;50;2;0.0
24;50;3;0.0
24;50;4;0.0
24;50;5;0.0
24;50;6;0.0
24;50;7;0.0
24;50;8;0.0
25;50;1;0.0
25;50;2;0.0
25;50;3;0.0
25;50;4;0.0
25;50;5;0.0
25;50;6;0.0
25;50;7;0.0
25;50;8;0.0
26;50;1;0.0
26;50;2;0.0
26;50;3;0.0
26;50;4;0.0
26;50;5;0.0
26;50;6;0.0
26;50;7;0.0
26;50;8;0.0
27;50;1;0.0
27;50;2;0.0
27;50;3;0.0
27;50;4;0.0
27;50;5;0.0
27;50;6;0.0
27;50;7;0.0
27;50;8;0.0
28;50;1;0.0
28;50;2;0.0
28;50;3;0.0
28;50;4;0.0
28;50;5;0.0
28;50;6;0.0
28;50;7;0.0
28;50;8;0.0
29;50;1;0.0
29;50;2;0.0
29;50;3;0.0
29;50;4;0.0
29;50;5;0.0
29;50;6;0.0
29;50;7;0.0
29;50;8;0.0
30;50;1;0.0
30;50;2;0.0
30;50;3;0.0
30;50;4;0.0
30;50;5;0.0
30;50;6;0.0
30;50;7;0.0
30;50;8;0.0
31;50;1;0.0
31;50;2;0.0
31;50;3;0.0
31;50;4;0.0
31;50;5;0.0
31;50;6;0.0
31;50;7;0.0
31;50;8;0.0
32;50;1;0.0
32;50;2;0.0
32;50;3;0.0
32;50;4;0.0
32;50;5;0.0
32;50;6;0.0
32;50;7;0.0
32;50;8;0.0
33;50;1;0.0
33;50;2;0.0
33;50;3;0.0
33;50;4;0.0
33;50;5;0.0
33;50;6;0.0
33;50;7;0.0
33;50;8;0.0
34;50;1;0.0
34;50;2;0.0
34;50;3;0.0
34;50;4;0.0
34;50;5;0.0
34;50;6;0.0
34;50;7;0.0
34;50;8;0.0
35;50;1;0.0
35;50;2;0.0
35;50;3;0.0
35;50;4;0.0
35;50;5;0.0
35;50;6;0.0
35;50;7;0.0
35;50;8;0.0
36;50;1;0.0
36;50;2;0.0
36;50;3;0.0
36;50;4;0.0
36;50;5;0.0
36;50;6;0.0
36;50;7;0.0
36;50;8;0.0
37;50;1;0.0
37;50;2;0.0
37;50;3;0.0
37;50;4;0.0
37;50;5;0.0
37;50;6;0.0
37;50;7;0.0
37;50;8;0.0
38;50;1;0.0
38;50;2;0.0
38;50;3;0.0
38;50;4;0.0
38;50;5;0.0
38;50;6;0.0
38;50;7;0.0
38;50;8;0.0
39;50;1;0.0
39;50;2;0.0
39;50;3;0.0
39;50;4;0.0
39;50;5;0.0
39;50;6;0.0
39;50;7;0.0
39;50;8;0.0
40;50;1;0.0
40;50;2;0.0
40;50;3;0.0
40;50;4;0.0
40;50;5;0.0
40;50;6;0.0
40;50;7;0.0
40;50;8;0.0
41;50;1;0.0
41;50;2;0.0
41;50;3;0.0
41;50;4;0.0
41;50;5;0.0
41;50;6;0.0
41;50;7;0.0
41;50;8;0.0
42;50;1;0.0
42;50;2;0.0
42;50;3;0.0
42;50;4;0.0
42;50;5;0.0
42;50;6;0.0
42;50;7;0.0
42;50;8;0.0
43;50;1;0.0
43;50;2;0.0
43;50;3;0.0
43;50;4;0.0
43;50;5;0.0
43;50;6;0.0
43;50;7;0.0
43;50;8;0.0
44;50;1;0.0
44;50;2;0.0
44;50;3;0.0
44;50;4;0.0
44;50;5;0.0
44;50;6;0.0
44;50;7;0.0
44;50;8;0.0
45;50;1;0.0
45;50;2;0.0
45;50;3;0.0
45;50;4;0.0
45;50;5;0.0
45;50;6;0.0
45;50;7;0.0
45;50;8;0.0
46;50;1;0.0
46;50;2;0.0
46;50;3;0.0
46;50;4;0.0
46;50;5;0.0
46;50;6;0.0
46;50;7;0.0
46;50;8;0.0
47;50;1;0.0
47;50;2;0.0
47;50;3;0.0
47;50;4;-2.4803246021131758e-11
47;50;5;0.0
47;50;6;0.0
47;50;7;0.0
47;50;8;0.0
48;50;1;0.0
48;50;2;0.0
48;50;3;0.0
48;50;4;0.0
48;50;5;0.0
48;50;6;0.0
48;50;7;0.0
48;50;8;0.0
49;50;1;0.0
49;50;2;0.0
49;50;3;0.0
49;50;4;0.0
49;50;5;0.0
49;50;6;0.0
49;50;7;0.0
49;50;8;0.0
50;50;1;0.0
50;50;2;0.0
50;50;3;0.0
50;50;4;0.0
50;50;5;0.0
50;50;6;0.0
50;50;7;0.0
50;50;8;0.0
51;50;1;0.0
51;50;2;0.0
51;50;3;0.0
51;50;4;0.0
51;50;5;0.0
51;50;6;0.0
51;50;7;0.0
51;50;8;0.0
52;50;1;0.0
52;50;2;0.0
52;50;3;0.0
52;50;4;-2.5897799135335083e-13
52;50;5;0.0
52;50;6;0.0
52;50;7;0.0
52;50;8;0.0
53;50;1;0.0
53;50;2;0.0
53;50;3;0.0
53;50;4;0.0
53;50;5;0.0
53;50;6;0.0
53;50;7;0.0
53;50;8;0.0
54;50;1;0.0
54;50;2;0.0
54;50;3;0.0
54;50;4;-8.421404967777036e-15
54;50;5;0.0
54;50;6;0.0
54;50;7;0.0
54;50;8;0.0
55;50;1;0.0
55;50;2;0.0
55;50;3;0.0
55;50;4;0.0
55;50;5;0.0
55;50;6;0.0
55;50;7;0.0
55;50;8;0.0
56;50;1;0.0
56;50;2;0.0
56;50;3;0.0
56;50;4;0.0
56;50;5;0.0
56;50;6;0.0
56;50;7;0.0
56;50;8;0.0
57;50;1;0.0
57;50;2;0.0
57;50;3;0.0
57;50;4;0.0
57;50;5;0.0
57;50;6;0.0
57;50;7;0.0
57;50;8;0.0
58;50;1;0.0
58;50;2;0.0
58;50;3;0.0
58;50;4;0.0
58;50;5;0.0
58;50;6;0.0
58;50;7;0.0
58;50;8;0.0
59;50;1;0.0
59;50;2;0.0
59;50;3;0.0
59;50;4;0.0
59;50;5;0.0
59;50;6;0.0
59;50;7;0.0
59;50;8;0.0
1;51;1;0.0
1;51;2;0.0
1;51;3;0.0
1;51;4;0.0
1;51;5;0.0
1;51;6;0.0
1;51;7;0.0
1;51;8;0.0
2;51;1;0.0
2;51;2;0.0
2;51;3;0.0
2;51;4;0.0
2;51;5;0.0
2;51;6;0.0
2;51;7;0.0
2;51;8;0.0
3;51;1;0.0
3;51;2;0.0
3;51;3;0.0
3;51;4;0.0
3;51;5;0.0
3;51;6;0.0
3;51;7;0.0
3;51;8;0.0
4;51;1;0.0
4;51;2;0.0
4;51;3;0.0
4;51;4;0.0
4;51;5;0.0
4;51;6;0.0
4;51;7;0.0
4;51;8;0.0
5;51;1;0.0
5;51;2;0.0
5;51;3;0.0
5;51;4;0.0
5;51;5;0.0
5;51;6;0.0
5;51;7;0.0
5;51;8;0.0
6;51;1;0.0
6;51;2;0.0
6;51;3;0.0
6;51;4;0.0
6;51;5;0.0
6;51;6;0.0
6;51;7;0.0
6;51;8;0.0
7;51;1;0.0
7;51;2;0.0
7;51;3;0.0
7;51;4;0.0
7;51;5;0.0
7;51;6;0.0
7;51;7;0.0
7;51;8;0.0
8;51;1;0.0
8;51;2;0.0
8;51;3;0.0
8;51;4;0.0
8;51;5;0.0
8;51;6;0.0
8;51;7;0.0
8;51;8;0.0
9;51;1;0.0
9;51;2;0.0
9;51;3;0.0
9;51;4;0.0
9;51;5;0.0
9;51;6;0.0
9;51;7;0.0
9;51;8;0.0
10;51;1;0.0
10;51;2;0.0
10;51;3;0.0
10;51;4;0.0
10;51;5;0.0
10;51;6;0.0
10;51;7;0.0
10;51;8;0.0
11;51;1;0.0
11;51;2;0.0
11;51;3;0.0
11;51;4;0.0
11;51;5;0.0
11;51;6;0.0
11;51;7;0.0
11;51;8;0.0
12;51;1;0.0
12;51;2;0.0
12;51;3;0.0
12;51;4;0.0
12;51;5;0.0
12;51;6;0.0
12;51;7;0.0
12;51;8;0.0
13;51;1;0.0
13;51;2;0.0
13;51;3;0.0
13;51;4;0.0
13;51;5;0.0
13;51;6;0.0
13;51;7;0.0
13;51;8;0.0
14;51;1;0.0
14;51;2;0.0
14;51;3;0.0
14;51;4;0.0
14;51;5;0.0
14;51;6;0.0
14;51;7;0.0
14;51;8;0.0
15;51;1;0.0
15;51;2;0.0
15;51;3;0.0
15;51;4;0.0
15;51;5;0.0
15;51;6;0.0
15;51;7;0.0
15;51;8;0.0
16;51;1;0.0
16;51;2;0.0
16;51;3;0.0
16;51;4;0.0
16;51;5;0.0
16;51;6;0.0
16;51;7;0.0
16;51;8;0.0
17;51;1;-9.784402461352451e-18
17;51;2;-9.784402461352451e-18
17;51;3;-3.6260143846334604e-17
17;51;4;-8.055690087254839e-12
17;51;5;-9.784402461352451e-18
17;51;6;-9.784402461352451e-18
17;51;7;-9.784402461352451e-18
17;51;8;-9.784402461352451e-18
18;51;1;0.0
18;51;2;0.0
18;51;3;0.0
18;51;4;0.0
18;51;5;0.0
18;51;6;0.0
18;51;7;0.0
18;51;8;0.0
19;51;1;0.0
19;51;2;0.0
19;51;3;0.0
19;51;4;0.0
19;51;5;0.0
19;51;6;0.0
19;51;7;0.0
19;51;8;0.0
20;51;1;0.0
20;51;2;0.0
20;51;3;-2.6894717072964613e-17
20;51;4;0.0
20;51;5;0.0
20;51;6;0.0
20;51;7;0.0
20;51;8;0.0
21;51;1;-1.1438970620735154e-17
21;51;2;-1.1438970620735154e-17
21;51;3;-3.488460269104934e-17
21;51;4;-0.9999999989975005
21;51;5;-1.1438970620735154e-17
21;51;6;-1.1438970620735154e-17
21;51;7;-1.1438970620735154e-17
21;51;8;-1.1438970620735154e-17
22;51;1;-2.5666018503658863e-17
22;51;2;-2.5666018503658863e-17
22;51;3;-9.110315594705953e-17
22;51;4;-9.793934552249084e-10
22;51;5;-2.5666018503658863e-17
22;51;6;-2.5666018503658863e-17
22;51;7;-2.5666018503658863e-17
22;51;8;-2.5666018503658863e-17
23;51;1;0.0
23;51;2;0.0
23;51;3;0.0
23;51;4;0.0
23;51;5;0.0
23;51;6;0.0
23;51;7;0.0
23;51;8;0.0
24;51;1;0.0
24;51;2;0.0
24;51;3;0.0
24;51;4;0.0
24;51;5;0.0
24;51;6;0.0
24;51;7;0.0
24;51;8;0.0
25;51;1;0.0
25;51;2;0.0
25;51;3;0.0
25;51;4;0.0
25;51;5;0.0
25;51;6;0.0
25;51;7;0.0
25;51;8;0.0
26;51;1;0.0
26;51;2;0.0
26;51;3;0.0
26;51;4;0.0
26;51;5;0.0
26;51;6;0.0
26;51;7;0.0
26;51;8;0.0
27;51;1;0.0
27;51;2;0.0
27;51;3;0.0
27;51;4;0.0
27;51;5;0.0
27;51;6;0.0
27;51;7;0.0
27;51;8;0.0
28;51;1;0.0
28;51;2;0.0
28;51;3;0.0
28;51;4;0.0
28;51;5;0.0
28;51;6;0.0
28;51;7;0.0
28;51;8;0.0
29;51;1;0.0
29;51;2;0.0
29;51;3;0.0
29;51;4;0.0
29;51;5;0.0
29;51;6;0.0
29;51;7;0.0
29;51;8;0.0
30;51;1;0.0
30;51;2;0.0
30;51;3;0.0
30;51;4;0.0
30;51;5;0.0
30;51;6;0.0
30;51;7;0.0
30;51;8;0.0
31;51;1;0.0
31;51;2;0.0
31;51;3;0.0
31;51;4;0.0
31;51;5;0.0
31;51;6;0.0
31;51;7;0.0
31;51;8;0.0
32;51;1;0.0
32;51;2;0.0
32;51;3;0.0
32;51;4;0.0
32;51;5;0.0
32;51;6;0.0
32;51;7;0.0
32;51;8;0.0
33;51;1;0.0
33;51;2;0.0
33;51;3;0.0
33;51;4;0.0
33;51;5;0.0
33;51;6;0.0
33;51;7;0.0
33;51;8;0.0
34;51;1;0.0
34;51;2;0.0
34;51;3;0.0
34;51;4;0.0
34;51;5;0.0
34;51;6;0.0
34;51;7;0.0
34;51;8;0.0
35;51;1;0.0
35;51;2;0.0
35;51;3;0.0
35;51;4;0.0
35;51;5;0.0
35;51;6;0.0
35;51;7;0.0
35;51;8;0.0
36;51;1;0.0
36;51;2;0.0
36;51;3;0.0
36;51;4;0.0
36;51;5;0.0
36;51;6;0.0
36;51;7;0.0
36;51;8;0.0
37;51;1;0.0
37;51;2;0.0
37;51;3;0.0
37;51;4;0.0
37;51;5;0.0
37;51;6;0.0
37;51;7;0.0
37;51;8;0.0
38;51;1;0.0
38;51;2;0.0
38;51;3;0.0
38;51;4;0.0
38;51;5;0.0
38;51;6;0.0
38;51;7;0.0
38;51;8;0.0
39;51;1;0.0
39;51;2;0.0
39;51;3;0.0
39;51;4;0.0
39;51;5;0.0
39;51;6;0.0
39;51;7;0.0
39;51;8;0.0
40;51;1;0.0
40;51;2;0.0
40;51;3;0.0
40;51;4;0.0
40;51;5;0.0
40;51;6;0.0
40;51;7;0.0
40;51;8;0.0
41;51;1;0.0
41;51;2;0.0
41;51;3;0.0
41;51;4;0.0
41;51;5;0.0
41;51;6;0.0
41;51;7;0.0
41;51;8;0.0
42;51;1;0.0
42;51;2;0.0
42;51;3;0.0
42;51;4;0.0
42;51;5;0.0
42;51;6;0.0
42;51;7;0.0
42;51;8;0.0
43;51;1;0.0
43;51;2;0.0
43;51;3;0.0
43;51;4;0.0
43;51;5;0.0
43;51;6;0.0
43;51;7;0.0
43;51;8;0.0
44;51;1;0.0
44;51;2;0.0
44;51;3;0.0
44;51;4;0.0
44;51;5;0.0
44;51;6;0.0
44;51;7;0.0
44;51;8;0.0
45;51;1;0.0
45;51;2;0.0
45;51;3;0.0
45;51;4;0.0
45;51;5;0.0
45;51;6;0.0
45;51;7;0.0
45;51;8;0.0
46;51;1;0.0
46;51;2;0.0
46;51;3;0.0
46;51;4;0.0
46;51;5;0.0
46;51;6;0.0
46;51;7;0.0
46;51;8;0.0
47;51;1;-1.780529200884874e-17
47;51;2;-1.780529200884874e-17
47;51;3;-8.35094599333765e-17
47;51;4;-1.4544734632334279e-11
47;51;5;-1.780529200884874e-17
47;51;6;-1.780529200884874e-17
47;51;7;-1.780529200884874e-17
47;51;8;-1.780529200884874e-17
48;51;1;0.0
48;51;2;0.0
48;51;3;0.0
48;51;4;0.0
48;51;5;0.0
48;51;6;0.0
48;51;7;0.0
48;51;8;0.0
49;51;1;0.0
49;51;2;0.0
49;51;3;0.0
49;51;4;0.0
49;51;5;0.0
49;51;6;0.0
49;51;7;0.0
49;51;8;0.0
50;51;1;0.0
50;51;2;0.0
50;51;3;0.0
50;51;4;0.0
50;51;5;0.0
50;51;6;0.0
50;51;7;0.0
50;51;8;0.0
51;51;1;0.0
51;51;2;0.0
51;51;3;0.0
51;51;4;0.0
51;51;5;0.0
51;51;6;0.0
51;51;7;0.0
51;51;8;0.0
52;51;1;0.0
52;51;2;0.0
52;51;3;0.0
52;51;4;-2.613800162322848e-13
52;51;5;0.0
52;51;6;0.0
52;51;7;0.0
52;51;8;0.0
53;51;1;0.0
53;51;2;0.0
53;51;3;0.0
53;51;4;0.0
53;51;5;0.0
53;51;6;0.0
53;51;7;0.0
53;51;8;0.0
54;51;1;0.0
54;51;2;0.0
54;51;3;0.0
54;51;4;-7.957451245996172e-15
54;51;5;0.0
54;51;6;0.0
54;51;7;0.0
54;51;8;0.0
55;51;1;0.0
55;51;2;0.0
55;51;3;0.0
55;51;4;0.0
55;51;5;0.0
55;51;6;0.0
55;51;7;0.0
55;51;8;0.0
56;51;1;0.0
56;51;2;0.0
56;51;3;0.0
56;51;4;0.0
56;51;5;0.0
56;51;6;0.0
56;51;7;0.0
56;51;8;0.0
57;51;1;0.0
57;51;2;0.0
57;51;3;0.0
57;51;4;0.0
57;51;5;0.0
57;51;6;0.0
57;51;7;0.0
57;51;8;0.0
58;51;1;0.0
58;51;2;0.0
58;51;3;0.0
58;51;4;0.0
58;51;5;0.0
58;51;6;0.0
58;51;7;0.0
58;51;8;0.0
59;51;1;0.0
59;51;2;0.0
59;51;3;0.0
59;51;4;0.0
59;51;5;0.0
59;51;6;0.0
59;51;7;0.0
59;51;8;0.0
1;52;1;0.0
1;52;2;0.0
1;52;3;0.0
1;52;4;0.0
1;52;5;0.0
1;52;6;0.0
1;52;7;0.0
1;52;8;0.0
2;52;1;0.0
2;52;2;0.0
2;52;3;0.0
2;52;4;0.0
2;52;5;0.0
2;52;6;0.0
2;52;7;0.0
2;52;8;0.0
3;52;1;0.0
3;52;2;0.0
3;52;3;0.0
3;52;4;0.0
3;52;5;0.0
3;52;6;0.0
3;52;7;0.0
3;52;8;0.0
4;52;1;0.0
4;52;2;0.0
4;52;3;0.0
4;52;4;0.0
4;52;5;0.0
4;52;6;0.0
4;52;7;0.0
4;52;8;0.0
5;52;1;0.0
5;52;2;0.0
5;52;3;0.0
5;52;4;0.0
5;52;5;0.0
5;52;6;0.0
5;52;7;0.0
5;52;8;0.0
6;52;1;0.0
6;52;2;0.0
6;52;3;0.0
6;52;4;0.0
6;52;5;0.0
6;52;6;0.0
6;52;7;0.0
6;52;8;0.0
7;52;1;0.0
7;52;2;0.0
7;52;3;0.0
7;52;4;0.0
7;52;5;0.0
7;52;6;0.0
7;52;7;0.0
7;52;8;0.0
8;52;1;0.0
8;52;2;0.0
8;52;3;0.0
8;52;4;0.0
8;52;5;0.0
8;52;6;0.0
8;52;7;0.0
8;52;8;0.0
9;52;1;0.0
9;52;2;0.0
9;52;3;0.0
9;52;4;0.0
9;52;5;0.0
9;52;6;0.0
9;52;7;0.0
9;52;8;0.0
10;52;1;0.0
10;52;2;0.0
10;52;3;0.0
10;52;4;0.0
10;52;5;0.0
10;52;6;0.0
10;52;7;0.0
10;52;8;0.0
11;52;1;0.0
11;52;2;0.0
11;52;3;0.0
11;52;4;0.0
11;52;5;0.0
11;52;6;0.0
11;52;7;0.0
11;52;8;0.0
12;52;1;0.0
12;52;2;0.0
12;52;3;0.0
12;52;4;0.0
12;52;5;0.0
12;52;6;0.0
12;52;7;0.0
12;52;8;0.0
13;52;1;0.0
13;52;2;0.0
13;52;3;0.0
13;52;4;0.0
13;52;5;0.0
13;52;6;0.0
13;52;7;0.0
13;52;8;0.0
14;52;1;0.0
14;52;2;0.0
14;52;3;0.0
14;52;4;0.0
14;52;5;0.0
14;52;6;0.0
14;52;7;0.0
14;52;8;0.0
15;52;1;0.0
15;52;2;0.0
15;52;3;0.0
15;52;4;0.0
15;52;5;0.0
15;52;6;0.0
15;52;7;0.0
15;52;8;0.0
16;52;1;0.0
16;52;2;0.0
16;52;3;0.0
16;52;4;0.0
16;52;5;0.0
16;52;6;0.0
16;52;7;0.0
16;52;8;0.0
17;52;1;-1.1755771274290398e-17
17;52;2;-1.1755771274290398e-17
17;52;3;-4.5817280650733845e-17
17;52;4;-8.057963906431665e-12
17;52;5;-1.1755771274290398e-17
17;52;6;-1.1755771274290398e-17
17;52;7;-1.1755771274290398e-17
17;52;8;-1.1755771274290398e-17
18;52;1;0.0
18;52;2;0.0
18;52;3;0.0
18;52;4;0.0
18;52;5;0.0
18;52;6;0.0
18;52;7;0.0
18;52;8;0.0
19;52;1;0.0
19;52;2;0.0
19;52;3;0.0
19;52;4;0.0
19;52;5;0.0
19;52;6;0.0
19;52;7;0.0
19;52;8;0.0
20;52;1;0.0
20;52;2;0.0
20;52;3;-3.28286978629565e-17
20;52;4;0.0
20;52;5;0.0
20;52;6;0.0
20;52;7;0.0
20;52;8;0.0
21;52;1;-1.289040019053991e-17
21;52;2;-1.289040019053991e-17
21;52;3;-4.5746330831634e-17
21;52;4;-0.9999999988239171
21;52;5;-1.289040019053991e-17
21;52;6;-1.289040019053991e-17
21;52;7;-1.289040019053991e-17
21;52;8;-1.289040019053991e-17
22;52;1;-3.128613184095648e-17
22;52;2;-3.128613184095648e-17
22;52;3;-1.2682472449504214e-16
22;52;4;-1.1551835044087966e-09
22;52;5;-3.128613184095648e-17
22;52;6;-3.128613184095648e-17
22;52;7;-3.128613184095648e-17
22;52;8;-3.128613184095648e-17
23;52;1;0.0
23;52;2;0.0
23;52;3;0.0
23;52;4;0.0
23;52;5;0.0
23;52;6;0.0
23;52;7;0.0
23;52;8;0.0
24;52;1;0.0
24;52;2;0.0
24;52;3;0.0
24;52;4;0.0
24;52;5;0.0
24;52;6;0.0
24;52;7;0.0
24;52;8;0.0
25;52;1;0.0
25;52;2;0.0
25;52;3;0.0
25;52;4;0.0
25;52;5;0.0
25;52;6;0.0
25;52;7;0.0
25;52;8;0.0
26;52;1;0.0
26;52;2;0.0
26;52;3;0.0
26;52;4;0.0
26;52;5;0.0
26;52;6;0.0
26;52;7;0.0
26;52;8;0.0
27;52;1;0.0
27;52;2;0.0
27;52;3;0.0
27;52;4;0.0
27;52;5;0.0
27;52;6;0.0
27;52;7;0.0
27;52;8;0.0
28;52;1;0.0
28;52;2;0.0
28;52;3;0.0
28;52;4;0.0
28;52;5;0.0
28;52;6;0.0
28;52;7;0.0
28;52;8;0.0
29;52;1;0.0
29;52;2;0.0
29;52;3;0.0
29;52;4;0.0
29;52;5;0.0
29;52;6;0.0
29;52;7;0.0
29;52;8;0.0
30;52;1;0.0
30;52;2;0.0
30;52;3;0.0
30;52;4;0.0
30;52;5;0.0
30;52;6;0.0
30;52;7;0.0
30;52;8;0.0
31;52;1;0.0
31;52;2;0.0
31;52;3;0.0
31;52;4;0.0
31;52;5;0.0
31;52;6;0.0
31;52;7;0.0
31;52;8;0.0
32;52;1;0.0
32;52;2;0.0
32;52;3;0.0
32;52;4;0.0
32;52;5;0.0
32;52;6;0.0
32;52;7;0.0
32;52;8;0.0
33;52;1;0.0
33;52;2;0.0
33;52;3;0.0
33;52;4;0.0
33;52;5;0.0
33;52;6;0.0
33;52;7;0.0
33;52;8;0.0
34;52;1;0.0
34;52;2;0.0
34;52;3;0.0
34;52;4;0.0
34;52;5;0.0
34;52;6;0.0
34;52;7;0.0
34;52;8;0.0
35;52;1;0.0
35;52;2;0.0
35;52;3;0.0
35;52;4;0.0
35;52;5;0.0
35;52;6;0.0
35;52;7;0.0
35;52;8;0.0
36;52;1;0.0
36;52;2;0.0
36;52;3;0.0
36;52;4;0.0
36;52;5;0.0
36;52;6;0.0
36;52;7;0.0
36;52;8;0.0
37;52;1;0.0
37;52;2;0.0
37;52;3;0.0
37;52;4;0.0
37;52;5;0.0
37;52;6;0.0
37;52;7;0.0
37;52;8;0.0
38;52;1;0.0
38;52;2;0.0
38;52;3;0.0
38;52;4;0.0
38;52;5;0.0
38;52;6;0.0
38;52;7;0.0
38;52;8;0.0
39;52;1;0.0
39;52;2;0.0
39;52;3;0.0
39;52;4;0.0
39;52;5;0.0
39;52;6;0.0
39;52;7;0.0
39;52;8;0.0
40;52;1;0.0
40;52;2;0.0
40;52;3;0.0
40;52;4;0.0
40;52;5;0.0
40;52;6;0.0
40;52;7;0.0
40;52;8;0.0
41;52;1;0.0
41;52;2;0.0
41;52;3;0.0
41;52;4;0.0
41;52;5;0.0
41;52;6;0.0
41;52;7;0.0
41;52;8;0.0
42;52;1;0.0
42;52;2;0.0
42;52;3;0.0
42;52;4;0.0
42;52;5;0.0
42;52;6;0.0
42;52;7;0.0
42;52;8;0.0
43;52;1;0.0
43;52;2;0.0
43;52;3;0.0
43;52;4;0.0
43;52;5;0.0
43;52;6;0.0
43;52;7;0.0
43;52;8;0.0
44;52;1;0.0
44;52;2;0.0
44;52;3;0.0
44;52;4;0.0
44;52;5;0.0
44;52;6;0.0
44;52;7;0.0
44;52;8;0.0
45;52;1;0.0
45;52;2;0.0
45;52;3;0.0
45;52;4;0.0
45;52;5;0.0
45;52;6;0.0
45;52;7;0.0
45;52;8;0.0
46;52;1;0.0
46;52;2;0.0
46;52;3;0.0
46;52;4;0.0
46;52;5;0.0
46;52;6;0.0
46;52;7;0.0
46;52;8;0.0
47;52;1;-2.3220205294572863e-17
47;52;2;-2.3220205294572863e-17
47;52;3;-1.1001816335445952e-16
47;52;4;-1.4070955063183724e-11
47;52;5;-2.3220205294572863e-17
47;52;6;-2.3220205294572863e-17
47;52;7;-2.3220205294572863e-17
47;52;8;-2.3220205294572863e-17
48;52;1;0.0
48;52;2;0.0
48;52;3;0.0
48;52;4;0.0
48;52;5;0.0
48;52;6;0.0
48;52;7;0.0
48;52;8;0.0
49;52;1;0.0
49;52;2;0.0
49;52;3;0.0
49;52;4;0.0
49;52;5;0.0
49;52;6;0.0
49;52;7;0.0
49;52;8;0.0
50;52;1;0.0
50;52;2;0.0
50;52;3;0.0
50;52;4;0.0
50;52;5;0.0
50;52;6;0.0
50;52;7;0.0
50;52;8;0.0
51;52;1;0.0
51;52;2;0.0
51;52;3;0.0
51;52;4;0.0
51;52;5;0.0
51;52;6;0.0
51;52;7;0.0
51;52;8;0.0
52;52;1;0.0
52;52;2;0.0
52;52;3;0.0
52;52;4;-2.634515570047768e-13
52;52;5;0.0
52;52;6;0.0
52;52;7;0.0
52;52;8;0.0
53;52;1;0.0
53;52;2;0.0
53;52;3;0.0
53;52;4;0.0
53;52;5;0.0
53;52;6;0.0
53;52;7;0.0
53;52;8;0.0
54;52;1;0.0
54;52;2;0.0
54;52;3;0.0
54;52;4;-8.898772185967293e-15
54;52;5;0.0
54;52;6;0.0
54;52;7;0.0
54;52;8;0.0
55;52;1;0.0
55;52;2;0.0
55;52;3;0.0
55;52;4;0.0
55;52;5;0.0
55;52;6;0.0
55;52;7;0.0
55;52;8;0.0
56;52;1;0.0
56;52;2;0.0
56;52;3;0.0
56;52;4;0.0
56;52;5;0.0
56;52;6;0.0
56;52;7;0.0
56;52;8;0.0
57;52;1;0.0
57;52;2;0.0
57;52;3;0.0
57;52;4;0.0
57;52;5;0.0
57;52;6;0.0
57;52;7;0.0
57;52;8;0.0
58;52;1;0.0
58;52;2;0.0
58;52;3;0.0
58;52;4;0.0
58;52;5;0.0
58;52;6;0.0
58;52;7;0.0
58;52;8;0.0
59;52;1;0.0
59;52;2;0.0
59;52;3;0.0
59;52;4;0.0
59;52;5;0.0
59;52;6;0.0
59;52;7;0.0
59;52;8;0.0
1;53;1;0.0
1;53;2;0.0
1;53;3;0.0
1;53;4;0.0
1;53;5;0.0
1;53;6;0.0
1;53;7;0.0
1;53;8;0.0
2;53;1;0.0
2;53;2;0.0
2;53;3;0.0
2;53;4;0.0
2;53;5;0.0
2;53;6;0.0
2;53;7;0.0
2;53;8;0.0
3;53;1;0.0
3;53;2;0.0
3;53;3;0.0
3;53;4;0.0
3;53;5;0.0
3;53;6;0.0
3;53;7;0.0
3;53;8;0.0
4;53;1;0.0
4;53;2;0.0
4;53;3;0.0
4;53;4;0.0
4;53;5;0.0
4;53;6;0.0
4;53;7;0.0
4;53;8;0.0
5;53;1;0.0
5;53;2;0.0
5;53;3;0.0
5;53;4;0.0
5;53;5;0.0
5;53;6;0.0
5;53;7;0.0
5;53;8;0.0
6;53;1;0.0
6;53;2;0.0
6;53;3;0.0
6;53;4;0.0
6;53;5;0.0
6;53;6;0.0
6;53;7;0.0
6;53;8;0.0
7;53;1;0.0
7;53;2;0.0
7;53;3;0.0
7;53;4;0.0
7;53;5;0.0
7;53;6;0.0
7;53;7;0.0
7;53;8;0.0
8;53;1;0.0
8;53;2;0.0
8;53;3;0.0
8;53;4;0.0
8;53;5;0.0
8;53;6;0.0
8;53;7;0.0
8;53;8;0.0
9;53;1;0.0
9;53;2;0.0
9;53;3;0.0
9;53;4;0.0
9;53;5;0.0
9;53;6;0.0
9;53;7;0.0
9;53;8;0.0
10;53;1;0.0
10;53;2;0.0
10;53;3;0.0
10;53;4;0.0
10;53;5;0.0
10;53;6;0.0
10;53;7;0.0
10;53;8;0.0
11;53;1;0.0
11;53;2;0.0
11;53;3;0.0
11;53;4;0.0
11;53;5;0.0
11;53;6;0.0
11;53;7;0.0
11;53;8;0.0
12;53;1;0.0
12;53;2;0.0
12;53;3;0.0
12;53;4;0.0
12;53;5;0.0
12;53;6;0.0
12;53;7;0.0
12;53;8;0.0
13;53;1;0.0
13;53;2;0.0
13;53;3;0.0
13;53;4;0.0
13;53;5;0.0
13;53;6;0.0
13;53;7;0.0
13;53;8;0.0
14;53;1;0.0
14;53;2;0.0
14;53;3;0.0
14;53;4;0.0
14;53;5;0.0
14;53;6;0.0
14;53;7;0.0
14;53;8;0.0
15;53;1;0.0
15;53;2;0.0
15;53;3;0.0
15;53;4;0.0
15;53;5;0.0
15;53;6;0.0
15;53;7;0.0
15;53;8;0.0
16;53;1;0.0
16;53;2;0.0
16;53;3;0.0
16;53;4;0.0
16;53;5;0.0
16;53;6;0.0
16;53;7;0.0
16;53;8;0.0
17;53;1;-1.377180335440765e-17
17;53;2;-1.377180335440765e-17
17;53;3;-5.2802142677142265e-17
17;53;4;-5.695750590396362e-16
17;53;5;-1.377180335440765e-17
17;53;6;-1.377180335440765e-17
17;53;7;-1.377180335440765e-17
17;53;8;-1.377180335440765e-17
18;53;1;0.0
18;53;2;0.0
18;53;3;0.0
18;53;4;0.0
18;53;5;0.0
18;53;6;0.0
18;53;7;0.0
18;53;8;0.0
19;53;1;0.0
19;53;2;0.0
19;53;3;0.0
19;53;4;0.0
19;53;5;0.0
19;53;6;0.0
19;53;7;0.0
19;53;8;0.0
20;53;1;0.0
20;53;2;0.0
20;53;3;-3.8665797010835106e-17
20;53;4;0.0
20;53;5;0.0
20;53;6;0.0
20;53;7;0.0
20;53;8;0.0
21;53;1;-1.520282687709868e-17
21;53;2;-1.520282687709868e-17
21;53;3;-5.528725180394489e-17
21;53;4;-1.0077535210357689e-15
21;53;5;-1.520282687709868e-17
21;53;6;-1.520282687709868e-17
21;53;7;-1.520282687709868e-17
21;53;8;-1.520282687709868e-17
22;53;1;-3.664771850546508e-17
22;53;2;-3.664771850546508e-17
22;53;3;-1.5096761995183906e-16
22;53;4;-0.0
22;53;5;-3.664771850546508e-17
22;53;6;-3.664771850546508e-17
22;53;7;-3.664771850546508e-17
22;53;8;-3.664771850546508e-17
23;53;1;0.0
23;53;2;0.0
23;53;3;0.0
23;53;4;0.0
23;53;5;0.0
23;53;6;0.0
23;53;7;0.0
23;53;8;0.0
24;53;1;0.0
24;53;2;0.0
24;53;3;0.0
24;53;4;0.0
24;53;5;0.0
24;53;6;0.0
24;53;7;0.0
24;53;8;0.0
25;53;1;0.0
25;53;2;0.0
25;53;3;0.0
25;53;4;0.0
25;53;5;0.0
25;53;6;0.0
25;53;7;0.0
25;53;8;0.0
26;53;1;0.0
26;53;2;0.0
26;53;3;0.0
26;53;4;0.0
26;53;5;0.0
26;53;6;0.0
26;53;7;0.0
26;53;8;0.0
27;53;1;0.0
27;53;2;0.0
27;53;3;0.0
27;53;4;0.0
27;53;5;0.0
27;53;6;0.0
27;53;7;0.0
27;53;8;0.0
28;53;1;0.0
28;53;2;0.0
28;53;3;0.0
28;53;4;0.0
28;53;5;0.0
28;53;6;0.0
28;53;7;0.0
28;53;8;0.0
29;53;1;0.0
29;53;2;0.0
29;53;3;0.0
29;53;4;0.0
29;53;5;0.0
29;53;6;0.0
29;53;7;0.0
29;53;8;0.0
30;53;1;0.0
30;53;2;0.0
30;53;3;0.0
30;53;4;0.0
30;53;5;0.0
30;53;6;0.0
30;53;7;0.0
30;53;8;0.0
31;53;1;0.0
31;53;2;0.0
31;53;3;0.0
31;53;4;0.0
31;53;5;0.0
31;53;6;0.0
31;53;7;0.0
31;53;8;0.0
32;53;1;0.0
32;53;2;0.0
32;53;3;0.0
32;53;4;0.0
32;53;5;0.0
32;53;6;0.0
32;53;7;0.0
32;53;8;0.0
33;53;1;0.0
33;53;2;0.0
33;53;3;0.0
33;53;4;0.0
33;53;5;0.0
33;53;6;0.0
33;53;7;0.0
33;53;8;0.0
34;53;1;0.0
34;53;2;0.0
34;53;3;0.0
34;53;4;0.0
34;53;5;0.0
34;53;6;0.0
34;53;7;0.0
34;53;8;0.0
35;53;1;0.0
35;53;2;0.0
35;53;3;0.0
35;53;4;0.0
35;53;5;0.0
35;53;6;0.0
35;53;7;0.0
35;53;8;0.0
36;53;1;0.0
36;53;2;0.0
36;53;3;0.0
36;53;4;0.0
36;53;5;0.0
36;53;6;0.0
36;53;7;0.0
36;53;8;0.0
37;53;1;0.0
37;53;2;0.0
37;53;3;0.0
37;53;4;0.0
37;53;5;0.0
37;53;6;0.0
37;53;7;0.0
37;53;8;0.0
38;53;1;0.0
38;53;2;0.0
38;53;3;0.0
38;53;4;0.0
38;53;5;0.0
38;53;6;0.0
38;53;7;0.0
38;53;8;0.0
39;53;1;0.0
39;53;2;0.0
39;53;3;0.0
39;53;4;0.0
39;53;5;0.0
39;53;6;0.0
39;53;7;0.0
39;53;8;0.0
40;53;1;0.0
40;53;2;0.0
40;53;3;0.0
40;53;4;0.0
40;53;5;0.0
40;53;6;0.0
40;53;7;0.0
40;53;8;0.0
41;53;1;0.0
41;53;2;0.0
41;53;3;0.0
41;53;4;0.0
41;53;5;0.0
41;53;6;0.0
41;53;7;0.0
41;53;8;0.0
42;53;1;0.0
42;53;2;0.0
42;53;3;0.0
42;53;4;0.0
42;53;5;0.0
42;53;6;0.0
42;53;7;0.0
42;53;8;0.0
43;53;1;0.0
43;53;2;0.0
43;53;3;0.0
43;53;4;0.0
43;53;5;0.0
43;53;6;0.0
43;53;7;0.0
43;53;8;0.0
44;53;1;0.0
44;53;2;0.0
44;53;3;0.0
44;53;4;0.0
44;53;5;0.0
44;53;6;0.0
44;53;7;0.0
44;53;8;0.0
45;53;1;0.0
45;53;2;0.0
45;53;3;0.0
45;53;4;0.0
45;53;5;0.0
45;53;6;0.0
45;53;7;0.0
45;53;8;0.0
46;53;1;0.0
46;53;2;0.0
46;53;3;0.0
46;53;4;0.0
46;53;5;0.0
46;53;6;0.0
46;53;7;0.0
46;53;8;0.0
47;53;1;-2.871238589605605e-17
47;53;2;-2.871238589605605e-17
47;53;3;-1.1320072599312481e-16
47;53;4;-1.533555546983446e-15
47;53;5;-2.871238589605605e-17
47;53;6;-2.871238589605605e-17
47;53;7;-2.871238589605605e-17
47;53;8;-2.871238589605605e-17
48;53;1;0.0
48;53;2;0.0
48;53;3;0.0
48;53;4;0.0
48;53;5;0.0
48;53;6;0.0
48;53;7;0.0
48;53;8;0.0
49;53;1;0.0
49;53;2;0.0
49;53;3;0.0
49;53;4;0.0
49;53;5;0.0
49;53;6;0.0
49;53;7;0.0
49;53;8;0.0
50;53;1;0.0
50;53;2;0.0
50;53;3;0.0
50;53;4;0.0
50;53;5;0.0
50;53;6;0.0
50;53;7;0.0
50;53;8;0.0
51;53;1;0.0
51;53;2;0.0
51;53;3;0.0
51;53;4;0.0
51;53;5;0.0
51;53;6;0.0
51;53;7;0.0
51;53;8;0.0
52;53;1;0.0
52;53;2;0.0
52;53;3;0.0
52;53;4;-9.894338803380727e-16
52;53;5;0.0
52;53;6;0.0
52;53;7;0.0
52;53;8;0.0
53;53;1;0.0
53;53;2;0.0
53;53;3;0.0
53;53;4;0.0
53;53;5;0.0
53;53;6;0.0
53;53;7;0.0
53;53;8;0.0
54;53;1;0.0
54;53;2;0.0
54;53;3;0.0
54;53;4;-2.5057075108646845e-16
54;53;5;0.0
54;53;6;0.0
54;53;7;0.0
54;53;8;0.0
55;53;1;0.0
55;53;2;0.0
55;53;3;0.0
55;53;4;0.0
55;53;5;0.0
55;53;6;0.0
55;53;7;0.0
55;53;8;0.0
56;53;1;0.0
56;53;2;0.0
56;53;3;0.0
56;53;4;0.0
56;53;5;0.0
56;53;6;0.0
56;53;7;0.0
56;53;8;0.0
57;53;1;0.0
57;53;2;0.0
57;53;3;0.0
57;53;4;0.0
57;53;5;0.0
57;53;6;0.0
57;53;7;0.0
57;53;8;0.0
58;53;1;0.0
58;53;2;0.0
58;53;3;0.0
58;53;4;0.0
58;53;5;0.0
58;53;6;0.0
58;53;7;0.0
58;53;8;0.0
59;53;1;0.0
59;53;2;0.0
59;53;3;0.0
59;53;4;0.0
59;53;5;0.0
59;53;6;0.0
59;53;7;0.0
59;53;8;0.0
1;54;1;0.0
1;54;2;0.0
1;54;3;0.0
1;54;4;0.0
1;54;5;0.0
1;54;6;0.0
1;54;7;0.0
1;54;8;0.0
2;54;1;0.0
2;54;2;0.0
2;54;3;0.0
2;54;4;0.0
2;54;5;0.0
2;54;6;0.0
2;54;7;0.0
2;54;8;0.0
3;54;1;0.0
3;54;2;0.0
3;54;3;0.0
3;54;4;0.0
3;54;5;0.0
3;54;6;0.0
3;54;7;0.0
3;54;8;0.0
4;54;1;0.0
4;54;2;0.0
4;54;3;0.0
4;54;4;0.0
4;54;5;0.0
4;54;6;0.0
4;54;7;0.0
4;54;8;0.0
5;54;1;0.0
5;54;2;0.0
5;54;3;0.0
5;54;4;0.0
5;54;5;0.0
5;54;6;0.0
5;54;7;0.0
5;54;8;0.0
6;54;1;0.0
6;54;2;0.0
6;54;3;0.0
6;54;4;0.0
6;54;5;0.0
6;54;6;0.0
6;54;7;0.0
6;54;8;0.0
7;54;1;0.0
7;54;2;0.0
7;54;3;0.0
7;54;4;0.0
7;54;5;0.0
7;54;6;0.0
7;54;7;0.0
7;54;8;0.0
8;54;1;0.0
8;54;2;0.0
8;54;3;0.0
8;54;4;0.0
8;54;5;0.0
8;54;6;0.0
8;54;7;0.0
8;54;8;0.0
9;54;1;0.0
9;54;2;0.0
9;54;3;0.0
9;54;4;0.0
9;54;5;0.0
9;54;6;0.0
9;54;7;0.0
9;54;8;0.0
10;54;1;0.0
10;54;2;0.0
10;54;3;0.0
10;54;4;0.0
10;54;5;0.0
10;54;6;0.0
10;54;7;0.0
10;54;8;0.0
11;54;1;0.0
11;54;2;0.0
11;54;3;0.0
11;54;4;0.0
11;54;5;0.0
11;54;6;0.0
11;54;7;0.0
11;54;8;0.0
12;54;1;0.0
12;54;2;0.0
12;54;3;0.0
12;54;4;0.0
12;54;5;0.0
12;54;6;0.0
12;54;7;0.0
12;54;8;0.0
13;54;1;0.0
13;54;2;0.0
13;54;3;0.0
13;54;4;0.0
13;54;5;0.0
13;54;6;0.0
13;54;7;0.0
13;54;8;0.0
14;54;1;0.0
14;54;2;0.0
14;54;3;0.0
14;54;4;0.0
14;54;5;0.0
14;54;6;0.0
14;54;7;0.0
14;54;8;0.0
15;54;1;0.0
15;54;2;0.0
15;54;3;0.0
15;54;4;0.0
15;54;5;0.0
15;54;6;0.0
15;54;7;0.0
15;54;8;0.0
16;54;1;0.0
16;54;2;0.0
16;54;3;0.0
16;54;4;0.0
16;54;5;0.0
16;54;6;0.0
16;54;7;0.0
16;54;8;0.0
17;54;1;-1.6162809469189043e-17
17;54;2;-1.6162809469189043e-17
17;54;3;-5.850169191367416e-17
17;54;4;-2.0410423056946192e-11
17;54;5;-1.6162809469189043e-17
17;54;6;-1.6162809469189043e-17
17;54;7;-1.6162809469189043e-17
17;54;8;-1.6162809469189043e-17
18;54;1;0.0
18;54;2;0.0
18;54;3;0.0
18;54;4;0.0
18;54;5;0.0
18;54;6;0.0
18;54;7;0.0
18;54;8;0.0
19;54;1;0.0
19;54;2;0.0
19;54;3;0.0
19;54;4;0.0
19;54;5;0.0
19;54;6;0.0
19;54;7;0.0
19;54;8;0.0
20;54;1;0.0
20;54;2;0.0
20;54;3;-4.026676565613422e-17
20;54;4;0.0
20;54;5;0.0
20;54;6;0.0
20;54;7;0.0
20;54;8;0.0
21;54;1;-1.8598856215436015e-17
21;54;2;-1.8598856215436015e-17
21;54;3;-6.387240157342918e-17
21;54;4;-0.9999999982194844
21;54;5;-1.8598856215436015e-17
21;54;6;-1.8598856215436015e-17
21;54;7;-1.8598856215436015e-17
21;54;8;-1.8598856215436015e-17
22;54;1;-4.558626130719291e-17
22;54;2;-4.558626130719291e-17
22;54;3;-1.634679502063706e-16
22;54;4;-1.7607231228566889e-09
22;54;5;-4.558626130719291e-17
22;54;6;-4.558626130719291e-17
22;54;7;-4.558626130719291e-17
22;54;8;-4.558626130719291e-17
23;54;1;0.0
23;54;2;0.0
23;54;3;0.0
23;54;4;0.0
23;54;5;0.0
23;54;6;0.0
23;54;7;0.0
23;54;8;0.0
24;54;1;0.0
24;54;2;0.0
24;54;3;0.0
24;54;4;0.0
24;54;5;0.0
24;54;6;0.0
24;54;7;0.0
24;54;8;0.0
25;54;1;0.0
25;54;2;0.0
25;54;3;0.0
25;54;4;0.0
25;54;5;0.0
25;54;6;0.0
25;54;7;0.0
25;54;8;0.0
26;54;1;0.0
26;54;2;0.0
26;54;3;0.0
26;54;4;0.0
26;54;5;0.0
26;54;6;0.0
26;54;7;0.0
26;54;8;0.0
27;54;1;0.0
27;54;2;0.0
27;54;3;0.0
27;54;4;0.0
27;54;5;0.0
27;54;6;0.0
27;54;7;0.0
27;54;8;0.0
28;54;1;0.0
28;54;2;0.0
28;54;3;0.0
28;54;4;0.0
28;54;5;0.0
28;54;6;0.0
28;54;7;0.0
28;54;8;0.0
29;54;1;0.0
29;54;2;0.0
29;54;3;0.0
29;54;4;0.0
29;54;5;0.0
29;54;6;0.0
29;54;7;0.0
29;54;8;0.0
30;54;1;0.0
30;54;2;0.0
30;54;3;0.0
30;54;4;0.0
30;54;5;0.0
30;54;6;0.0
30;54;7;0.0
30;54;8;0.0
31;54;1;0.0
31;54;2;0.0
31;54;3;0.0
31;54;4;0.0
31;54;5;0.0
31;54;6;0.0
31;54;7;0.0
31;54;8;0.0
32;54;1;0.0
32;54;2;0.0
32;54;3;0.0
32;54;4;0.0
32;54;5;0.0
32;54;6;0.0
32;54;7;0.0
32;54;8;0.0
33;54;1;0.0
33;54;2;0.0
33;54;3;0.0
33;54;4;0.0
33;54;5;0.0
33;54;6;0.0
33;54;7;0.0
33;54;8;0.0
34;54;1;0.0
34;54;2;0.0
34;54;3;0.0
34;54;4;0.0
34;54;5;0.0
34;54;6;0.0
34;54;7;0.0
34;54;8;0.0
35;54;1;0.0
35;54;2;0.0
35;54;3;0.0
35;54;4;0.0
35;54;5;0.0
35;54;6;0.0
35;54;7;0.0
35;54;8;0.0
36;54;1;0.0
36;54;2;0.0
36;54;3;0.0
36;54;4;0.0
36;54;5;0.0
36;54;6;0.0
36;54;7;0.0
36;54;8;0.0
37;54;1;0.0
37;54;2;0.0
37;54;3;0.0
37;54;4;0.0
37;54;5;0.0
37;54;6;0.0
37;54;7;0.0
37;54;8;0.0
38;54;1;0.0
38;54;2;0.0
38;54;3;0.0
38;54;4;0.0
38;54;5;0.0
38;54;6;0.0
38;54;7;0.0
38;54;8;0.0
39;54;1;0.0
39;54;2;0.0
39;54;3;0.0
39;54;4;0.0
39;54;5;0.0
39;54;6;0.0
39;54;7;0.0
39;54;8;0.0
40;54;1;0.0
40;54;2;0.0
40;54;3;0.0
40;54;4;0.0
40;54;5;0.0
40;54;6;0.0
40;54;7;0.0
40;54;8;0.0
41;54;1;0.0
41;54;2;0.0
41;54;3;0.0
41;54;4;0.0
41;54;5;0.0
41;54;6;0.0
41;54;7;0.0
41;54;8;0.0
42;54;1;0.0
42;54;2;0.0
42;54;3;0.0
42;54;4;0.0
42;54;5;0.0
42;54;6;0.0
42;54;7;0.0
42;54;8;0.0
43;54;1;0.0
43;54;2;0.0
43;54;3;0.0
43;54;4;0.0
43;54;5;0.0
43;54;6;0.0
43;54;7;0.0
43;54;8;0.0
44;54;1;0.0
44;54;2;0.0
44;54;3;0.0
44;54;4;0.0
44;54;5;0.0
44;54;6;0.0
44;54;7;0.0
44;54;8;0.0
45;54;1;0.0
45;54;2;0.0
45;54;3;0.0
45;54;4;0.0
45;54;5;0.0
45;54;6;0.0
45;54;7;0.0
45;54;8;0.0
46;54;1;0.0
46;54;2;0.0
46;54;3;0.0
46;54;4;0.0
46;54;5;0.0
46;54;6;0.0
46;54;7;0.0
46;54;8;0.0
47;54;1;-3.545617564656054e-17
47;54;2;-3.545617564656054e-17
47;54;3;-1.2425542572505804e-16
47;54;4;-1.276247398858458e-12
47;54;5;-3.545617564656054e-17
47;54;6;-3.545617564656054e-17
47;54;7;-3.545617564656054e-17
47;54;8;-3.545617564656054e-17
48;54;1;0.0
48;54;2;0.0
48;54;3;0.0
48;54;4;0.0
48;54;5;0.0
48;54;6;0.0
48;54;7;0.0
48;54;8;0.0
49;54;1;0.0
49;54;2;0.0
49;54;3;0.0
49;54;4;0.0
49;54;5;0.0
49;54;6;0.0
49;54;7;0.0
49;54;8;0.0
50;54;1;0.0
50;54;2;0.0
50;54;3;0.0
50;54;4;0.0
50;54;5;0.0
50;54;6;0.0
50;54;7;0.0
50;54;8;0.0
51;54;1;0.0
51;54;2;0.0
51;54;3;0.0
51;54;4;0.0
51;54;5;0.0
51;54;6;0.0
51;54;7;0.0
51;54;8;0.0
52;54;1;0.0
52;54;2;0.0
52;54;3;0.0
52;54;4;-2.6203075451559055e-13
52;54;5;0.0
52;54;6;0.0
52;54;7;0.0
52;54;8;0.0
53;54;1;0.0
53;54;2;0.0
53;54;3;0.0
53;54;4;0.0
53;54;5;0.0
53;54;6;0.0
53;54;7;0.0
53;54;8;0.0
54;54;1;0.0
54;54;2;0.0
54;54;3;0.0
54;54;4;-7.566662370910376e-15
54;54;5;0.0
54;54;6;0.0
54;54;7;0.0
54;54;8;0.0
55;54;1;0.0
55;54;2;0.0
55;54;3;0.0
55;54;4;0.0
55;54;5;0.0
55;54;6;0.0
55;54;7;0.0
55;54;8;0.0
56;54;1;0.0
56;54;2;0.0
56;54;3;0.0
56;54;4;0.0
56;54;5;0.0
56;54;6;0.0
56;54;7;0.0
56;54;8;0.0
57;54;1;0.0
57;54;2;0.0
57;54;3;0.0
57;54;4;0.0
57;54;5;0.0
57;54;6;0.0
57;54;7;0.0
57;54;8;0.0
58;54;1;0.0
58;54;2;0.0
58;54;3;0.0
58;54;4;0.0
58;54;5;0.0
58;54;6;0.0
58;54;7;0.0
58;54;8;0.0
59;54;1;0.0
59;54;2;0.0
59;54;3;0.0
59;54;4;0.0
59;54;5;0.0
59;54;6;0.0
59;54;7;0.0
59;54;8;0.0
1;55;1;0.0
1;55;2;0.0
1;55;3;0.0
1;55;4;0.0
1;55;5;0.0
1;55;6;0.0
1;55;7;0.0
1;55;8;0.0
2;55;1;0.0
2;55;2;0.0
2;55;3;0.0
2;55;4;0.0
2;55;5;0.0
2;55;6;0.0
2;55;7;0.0
2;55;8;0.0
3;55;1;0.0
3;55;2;0.0
3;55;3;0.0
3;55;4;0.0
3;55;5;0.0
3;55;6;0.0
3;55;7;0.0
3;55;8;0.0
4;55;1;0.0
4;55;2;0.0
4;55;3;0.0
4;55;4;0.0
4;55;5;0.0
4;55;6;0.0
4;55;7;0.0
4;55;8;0.0
5;55;1;0.0
5;55;2;0.0
5;55;3;0.0
5;55;4;0.0
5;55;5;0.0
5;55;6;0.0
5;55;7;0.0
5;55;8;0.0
6;55;1;0.0
6;55;2;0.0
6;55;3;0.0
6;55;4;0.0
6;55;5;0.0
6;55;6;0.0
6;55;7;0.0
6;55;8;0.0
7;55;1;0.0
7;55;2;0.0
7;55;3;0.0
7;55;4;0.0
7;55;5;0.0
7;55;6;0.0
7;55;7;0.0
7;55;8;0.0
8;55;1;0.0
8;55;2;0.0
8;55;3;0.0
8;55;4;0.0
8;55;5;0.0
8;55;6;0.0
8;55;7;0.0
8;55;8;0.0
9;55;1;0.0
9;55;2;0.0
9;55;3;0.0
9;55;4;0.0
9;55;5;0.0
9;55;6;0.0
9;55;7;0.0
9;55;8;0.0
10;55;1;0.0
10;55;2;0.0
10;55;3;0.0
10;55;4;0.0
10;55;5;0.0
10;55;6;0.0
10;55;7;0.0
10;55;8;0.0
11;55;1;0.0
11;55;2;0.0
11;55;3;0.0
11;55;4;0.0
11;55;5;0.0
11;55;6;0.0
11;55;7;0.0
11;55;8;0.0
12;55;1;0.0
12;55;2;0.0
12;55;3;0.0
12;55;4;0.0
12;55;5;0.0
12;55;6;0.0
12;55;7;0.0
12;55;8;0.0
13;55;1;0.0
13;55;2;0.0
13;55;3;0.0
13;55;4;0.0
13;55;5;0.0
13;55;6;0.0
13;55;7;0.0
13;55;8;0.0
14;55;1;0.0
14;55;2;0.0
14;55;3;0.0
14;55;4;0.0
14;55;5;0.0
14;55;6;0.0
14;55;7;0.0
14;55;8;0.0
15;55;1;0.0
15;55;2;0.0
15;55;3;0.0
15;55;4;0.0
15;55;5;0.0
15;55;6;0.0
15;55;7;0.0
15;55;8;0.0
16;55;1;0.0
16;55;2;0.0
16;55;3;0.0
16;55;4;0.0
16;55;5;0.0
16;55;6;0.0
16;55;7;0.0
16;55;8;0.0
17;55;1;-1.970236804186843e-17
17;55;2;-1.970236804186843e-17
17;55;3;-6.699067315136108e-17
17;55;4;-2.978051033187507e-11
17;55;5;-1.970236804186843e-17
17;55;6;-1.970236804186843e-17
17;55;7;-1.970236804186843e-17
17;55;8;-1.970236804186843e-17
18;55;1;0.0
18;55;2;0.0
18;55;3;0.0
18;55;4;0.0
18;55;5;0.0
18;55;6;0.0
18;55;7;0.0
18;55;8;0.0
19;55;1;0.0
19;55;2;0.0
19;55;3;0.0
19;55;4;0.0
19;55;5;0.0
19;55;6;0.0
19;55;7;0.0
19;55;8;0.0
20;55;1;0.0
20;55;2;0.0
20;55;3;-5.684887946675639e-17
20;55;4;0.0
20;55;5;0.0
20;55;6;0.0
20;55;7;0.0
20;55;8;0.0
21;55;1;-2.433374366171745e-17
21;55;2;-2.433374366171745e-17
21;55;3;-7.693273809396508e-17
21;55;4;-0.9999999981373692
21;55;5;-2.433374366171745e-17
21;55;6;-2.433374366171745e-17
21;55;7;-2.433374366171745e-17
21;55;8;-2.433374366171745e-17
22;55;1;-4.9169587035628e-17
22;55;2;-4.9169587035628e-17
22;55;3;-2.213187834471238e-16
22;55;4;-1.8281047786672389e-09
22;55;5;-4.9169587035628e-17
22;55;6;-4.9169587035628e-17
22;55;7;-4.9169587035628e-17
22;55;8;-4.9169587035628e-17
23;55;1;0.0
23;55;2;0.0
23;55;3;0.0
23;55;4;0.0
23;55;5;0.0
23;55;6;0.0
23;55;7;0.0
23;55;8;0.0
24;55;1;0.0
24;55;2;0.0
24;55;3;0.0
24;55;4;0.0
24;55;5;0.0
24;55;6;0.0
24;55;7;0.0
24;55;8;0.0
25;55;1;0.0
25;55;2;0.0
25;55;3;0.0
25;55;4;0.0
25;55;5;0.0
25;55;6;0.0
25;55;7;0.0
25;55;8;0.0
26;55;1;0.0
26;55;2;0.0
26;55;3;0.0
26;55;4;0.0
26;55;5;0.0
26;55;6;0.0
26;55;7;0.0
26;55;8;0.0
27;55;1;0.0
27;55;2;0.0
27;55;3;0.0
27;55;4;0.0
27;55;5;0.0
27;55;6;0.0
27;55;7;0.0
27;55;8;0.0
28;55;1;0.0
28;55;2;0.0
28;55;3;0.0
28;55;4;0.0
28;55;5;0.0
28;55;6;0.0
28;55;7;0.0
28;55;8;0.0
29;55;1;0.0
29;55;2;0.0
29;55;3;0.0
29;55;4;0.0
29;55;5;0.0
29;55;6;0.0
29;55;7;0.0
29;55;8;0.0
30;55;1;0.0
30;55;2;0.0
30;55;3;0.0
30;55;4;0.0
30;55;5;0.0
30;55;6;0.0
30;55;7;0.0
30;55;8;0.0
31;55;1;0.0
31;55;2;0.0
31;55;3;0.0
31;55;4;0.0
31;55;5;0.0
31;55;6;0.0
31;55;7;0.0
31;55;8;0.0
32;55;1;0.0
32;55;2;0.0
32;55;3;0.0
32;55;4;0.0
32;55;5;0.0
32;55;6;0.0
32;55;7;0.0
32;55;8;0.0
33;55;1;0.0
33;55;2;0.0
33;55;3;0.0
33;55;4;0.0
33;55;5;0.0
33;55;6;0.0
33;55;7;0.0
33;55;8;0.0
34;55;1;0.0
34;55;2;0.0
34;55;3;0.0
34;55;4;0.0
34;55;5;0.0
34;55;6;0.0
34;55;7;0.0
34;55;8;0.0
35;55;1;0.0
35;55;2;0.0
35;55;3;0.0
35;55;4;0.0
35;55;5;0.0
35;55;6;0.0
35;55;7;0.0
35;55;8;0.0
36;55;1;0.0
36;55;2;0.0
36;55;3;0.0
36;55;4;0.0
36;55;5;0.0
36;55;6;0.0
36;55;7;0.0
36;55;8;0.0
37;55;1;0.0
37;55;2;0.0
37;55;3;0.0
37;55;4;0.0
37;55;5;0.0
37;55;6;0.0
37;55;7;0.0
37;55;8;0.0
38;55;1;0.0
38;55;2;0.0
38;55;3;0.0
38;55;4;0.0
38;55;5;0.0
38;55;6;0.0
38;55;7;0.0
38;55;8;0.0
39;55;1;0.0
39;55;2;0.0
39;55;3;0.0
39;55;4;0.0
39;55;5;0.0
39;55;6;0.0
39;55;7;0.0
39;55;8;0.0
40;55;1;0.0
40;55;2;0.0
40;55;3;0.0
40;55;4;0.0
40;55;5;0.0
40;55;6;0.0
40;55;7;0.0
40;55;8;0.0
41;55;1;0.0
41;55;2;0.0
41;55;3;0.0
41;55;4;0.0
41;55;5;0.0
41;55;6;0.0
41;55;7;0.0
41;55;8;0.0
42;55;1;0.0
42;55;2;0.0
42;55;3;0.0
42;55;4;0.0
42;55;5;0.0
42;55;6;0.0
42;55;7;0.0
42;55;8;0.0
43;55;1;0.0
43;55;2;0.0
43;55;3;0.0
43;55;4;0.0
43;55;5;0.0
43;55;6;0.0
43;55;7;0.0
43;55;8;0.0
44;55;1;0.0
44;55;2;0.0
44;55;3;0.0
44;55;4;0.0
44;55;5;0.0
44;55;6;0.0
44;55;7;0.0
44;55;8;0.0
45;55;1;0.0
45;55;2;0.0
45;55;3;0.0
45;55;4;0.0
45;55;5;0.0
45;55;6;0.0
45;55;7;0.0
45;55;8;0.0
46;55;1;0.0
46;55;2;0.0
46;55;3;0.0
46;55;4;0.0
46;55;5;0.0
46;55;6;0.0
46;55;7;0.0
46;55;8;0.0
47;55;1;-4.6044524036603845e-17
47;55;2;-4.6044524036603845e-17
47;55;3;-1.4405108997873334e-16
47;55;4;-1.264904512750383e-12
47;55;5;-4.6044524036603845e-17
47;55;6;-4.6044524036603845e-17
47;55;7;-4.6044524036603845e-17
47;55;8;-4.6044524036603845e-17
48;55;1;0.0
48;55;2;0.0
48;55;3;0.0
48;55;4;0.0
48;55;5;0.0
48;55;6;0.0
48;55;7;0.0
48;55;8;0.0
49;55;1;0.0
49;55;2;0.0
49;55;3;0.0
49;55;4;0.0
49;55;5;0.0
49;55;6;0.0
49;55;7;0.0
49;55;8;0.0
50;55;1;0.0
50;55;2;0.0
50;55;3;0.0
50;55;4;0.0
50;55;5;0.0
50;55;6;0.0
50;55;7;0.0
50;55;8;0.0
51;55;1;0.0
51;55;2;0.0
51;55;3;0.0
51;55;4;0.0
51;55;5;0.0
51;55;6;0.0
51;55;7;0.0
51;55;8;0.0
52;55;1;0.0
52;55;2;0.0
52;55;3;0.0
52;55;4;-2.6940691787033845e-13
52;55;5;0.0
52;55;6;0.0
52;55;7;0.0
52;55;8;0.0
53;55;1;0.0
53;55;2;0.0
53;55;3;0.0
53;55;4;0.0
53;55;5;0.0
53;55;6;0.0
53;55;7;0.0
53;55;8;0.0
54;55;1;0.0
54;55;2;0.0
54;55;3;0.0
54;55;4;-7.523913876934409e-15
54;55;5;0.0
54;55;6;0.0
54;55;7;0.0
54;55;8;0.0
55;55;1;0.0
55;55;2;0.0
55;55;3;0.0
55;55;4;0.0
55;55;5;0.0
55;55;6;0.0
55;55;7;0.0
55;55;8;0.0
56;55;1;0.0
56;55;2;0.0
56;55;3;0.0
56;55;4;0.0
56;55;5;0.0
56;55;6;0.0
56;55;7;0.0
56;55;8;0.0
57;55;1;0.0
57;55;2;0.0
57;55;3;0.0
57;55;4;0.0
57;55;5;0.0
57;55;6;0.0
57;55;7;0.0
57;55;8;0.0
58;55;1;0.0
58;55;2;0.0
58;55;3;0.0
58;55;4;0.0
58;55;5;0.0
58;55;6;0.0
58;55;7;0.0
58;55;8;0.0
59;55;1;0.0
59;55;2;0.0
59;55;3;0.0
59;55;4;0.0
59;55;5;0.0
59;55;6;0.0
59;55;7;0.0
59;55;8;0.0
1;56;1;0.0
1;56;2;0.0
1;56;3;0.0
1;56;4;0.0
1;56;5;0.0
1;56;6;0.0
1;56;7;0.0
1;56;8;0.0
2;56;1;0.0
2;56;2;0.0
2;56;3;0.0
2;56;4;0.0
2;56;5;0.0
2;56;6;0.0
2;56;7;0.0
2;56;8;0.0
3;56;1;0.0
3;56;2;0.0
3;56;3;0.0
3;56;4;0.0
3;56;5;0.0
3;56;6;0.0
3;56;7;0.0
3;56;8;0.0
4;56;1;0.0
4;56;2;0.0
4;56;3;0.0
4;56;4;0.0
4;56;5;0.0
4;56;6;0.0
4;56;7;0.0
4;56;8;0.0
5;56;1;0.0
5;56;2;0.0
5;56;3;0.0
5;56;4;0.0
5;56;5;0.0
5;56;6;0.0
5;56;7;0.0
5;56;8;0.0
6;56;1;0.0
6;56;2;0.0
6;56;3;0.0
6;56;4;0.0
6;56;5;0.0
6;56;6;0.0
6;56;7;0.0
6;56;8;0.0
7;56;1;0.0
7;56;2;0.0
7;56;3;0.0
7;56;4;0.0
7;56;5;0.0
7;56;6;0.0
7;56;7;0.0
7;56;8;0.0
8;56;1;0.0
8;56;2;0.0
8;56;3;0.0
8;56;4;0.0
8;56;5;0.0
8;56;6;0.0
8;56;7;0.0
8;56;8;0.0
9;56;1;0.0
9;56;2;0.0
9;56;3;0.0
9;56;4;0.0
9;56;5;0.0
9;56;6;0.0
9;56;7;0.0
9;56;8;0.0
10;56;1;0.0
10;56;2;0.0
10;56;3;0.0
10;56;4;0.0
10;56;5;0.0
10;56;6;0.0
10;56;7;0.0
10;56;8;0.0
11;56;1;0.0
11;56;2;0.0
11;56;3;0.0
11;56;4;0.0
11;56;5;0.0
11;56;6;0.0
11;56;7;0.0
11;56;8;0.0
12;56;1;0.0
12;56;2;0.0
12;56;3;0.0
12;56;4;0.0
12;56;5;0.0
12;56;6;0.0
12;56;7;0.0
12;56;8;0.0
13;56;1;0.0
13;56;2;0.0
13;56;3;0.0
13;56;4;0.0
13;56;5;0.0
13;56;6;0.0
13;56;7;0.0
13;56;8;0.0
14;56;1;0.0
14;56;2;0.0
14;56;3;0.0
14;56;4;0.0
14;56;5;0.0
14;56;6;0.0
14;56;7;0.0
14;56;8;0.0
15;56;1;0.0
15;56;2;0.0
15;56;3;0.0
15;56;4;0.0
15;56;5;0.0
15;56;6;0.0
15;56;7;0.0
15;56;8;0.0
16;56;1;0.0
16;56;2;0.0
16;56;3;0.0
16;56;4;0.0
16;56;5;0.0
16;56;6;0.0
16;56;7;0.0
16;56;8;0.0
17;56;1;-2.789647055988551e-17
17;56;2;-2.789647055988551e-17
17;56;3;-9.152390319866969e-17
17;56;4;-5.500366773984199e-16
17;56;5;-2.789647055988551e-17
17;56;6;-2.789647055988551e-17
17;56;7;-2.789647055988551e-17
17;56;8;-2.789647055988551e-17
18;56;1;0.0
18;56;2;0.0
18;56;3;0.0
18;56;4;0.0
18;56;5;0.0
18;56;6;0.0
18;56;7;0.0
18;56;8;0.0
19;56;1;0.0
19;56;2;0.0
19;56;3;0.0
19;56;4;0.0
19;56;5;0.0
19;56;6;0.0
19;56;7;0.0
19;56;8;0.0
20;56;1;0.0
20;56;2;0.0
20;56;3;5.232363816182204e-16
20;56;4;0.0
20;56;5;0.0
20;56;6;0.0
20;56;7;0.0
20;56;8;0.0
21;56;1;-3.959358205649694e-17
21;56;2;-3.959358205649694e-17
21;56;3;-1.1624084358025975e-16
21;56;4;-1.0631820002047683e-15
21;56;5;-3.959358205649694e-17
21;56;6;-3.959358205649694e-17
21;56;7;-3.959358205649694e-17
21;56;8;-3.959358205649694e-17
22;56;1;-6.870324892550668e-17
22;56;2;-6.870324892550668e-17
22;56;3;-3.341644191846727e-16
22;56;4;-0.0
22;56;5;-6.870324892550668e-17
22;56;6;-6.870324892550668e-17
22;56;7;-6.870324892550668e-17
22;56;8;-6.870324892550668e-17
23;56;1;0.0
23;56;2;0.0
23;56;3;0.0
23;56;4;0.0
23;56;5;0.0
23;56;6;0.0
23;56;7;0.0
23;56;8;0.0
24;56;1;0.0
24;56;2;0.0
24;56;3;0.0
24;56;4;0.0
24;56;5;0.0
24;56;6;0.0
24;56;7;0.0
24;56;8;0.0
25;56;1;0.0
25;56;2;0.0
25;56;3;0.0
25;56;4;0.0
25;56;5;0.0
25;56;6;0.0
25;56;7;0.0
25;56;8;0.0
26;56;1;0.0
26;56;2;0.0
26;56;3;0.0
26;56;4;0.0
26;56;5;0.0
26;56;6;0.0
26;56;7;0.0
26;56;8;0.0
27;56;1;0.0
27;56;2;0.0
27;56;3;0.0
27;56;4;0.0
27;56;5;0.0
27;56;6;0.0
27;56;7;0.0
27;56;8;0.0
28;56;1;0.0
28;56;2;0.0
28;56;3;0.0
28;56;4;0.0
28;56;5;0.0
28;56;6;0.0
28;56;7;0.0
28;56;8;0.0
29;56;1;0.0
29;56;2;0.0
29;56;3;0.0
29;56;4;0.0
29;56;5;0.0
29;56;6;0.0
29;56;7;0.0
29;56;8;0.0
30;56;1;0.0
30;56;2;0.0
30;56;3;0.0
30;56;4;0.0
30;56;5;0.0
30;56;6;0.0
30;56;7;0.0
30;56;8;0.0
31;56;1;0.0
31;56;2;0.0
31;56;3;0.0
31;56;4;0.0
31;56;5;0.0
31;56;6;0.0
31;56;7;0.0
31;56;8;0.0
32;56;1;0.0
32;56;2;0.0
32;56;3;0.0
32;56;4;0.0
32;56;5;0.0
32;56;6;0.0
32;56;7;0.0
32;56;8;0.0
33;56;1;0.0
33;56;2;0.0
33;56;3;0.0
33;56;4;0.0
33;56;5;0.0
33;56;6;0.0
33;56;7;0.0
33;56;8;0.0
34;56;1;0.0
34;56;2;0.0
34;56;3;0.0
34;56;4;0.0
34;56;5;0.0
34;56;6;0.0
34;56;7;0.0
34;56;8;0.0
35;56;1;0.0
35;56;2;0.0
35;56;3;0.0
35;56;4;0.0
35;56;5;0.0
35;56;6;0.0
35;56;7;0.0
35;56;8;0.0
36;56;1;0.0
36;56;2;0.0
36;56;3;0.0
36;56;4;0.0
36;56;5;0.0
36;56;6;0.0
36;56;7;0.0
36;56;8;0.0
37;56;1;0.0
37;56;2;0.0
37;56;3;0.0
37;56;4;0.0
37;56;5;0.0
37;56;6;0.0
37;56;7;0.0
37;56;8;0.0
38;56;1;0.0
38;56;2;0.0
38;56;3;0.0
38;56;4;0.0
38;56;5;0.0
38;56;6;0.0
38;56;7;0.0
38;56;8;0.0
39;56;1;0.0
39;56;2;0.0
39;56;3;0.0
39;56;4;0.0
39;56;5;0.0
39;56;6;0.0
39;56;7;0.0
39;56;8;0.0
40;56;1;0.0
40;56;2;0.0
40;56;3;0.0
40;56;4;0.0
40;56;5;0.0
40;56;6;0.0
40;56;7;0.0
40;56;8;0.0
41;56;1;0.0
41;56;2;0.0
41;56;3;0.0
41;56;4;0.0
41;56;5;0.0
41;56;6;0.0
41;56;7;0.0
41;56;8;0.0
42;56;1;0.0
42;56;2;0.0
42;56;3;0.0
42;56;4;0.0
42;56;5;0.0
42;56;6;0.0
42;56;7;0.0
42;56;8;0.0
43;56;1;0.0
43;56;2;0.0
43;56;3;0.0
43;56;4;0.0
43;56;5;0.0
43;56;6;0.0
43;56;7;0.0
43;56;8;0.0
44;56;1;0.0
44;56;2;0.0
44;56;3;0.0
44;56;4;0.0
44;56;5;0.0
44;56;6;0.0
44;56;7;0.0
44;56;8;0.0
45;56;1;0.0
45;56;2;0.0
45;56;3;0.0
45;56;4;0.0
45;56;5;0.0
45;56;6;0.0
45;56;7;0.0
45;56;8;0.0
46;56;1;0.0
46;56;2;0.0
46;56;3;0.0
46;56;4;0.0
46;56;5;0.0
46;56;6;0.0
46;56;7;0.0
46;56;8;0.0
47;56;1;-6.967981186818593e-17
47;56;2;-6.967981186818593e-17
47;56;3;-2.0841882945987853e-16
47;56;4;-1.5489588362510001e-15
47;56;5;-6.967981186818593e-17
47;56;6;-6.967981186818593e-17
47;56;7;-6.967981186818593e-17
47;56;8;-6.967981186818593e-17
48;56;1;0.0
48;56;2;0.0
48;56;3;0.0
48;56;4;0.0
48;56;5;0.0
48;56;6;0.0
48;56;7;0.0
48;56;8;0.0
49;56;1;0.0
49;56;2;0.0
49;56;3;0.0
49;56;4;0.0
49;56;5;0.0
49;56;6;0.0
49;56;7;0.0
49;56;8;0.0
50;56;1;0.0
50;56;2;0.0
50;56;3;0.0
50;56;4;0.0
50;56;5;0.0
50;56;6;0.0
50;56;7;0.0
50;56;8;0.0
51;56;1;0.0
51;56;2;0.0
51;56;3;0.0
51;56;4;0.0
51;56;5;0.0
51;56;6;0.0
51;56;7;0.0
51;56;8;0.0
52;56;1;0.0
52;56;2;0.0
52;56;3;0.0
52;56;4;-9.085288382838418e-16
52;56;5;0.0
52;56;6;0.0
52;56;7;0.0
52;56;8;0.0
53;56;1;0.0
53;56;2;0.0
53;56;3;0.0
53;56;4;0.0
53;56;5;0.0
53;56;6;0.0
53;56;7;0.0
53;56;8;0.0
54;56;1;0.0
54;56;2;0.0
54;56;3;0.0
54;56;4;5.861977570020827e-14
54;56;5;0.0
54;56;6;0.0
54;56;7;0.0
54;56;8;0.0
55;56;1;0.0
55;56;2;0.0
55;56;3;0.0
55;56;4;0.0
55;56;5;0.0
55;56;6;0.0
55;56;7;0.0
55;56;8;0.0
56;56;1;0.0
56;56;2;0.0
56;56;3;0.0
56;56;4;0.0
56;56;5;0.0
56;56;6;0.0
56;56;7;0.0
56;56;8;0.0
57;56;1;0.0
57;56;2;0.0
57;56;3;0.0
57;56;4;0.0
57;56;5;0.0
57;56;6;0.0
57;56;7;0.0
57;56;8;0.0
58;56;1;0.0
58;56;2;0.0
58;56;3;0.0
58;56;4;0.0
58;56;5;0.0
58;56;6;0.0
58;56;7;0.0
58;56;8;0.0
59;56;1;0.0
59;56;2;0.0
59;56;3;0.0
59;56;4;0.0
59;56;5;0.0
59;56;6;0.0
59;56;7;0.0
59;56;8;0.0
1;57;1;0.0
1;57;2;0.0
1;57;3;0.0
1;57;4;0.0
1;57;5;0.0
1;57;6;0.0
1;57;7;0.0
1;57;8;0.0
2;57;1;0.0
2;57;2;0.0
2;57;3;0.0
2;57;4;0.0
2;57;5;0.0
2;57;6;0.0
2;57;7;0.0
2;57;8;0.0
3;57;1;0.0
3;57;2;0.0
3;57;3;0.0
3;57;4;0.0
3;57;5;0.0
3;57;6;0.0
3;57;7;0.0
3;57;8;0.0
4;57;1;0.0
4;57;2;0.0
4;57;3;0.0
4;57;4;0.0
4;57;5;0.0
4;57;6;0.0
4;57;7;0.0
4;57;8;0.0
5;57;1;0.0
5;57;2;0.0
5;57;3;0.0
5;57;4;0.0
5;57;5;0.0
5;57;6;0.0
5;57;7;0.0
5;57;8;0.0
6;57;1;0.0
6;57;2;0.0
6;57;3;0.0
6;57;4;0.0
6;57;5;0.0
6;57;6;0.0
6;57;7;0.0
6;57;8;0.0
7;57;1;0.0
7;57;2;0.0
7;57;3;0.0
7;57;4;0.0
7;57;5;0.0
7;57;6;0.0
7;57;7;0.0
7;57;8;0.0
8;57;1;0.0
8;57;2;0.0
8;57;3;0.0
8;57;4;0.0
8;57;5;0.0
8;57;6;0.0
8;57;7;0.0
8;57;8;0.0
9;57;1;0.0
9;57;2;0.0
9;57;3;0.0
9;57;4;0.0
9;57;5;0.0
9;57;6;0.0
9;57;7;0.0
9;57;8;0.0
10;57;1;0.0
10;57;2;0.0
10;57;3;0.0
10;57;4;0.0
10;57;5;0.0
10;57;6;0.0
10;57;7;0.0
10;57;8;0.0
11;57;1;0.0
11;57;2;0.0
11;57;3;0.0
11;57;4;0.0
11;57;5;0.0
11;57;6;0.0
11;57;7;0.0
11;57;8;0.0
12;57;1;0.0
12;57;2;0.0
12;57;3;0.0
12;57;4;0.0
12;57;5;0.0
12;57;6;0.0
12;57;7;0.0
12;57;8;0.0
13;57;1;0.0
13;57;2;0.0
13;57;3;0.0
13;57;4;0.0
13;57;5;0.0
13;57;6;0.0
13;57;7;0.0
13;57;8;0.0
14;57;1;0.0
14;57;2;0.0
14;57;3;0.0
14;57;4;0.0
14;57;5;0.0
14;57;6;0.0
14;57;7;0.0
14;57;8;0.0
15;57;1;0.0
15;57;2;0.0
15;57;3;0.0
15;57;4;0.0
15;57;5;0.0
15;57;6;0.0
15;57;7;0.0
15;57;8;0.0
16;57;1;0.0
16;57;2;0.0
16;57;3;0.0
16;57;4;0.0
16;57;5;0.0
16;57;6;0.0
16;57;7;0.0
16;57;8;0.0
17;57;1;0.0
17;57;2;0.0
17;57;3;0.0
17;57;4;-0.9999999995383816
17;57;5;0.0
17;57;6;0.0
17;57;7;0.0
17;57;8;0.0
18;57;1;0.0
18;57;2;0.0
18;57;3;0.0
18;57;4;0.0
18;57;5;0.0
18;57;6;0.0
18;57;7;0.0
18;57;8;0.0
19;57;1;0.0
19;57;2;0.0
19;57;3;0.0
19;57;4;0.0
19;57;5;0.0
19;57;6;0.0
19;57;7;0.0
19;57;8;0.0
20;57;1;0.0
20;57;2;0.0
20;57;3;0.0
20;57;4;0.0
20;57;5;0.0
20;57;6;0.0
20;57;7;0.0
20;57;8;0.0
21;57;1;0.0
21;57;2;0.0
21;57;3;0.0
21;57;4;-2.648234541632631e-13
21;57;5;0.0
21;57;6;0.0
21;57;7;0.0
21;57;8;0.0
22;57;1;0.0
22;57;2;0.0
22;57;3;0.0
22;57;4;-5.062616992290714e-14
22;57;5;0.0
22;57;6;0.0
22;57;7;0.0
22;57;8;0.0
23;57;1;0.0
23;57;2;0.0
23;57;3;0.0
23;57;4;0.0
23;57;5;0.0
23;57;6;0.0
23;57;7;0.0
23;57;8;0.0
24;57;1;0.0
24;57;2;0.0
24;57;3;0.0
24;57;4;0.0
24;57;5;0.0
24;57;6;0.0
24;57;7;0.0
24;57;8;0.0
25;57;1;0.0
25;57;2;0.0
25;57;3;0.0
25;57;4;0.0
25;57;5;0.0
25;57;6;0.0
25;57;7;0.0
25;57;8;0.0
26;57;1;0.0
26;57;2;0.0
26;57;3;0.0
26;57;4;0.0
26;57;5;0.0
26;57;6;0.0
26;57;7;0.0
26;57;8;0.0
27;57;1;0.0
27;57;2;0.0
27;57;3;0.0
27;57;4;0.0
27;57;5;0.0
27;57;6;0.0
27;57;7;0.0
27;57;8;0.0
28;57;1;0.0
28;57;2;0.0
28;57;3;0.0
28;57;4;0.0
28;57;5;0.0
28;57;6;0.0
28;57;7;0.0
28;57;8;0.0
29;57;1;0.0
29;57;2;0.0
29;57;3;0.0
29;57;4;0.0
29;57;5;0.0
29;57;6;0.0
29;57;7;0.0
29;57;8;0.0
30;57;1;0.0
30;57;2;0.0
30;57;3;0.0
30;57;4;0.0
30;57;5;0.0
30;57;6;0.0
30;57;7;0.0
30;57;8;0.0
31;57;1;0.0
31;57;2;0.0
31;57;3;0.0
31;57;4;0.0
31;57;5;0.0
31;57;6;0.0
31;57;7;0.0
31;57;8;0.0
32;57;1;0.0
32;57;2;0.0
32;57;3;0.0
32;57;4;0.0
32;57;5;0.0
32;57;6;0.0
32;57;7;0.0
32;57;8;0.0
33;57;1;0.0
33;57;2;0.0
33;57;3;0.0
33;57;4;0.0
33;57;5;0.0
33;57;6;0.0
33;57;7;0.0
33;57;8;0.0
34;57;1;0.0
34;57;2;0.0
34;57;3;0.0
34;57;4;0.0
34;57;5;0.0
34;57;6;0.0
34;57;7;0.0
34;57;8;0.0
35;57;1;0.0
35;57;2;0.0
35;57;3;0.0
35;57;4;0.0
35;57;5;0.0
35;57;6;0.0
35;57;7;0.0
35;57;8;0.0
36;57;1;0.0
36;57;2;0.0
36;57;3;0.0
36;57;4;0.0
36;57;5;0.0
36;57;6;0.0
36;57;7;0.0
36;57;8;0.0
37;57;1;0.0
37;57;2;0.0
37;57;3;0.0
37;57;4;0.0
37;57;5;0.0
37;57;6;0.0
37;57;7;0.0
37;57;8;0.0
38;57;1;0.0
38;57;2;0.0
38;57;3;0.0
38;57;4;0.0
38;57;5;0.0
38;57;6;0.0
38;57;7;0.0
38;57;8;0.0
39;57;1;0.0
39;57;2;0.0
39;57;3;0.0
39;57;4;0.0
39;57;5;0.0
39;57;6;0.0
39;57;7;0.0
39;57;8;0.0
40;57;1;0.0
40;57;2;0.0
40;57;3;0.0
40;57;4;0.0
40;57;5;0.0
40;57;6;0.0
40;57;7;0.0
40;57;8;0.0
41;57;1;0.0
41;57;2;0.0
41;57;3;0.0
41;57;4;0.0
41;57;5;0.0
41;57;6;0.0
41;57;7;0.0
41;57;8;0.0
42;57;1;0.0
42;57;2;0.0
42;57;3;0.0
42;57;4;0.0
42;57;5;0.0
42;57;6;0.0
42;57;7;0.0
42;57;8;0.0
43;57;1;0.0
43;57;2;0.0
43;57;3;0.0
43;57;4;0.0
43;57;5;0.0
43;57;6;0.0
43;57;7;0.0
43;57;8;0.0
44;57;1;0.0
44;57;2;0.0
44;57;3;0.0
44;57;4;0.0
44;57;5;0.0
44;57;6;0.0
44;57;7;0.0
44;57;8;0.0
45;57;1;0.0
45;57;2;0.0
45;57;3;0.0
45;57;4;0.0
45;57;5;0.0
45;57;6;0.0
45;57;7;0.0
45;57;8;0.0
46;57;1;0.0
46;57;2;0.0
46;57;3;0.0
46;57;4;0.0
46;57;5;0.0
46;57;6;0.0
46;57;7;0.0
46;57;8;0.0
47;57;1;0.0
47;57;2;0.0
47;57;3;0.0
47;57;4;-4.6090675742268125e-10
47;57;5;0.0
47;57;6;0.0
47;57;7;0.0
47;57;8;0.0
48;57;1;0.0
48;57;2;0.0
48;57;3;0.0
48;57;4;0.0
48;57;5;0.0
48;57;6;0.0
48;57;7;0.0
48;57;8;0.0
49;57;1;0.0
49;57;2;0.0
49;57;3;0.0
49;57;4;0.0
49;57;5;0.0
49;57;6;0.0
49;57;7;0.0
49;57;8;0.0
50;57;1;0.0
50;57;2;0.0
50;57;3;0.0
50;57;4;0.0
50;57;5;0.0
50;57;6;0.0
50;57;7;0.0
50;57;8;0.0
51;57;1;0.0
51;57;2;0.0
51;57;3;0.0
51;57;4;0.0
51;57;5;0.0
51;57;6;0.0
51;57;7;0.0
51;57;8;0.0
52;57;1;0.0
52;57;2;0.0
52;57;3;0.0
52;57;4;-1.6118194931864374e-13
52;57;5;0.0
52;57;6;0.0
52;57;7;0.0
52;57;8;0.0
53;57;1;0.0
53;57;2;0.0
53;57;3;0.0
53;57;4;0.0
53;57;5;0.0
53;57;6;0.0
53;57;7;0.0
53;57;8;0.0
54;57;1;0.0
54;57;2;0.0
54;57;3;0.0
54;57;4;-9.303106671725541e-15
54;57;5;0.0
54;57;6;0.0
54;57;7;0.0
54;57;8;0.0
55;57;1;0.0
55;57;2;0.0
55;57;3;0.0
55;57;4;0.0
55;57;5;0.0
55;57;6;0.0
55;57;7;0.0
55;57;8;0.0
56;57;1;0.0
56;57;2;0.0
56;57;3;0.0
56;57;4;0.0
56;57;5;0.0
56;57;6;0.0
56;57;7;0.0
56;57;8;0.0
57;57;1;0.0
57;57;2;0.0
57;57;3;0.0
57;57;4;0.0
57;57;5;0.0
57;57;6;0.0
57;57;7;0.0
57;57;8;0.0
58;57;1;0.0
58;57;2;0.0
58;57;3;0.0
58;57;4;0.0
58;57;5;0.0
58;57;6;0.0
58;57;7;0.0
58;57;8;0.0
59;57;1;0.0
59;57;2;0.0
59;57;3;0.0
59;57;4;0.0
59;57;5;0.0
59;57;6;0.0
59;57;7;0.0
59;57;8;0.0
1;58;1;0.0
1;58;2;0.0
1;58;3;0.0
1;58;4;0.0
1;58;5;0.0
1;58;6;0.0
1;58;7;0.0
1;58;8;0.0
2;58;1;0.0
2;58;2;0.0
2;58;3;0.0
2;58;4;0.0
2;58;5;0.0
2;58;6;0.0
2;58;7;0.0
2;58;8;0.0
3;58;1;0.0
3;58;2;0.0
3;58;3;0.0
3;58;4;0.0
3;58;5;0.0
3;58;6;0.0
3;58;7;0.0
3;58;8;0.0
4;58;1;0.0
4;58;2;0.0
4;58;3;0.0
4;58;4;0.0
4;58;5;0.0
4;58;6;0.0
4;58;7;0.0
4;58;8;0.0
5;58;1;0.0
5;58;2;0.0
5;58;3;0.0
5;58;4;0.0
5;58;5;0.0
5;58;6;0.0
5;58;7;0.0
5;58;8;0.0
6;58;1;0.0
6;58;2;0.0
6;58;3;0.0
6;58;4;0.0
6;58;5;0.0
6;58;6;0.0
6;58;7;0.0
6;58;8;0.0
7;58;1;0.0
7;58;2;0.0
7;58;3;0.0
7;58;4;0.0
7;58;5;0.0
7;58;6;0.0
7;58;7;0.0
7;58;8;0.0
8;58;1;0.0
8;58;2;0.0
8;58;3;0.0
8;58;4;0.0
8;58;5;0.0
8;58;6;0.0
8;58;7;0.0
8;58;8;0.0
9;58;1;0.0
9;58;2;0.0
9;58;3;0.0
9;58;4;0.0
9;58;5;0.0
9;58;6;0.0
9;58;7;0.0
9;58;8;0.0
10;58;1;0.0
10;58;2;0.0
10;58;3;0.0
10;58;4;0.0
10;58;5;0.0
10;58;6;0.0
10;58;7;0.0
10;58;8;0.0
11;58;1;0.0
11;58;2;0.0
11;58;3;0.0
11;58;4;0.0
11;58;5;0.0
11;58;6;0.0
11;58;7;0.0
11;58;8;0.0
12;58;1;0.0
12;58;2;0.0
12;58;3;0.0
12;58;4;0.0
12;58;5;0.0
12;58;6;0.0
12;58;7;0.0
12;58;8;0.0
13;58;1;0.0
13;58;2;0.0
13;58;3;0.0
13;58;4;0.0
13;58;5;0.0
13;58;6;0.0
13;58;7;0.0
13;58;8;0.0
14;58;1;0.0
14;58;2;0.0
14;58;3;0.0
14;58;4;0.0
14;58;5;0.0
14;58;6;0.0
14;58;7;0.0
14;58;8;0.0
15;58;1;0.0
15;58;2;0.0
15;58;3;0.0
15;58;4;0.0
15;58;5;0.0
15;58;6;0.0
15;58;7;0.0
15;58;8;0.0
16;58;1;0.0
16;58;2;0.0
16;58;3;0.0
16;58;4;0.0
16;58;5;0.0
16;58;6;0.0
16;58;7;0.0
16;58;8;0.0
17;58;1;0.0
17;58;2;0.0
17;58;3;0.0
17;58;4;-0.9999999973868605
17;58;5;0.0
17;58;6;0.0
17;58;7;0.0
17;58;8;0.0
18;58;1;0.0
18;58;2;0.0
18;58;3;0.0
18;58;4;0.0
18;58;5;0.0
18;58;6;0.0
18;58;7;0.0
18;58;8;0.0
19;58;1;0.0
19;58;2;0.0
19;58;3;0.0
19;58;4;0.0
19;58;5;0.0
19;58;6;0.0
19;58;7;0.0
19;58;8;0.0
20;58;1;0.0
20;58;2;0.0
20;58;3;0.0
20;58;4;0.0
20;58;5;0.0
20;58;6;0.0
20;58;7;0.0
20;58;8;0.0
21;58;1;0.0
21;58;2;0.0
21;58;3;0.0
21;58;4;-3.2791020706722686e-13
21;58;5;0.0
21;58;6;0.0
21;58;7;0.0
21;58;8;0.0
22;58;1;-1.8776908790294863e-17
22;58;2;-1.8776908790294863e-17
22;58;3;0.0
22;58;4;-5.1514348342607263e-14
22;58;5;-1.8776908790294863e-17
22;58;6;-1.8776908790294863e-17
22;58;7;-1.8776908790294863e-17
22;58;8;-1.8776908790294863e-17
23;58;1;0.0
23;58;2;0.0
23;58;3;0.0
23;58;4;0.0
23;58;5;0.0
23;58;6;0.0
23;58;7;0.0
23;58;8;0.0
24;58;1;0.0
24;58;2;0.0
24;58;3;0.0
24;58;4;0.0
24;58;5;0.0
24;58;6;0.0
24;58;7;0.0
24;58;8;0.0
25;58;1;0.0
25;58;2;0.0
25;58;3;0.0
25;58;4;0.0
25;58;5;0.0
25;58;6;0.0
25;58;7;0.0
25;58;8;0.0
26;58;1;0.0
26;58;2;0.0
26;58;3;0.0
26;58;4;0.0
26;58;5;0.0
26;58;6;0.0
26;58;7;0.0
26;58;8;0.0
27;58;1;0.0
27;58;2;0.0
27;58;3;0.0
27;58;4;0.0
27;58;5;0.0
27;58;6;0.0
27;58;7;0.0
27;58;8;0.0
28;58;1;0.0
28;58;2;0.0
28;58;3;0.0
28;58;4;0.0
28;58;5;0.0
28;58;6;0.0
28;58;7;0.0
28;58;8;0.0
29;58;1;0.0
29;58;2;0.0
29;58;3;0.0
29;58;4;0.0
29;58;5;0.0
29;58;6;0.0
29;58;7;0.0
29;58;8;0.0
30;58;1;0.0
30;58;2;0.0
30;58;3;0.0
30;58;4;0.0
30;58;5;0.0
30;58;6;0.0
30;58;7;0.0
30;58;8;0.0
31;58;1;0.0
31;58;2;0.0
31;58;3;0.0
31;58;4;0.0
31;58;5;0.0
31;58;6;0.0
31;58;7;0.0
31;58;8;0.0
32;58;1;0.0
32;58;2;0.0
32;58;3;0.0
32;58;4;0.0
32;58;5;0.0
32;58;6;0.0
32;58;7;0.0
32;58;8;0.0
33;58;1;0.0
33;58;2;0.0
33;58;3;0.0
33;58;4;0.0
33;58;5;0.0
33;58;6;0.0
33;58;7;0.0
33;58;8;0.0
34;58;1;0.0
34;58;2;0.0
34;58;3;0.0
34;58;4;0.0
34;58;5;0.0
34;58;6;0.0
34;58;7;0.0
34;58;8;0.0
35;58;1;0.0
35;58;2;0.0
35;58;3;0.0
35;58;4;0.0
35;58;5;0.0
35;58;6;0.0
35;58;7;0.0
35;58;8;0.0
36;58;1;0.0
36;58;2;0.0
36;58;3;0.0
36;58;4;0.0
36;58;5;0.0
36;58;6;0.0
36;58;7;0.0
36;58;8;0.0
37;58;1;0.0
37;58;2;0.0
37;58;3;0.0
37;58;4;0.0
37;58;5;0.0
37;58;6;0.0
37;58;7;0.0
37;58;8;0.0
38;58;1;0.0
38;58;2;0.0
38;58;3;0.0
38;58;4;0.0
38;58;5;0.0
38;58;6;0.0
38;58;7;0.0
38;58;8;0.0
39;58;1;0.0
39;58;2;0.0
39;58;3;0.0
39;58;4;0.0
39;58;5;0.0
39;58;6;0.0
39;58;7;0.0
39;58;8;0.0
40;58;1;0.0
40;58;2;0.0
40;58;3;0.0
40;58;4;0.0
40;58;5;0.0
40;58;6;0.0
40;58;7;0.0
40;58;8;0.0
41;58;1;0.0
41;58;2;0.0
41;58;3;0.0
41;58;4;0.0
41;58;5;0.0
41;58;6;0.0
41;58;7;0.0
41;58;8;0.0
42;58;1;0.0
42;58;2;0.0
42;58;3;0.0
42;58;4;0.0
42;58;5;0.0
42;58;6;0.0
42;58;7;0.0
42;58;8;0.0
43;58;1;0.0
43;58;2;0.0
43;58;3;0.0
43;58;4;0.0
43;58;5;0.0
43;58;6;0.0
43;58;7;0.0
43;58;8;0.0
44;58;1;0.0
44;58;2;0.0
44;58;3;0.0
44;58;4;0.0
44;58;5;0.0
44;58;6;0.0
44;58;7;0.0
44;58;8;0.0
45;58;1;0.0
45;58;2;0.0
45;58;3;0.0
45;58;4;0.0
45;58;5;0.0
45;58;6;0.0
45;58;7;0.0
45;58;8;0.0
46;58;1;0.0
46;58;2;0.0
46;58;3;0.0
46;58;4;0.0
46;58;5;0.0
46;58;6;0.0
46;58;7;0.0
46;58;8;0.0
47;58;1;0.0
47;58;2;0.0
47;58;3;0.0
47;58;4;-2.61203286574243e-09
47;58;5;0.0
47;58;6;0.0
47;58;7;0.0
47;58;8;0.0
48;58;1;0.0
48;58;2;0.0
48;58;3;0.0
48;58;4;0.0
48;58;5;0.0
48;58;6;0.0
48;58;7;0.0
48;58;8;0.0
49;58;1;0.0
49;58;2;0.0
49;58;3;0.0
49;58;4;0.0
49;58;5;0.0
49;58;6;0.0
49;58;7;0.0
49;58;8;0.0
50;58;1;0.0
50;58;2;0.0
50;58;3;0.0
50;58;4;0.0
50;58;5;0.0
50;58;6;0.0
50;58;7;0.0
50;58;8;0.0
51;58;1;0.0
51;58;2;0.0
51;58;3;0.0
51;58;4;0.0
51;58;5;0.0
51;58;6;0.0
51;58;7;0.0
51;58;8;0.0
52;58;1;0.0
52;58;2;0.0
52;58;3;0.0
52;58;4;-3.186606951285502e-13
52;58;5;0.0
52;58;6;0.0
52;58;7;0.0
52;58;8;0.0
53;58;1;0.0
53;58;2;0.0
53;58;3;0.0
53;58;4;0.0
53;58;5;0.0
53;58;6;0.0
53;58;7;0.0
53;58;8;0.0
54;58;1;0.0
54;58;2;0.0
54;58;3;0.0
54;58;4;-8.75358638320438e-15
54;58;5;0.0
54;58;6;0.0
54;58;7;0.0
54;58;8;0.0
55;58;1;0.0
55;58;2;0.0
55;58;3;0.0
55;58;4;0.0
55;58;5;0.0
55;58;6;0.0
55;58;7;0.0
55;58;8;0.0
56;58;1;0.0
56;58;2;0.0
56;58;3;0.0
56;58;4;0.0
56;58;5;0.0
56;58;6;0.0
56;58;7;0.0
56;58;8;0.0
57;58;1;0.0
57;58;2;0.0
57;58;3;0.0
57;58;4;0.0
57;58;5;0.0
57;58;6;0.0
57;58;7;0.0
57;58;8;0.0
58;58;1;0.0
58;58;2;0.0
58;58;3;0.0
58;58;4;0.0
58;58;5;0.0
58;58;6;0.0
58;58;7;0.0
58;58;8;0.0
59;58;1;0.0
59;58;2;0.0
59;58;3;0.0
59;58;4;0.0
59;58;5;0.0
59;58;6;0.0
59;58;7;0.0
59;58;8;0.0
1;59;1;0.0
1;59;2;0.0
1;59;3;0.0
1;59;4;0.0
1;59;5;0.0
1;59;6;0.0
1;59;7;0.0
1;59;8;0.0
2;59;1;0.0
2;59;2;0.0
2;59;3;0.0
2;59;4;0.0
2;59;5;0.0
2;59;6;0.0
2;59;7;0.0
2;59;8;0.0
3;59;1;0.0
3;59;2;0.0
3;59;3;0.0
3;59;4;0.0
3;59;5;0.0
3;59;6;0.0
3;59;7;0.0
3;59;8;0.0
4;59;1;0.0
4;59;2;0.0
4;59;3;0.0
4;59;4;0.0
4;59;5;0.0
4;59;6;0.0
4;59;7;0.0
4;59;8;0.0
5;59;1;0.0
5;59;2;0.0
5;59;3;0.0
5;59;4;0.0
5;59;5;0.0
5;59;6;0.0
5;59;7;0.0
5;59;8;0.0
6;59;1;0.0
6;59;2;0.0
6;59;3;0.0
6;59;4;0.0
6;59;5;0.0
6;59;6;0.0
6;59;7;0.0
6;59;8;0.0
7;59;1;0.0
7;59;2;0.0
7;59;3;0.0
7;59;4;0.0
7;59;5;0.0
7;59;6;0.0
7;59;7;0.0
7;59;8;0.0
8;59;1;0.0
8;59;2;0.0
8;59;3;0.0
8;59;4;0.0
8;59;5;0.0
8;59;6;0.0
8;59;7;0.0
8;59;8;0.0
9;59;1;0.0
9;59;2;0.0
9;59;3;0.0
9;59;4;0.0
9;59;5;0.0
9;59;6;0.0
9;59;7;0.0
9;59;8;0.0
10;59;1;0.0
10;59;2;0.0
10;59;3;0.0
10;59;4;0.0
10;59;5;0.0
10;59;6;0.0
10;59;7;0.0
10;59;8;0.0
11;59;1;0.0
11;59;2;0.0
11;59;3;0.0
11;59;4;0.0
11;59;5;0.0
11;59;6;0.0
11;59;7;0.0
11;59;8;0.0
12;59;1;0.0
12;59;2;0.0
12;59;3;0.0
12;59;4;0.0
12;59;5;0.0
12;59;6;0.0
12;59;7;0.0
12;59;8;0.0
13;59;1;0.0
13;59;2;0.0
13;59;3;0.0
13;59;4;0.0
13;59;5;0.0
13;59;6;0.0
13;59;7;0.0
13;59;8;0.0
14;59;1;0.0
14;59;2;0.0
14;59;3;0.0
14;59;4;0.0
14;59;5;0.0
14;59;6;0.0
14;59;7;0.0
14;59;8;0.0
15;59;1;0.0
15;59;2;0.0
15;59;3;0.0
15;59;4;0.0
15;59;5;0.0
15;59;6;0.0
15;59;7;0.0
15;59;8;0.0
16;59;1;0.0
16;59;2;0.0
16;59;3;0.0
16;59;4;0.0
16;59;5;0.0
16;59;6;0.0
16;59;7;0.0
16;59;8;0.0
17;59;1;-9.70603429495225e-18
17;59;2;-9.70603429495225e-18
17;59;3;-3.5538742322227445e-17
17;59;4;-0.9999999974428799
17;59;5;-9.70603429495225e-18
17;59;6;-9.70603429495225e-18
17;59;7;-9.70603429495225e-18
17;59;8;-9.70603429495225e-18
18;59;1;0.0
18;59;2;0.0
18;59;3;0.0
18;59;4;0.0
18;59;5;0.0
18;59;6;0.0
18;59;7;0.0
18;59;8;0.0
19;59;1;0.0
19;59;2;0.0
19;59;3;0.0
19;59;4;0.0
19;59;5;0.0
19;59;6;0.0
19;59;7;0.0
19;59;8;0.0
20;59;1;0.0
20;59;2;0.0
20;59;3;-2.6541203821095905e-17
20;59;4;0.0
20;59;5;0.0
20;59;6;0.0
20;59;7;0.0
20;59;8;0.0
21;59;1;-1.1317257623910776e-17
21;59;2;-1.1317257623910776e-17
21;59;3;-3.3972456642237606e-17
21;59;4;-2.94765239852015e-13
21;59;5;-1.1317257623910776e-17
21;59;6;-1.1317257623910776e-17
21;59;7;-1.1317257623910776e-17
21;59;8;-1.1317257623910776e-17
22;59;1;-2.43303567797113e-17
22;59;2;-2.43303567797113e-17
22;59;3;-8.869373639620687e-17
22;59;4;-4.884981308350689e-14
22;59;5;-2.43303567797113e-17
22;59;6;-2.43303567797113e-17
22;59;7;-2.43303567797113e-17
22;59;8;-2.43303567797113e-17
23;59;1;0.0
23;59;2;0.0
23;59;3;0.0
23;59;4;0.0
23;59;5;0.0
23;59;6;0.0
23;59;7;0.0
23;59;8;0.0
24;59;1;0.0
24;59;2;0.0
24;59;3;0.0
24;59;4;0.0
24;59;5;0.0
24;59;6;0.0
24;59;7;0.0
24;59;8;0.0
25;59;1;0.0
25;59;2;0.0
25;59;3;0.0
25;59;4;0.0
25;59;5;0.0
25;59;6;0.0
25;59;7;0.0
25;59;8;0.0
26;59;1;0.0
26;59;2;0.0
26;59;3;0.0
26;59;4;0.0
26;59;5;0.0
26;59;6;0.0
26;59;7;0.0
26;59;8;0.0
27;59;1;0.0
27;59;2;0.0
27;59;3;0.0
27;59;4;0.0
27;59;5;0.0
27;59;6;0.0
27;59;7;0.0
27;59;8;0.0
28;59;1;0.0
28;59;2;0.0
28;59;3;0.0
28;59;4;0.0
28;59;5;0.0
28;59;6;0.0
28;59;7;0.0
28;59;8;0.0
29;59;1;0.0
29;59;2;0.0
29;59;3;0.0
29;59;4;0.0
29;59;5;0.0
29;59;6;0.0
29;59;7;0.0
29;59;8;0.0
30;59;1;0.0
30;59;2;0.0
30;59;3;0.0
30;59;4;0.0
30;59;5;0.0
30;59;6;0.0
30;59;7;0.0
30;59;8;0.0
31;59;1;0.0
31;59;2;0.0
31;59;3;0.0
31;59;4;0.0
31;59;5;0.0
31;59;6;0.0
31;59;7;0.0
31;59;8;0.0
32;59;1;0.0
32;59;2;0.0
32;59;3;0.0
32;59;4;0.0
32;59;5;0.0
32;59;6;0.0
32;59;7;0.0
32;59;8;0.0
33;59;1;0.0
33;59;2;0.0
33;59;3;0.0
33;59;4;0.0
33;59;5;0.0
33;59;6;0.0
33;59;7;0.0
33;59;8;0.0
34;59;1;0.0
34;59;2;0.0
34;59;3;0.0
34;59;4;0.0
34;59;5;0.0
34;59;6;0.0
34;59;7;0.0
34;59;8;0.0
35;59;1;0.0
35;59;2;0.0
35;59;3;0.0
35;59;4;0.0
35;59;5;0.0
35;59;6;0.0
35;59;7;0.0
35;59;8;0.0
36;59;1;0.0
36;59;2;0.0
36;59;3;0.0
36;59;4;0.0
36;59;5;0.0
36;59;6;0.0
36;59;7;0.0
36;59;8;0.0
37;59;1;0.0
37;59;2;0.0
37;59;3;0.0
37;59;4;0.0
37;59;5;0.0
37;59;6;0.0
37;59;7;0.0
37;59;8;0.0
38;59;1;0.0
38;59;2;0.0
38;59;3;0.0
38;59;4;0.0
38;59;5;0.0
38;59;6;0.0
38;59;7;0.0
38;59;8;0.0
39;59;1;0.0
39;59;2;0.0
39;59;3;0.0
39;59;4;0.0
39;59;5;0.0
39;59;6;0.0
39;59;7;0.0
39;59;8;0.0
40;59;1;0.0
40;59;2;0.0
40;59;3;0.0
40;59;4;0.0
40;59;5;0.0
40;59;6;0.0
40;59;7;0.0
40;59;8;0.0
41;59;1;0.0
41;59;2;0.0
41;59;3;0.0
41;59;4;0.0
41;59;5;0.0
41;59;6;0.0
41;59;7;0.0
41;59;8;0.0
42;59;1;0.0
42;59;2;0.0
42;59;3;0.0
42;59;4;0.0
42;59;5;0.0
42;59;6;0.0
42;59;7;0.0
42;59;8;0.0
43;59;1;0.0
43;59;2;0.0
43;59;3;0.0
43;59;4;0.0
43;59;5;0.0
43;59;6;0.0
43;59;7;0.0
43;59;8;0.0
44;59;1;0.0
44;59;2;0.0
44;59;3;0.0
44;59;4;0.0
44;59;5;0.0
44;59;6;0.0
44;59;7;0.0
44;59;8;0.0
45;59;1;0.0
45;59;2;0.0
45;59;3;0.0
45;59;4;0.0
45;59;5;0.0
45;59;6;0.0
45;59;7;0.0
45;59;8;0.0
46;59;1;0.0
46;59;2;0.0
46;59;3;0.0
46;59;4;0.0
46;59;5;0.0
46;59;6;0.0
46;59;7;0.0
46;59;8;0.0
47;59;1;-1.7721465056168822e-17
47;59;2;-1.7721465056168822e-17
47;59;3;-8.244455031277525e-17
47;59;4;-2.5551715979712706e-09
47;59;5;-1.7721465056168822e-17
47;59;6;-1.7721465056168822e-17
47;59;7;-1.7721465056168822e-17
47;59;8;-1.7721465056168822e-17
48;59;1;0.0
48;59;2;0.0
48;59;3;0.0
48;59;4;0.0
48;59;5;0.0
48;59;6;0.0
48;59;7;0.0
48;59;8;0.0
49;59;1;0.0
49;59;2;0.0
49;59;3;0.0
49;59;4;0.0
49;59;5;0.0
49;59;6;0.0
49;59;7;0.0
49;59;8;0.0
50;59;1;0.0
50;59;2;0.0
50;59;3;0.0
50;59;4;0.0
50;59;5;0.0
50;59;6;0.0
50;59;7;0.0
50;59;8;0.0
51;59;1;0.0
51;59;2;0.0
51;59;3;0.0
51;59;4;0.0
51;59;5;0.0
51;59;6;0.0
51;59;7;0.0
51;59;8;0.0
52;59;1;0.0
52;59;2;0.0
52;59;3;0.0
52;59;4;-3.228132460217061e-13
52;59;5;0.0
52;59;6;0.0
52;59;7;0.0
52;59;8;0.0
53;59;1;0.0
53;59;2;0.0
53;59;3;0.0
53;59;4;0.0
53;59;5;0.0
53;59;6;0.0
53;59;7;0.0
53;59;8;0.0
54;59;1;0.0
54;59;2;0.0
54;59;3;0.0
54;59;4;-8.25737459779141e-15
54;59;5;0.0
54;59;6;0.0
54;59;7;0.0
54;59;8;0.0
55;59;1;0.0
55;59;2;0.0
55;59;3;0.0
55;59;4;0.0
55;59;5;0.0
55;59;6;0.0
55;59;7;0.0
55;59;8;0.0
56;59;1;0.0
56;59;2;0.0
56;59;3;0.0
56;59;4;0.0
56;59;5;0.0
56;59;6;0.0
56;59;7;0.0
56;59;8;0.0
57;59;1;0.0
57;59;2;0.0
57;59;3;0.0
57;59;4;0.0
57;59;5;0.0
57;59;6;0.0
57;59;7;0.0
57;59;8;0.0
58;59;1;0.0
58;59;2;0.0
58;59;3;0.0
58;59;4;0.0
58;59;5;0.0
58;59;6;0.0
58;59;7;0.0
58;59;8;0.0
59;59;1;0.0
59;59;2;0.0
59;59;3;0.0
59;59;4;0.0
59;59;5;0.0
59;59;6;0.0
59;59;7;0.0
59;59;8;0.0
1;60;1;0.0
1;60;2;0.0
1;60;3;0.0
1;60;4;0.0
1;60;5;0.0
1;60;6;0.0
1;60;7;0.0
1;60;8;0.0
2;60;1;0.0
2;60;2;0.0
2;60;3;0.0
2;60;4;0.0
2;60;5;0.0
2;60;6;0.0
2;60;7;0.0
2;60;8;0.0
3;60;1;0.0
3;60;2;0.0
3;60;3;0.0
3;60;4;0.0
3;60;5;0.0
3;60;6;0.0
3;60;7;0.0
3;60;8;0.0
4;60;1;0.0
4;60;2;0.0
4;60;3;0.0
4;60;4;0.0
4;60;5;0.0
4;60;6;0.0
4;60;7;0.0
4;60;8;0.0
5;60;1;0.0
5;60;2;0.0
5;60;3;0.0
5;60;4;0.0
5;60;5;0.0
5;60;6;0.0
5;60;7;0.0
5;60;8;0.0
6;60;1;0.0
6;60;2;0.0
6;60;3;0.0
6;60;4;0.0
6;60;5;0.0
6;60;6;0.0
6;60;7;0.0
6;60;8;0.0
7;60;1;0.0
7;60;2;0.0
7;60;3;0.0
7;60;4;0.0
7;60;5;0.0
7;60;6;0.0
7;60;7;0.0
7;60;8;0.0
8;60;1;0.0
8;60;2;0.0
8;60;3;0.0
8;60;4;0.0
8;60;5;0.0
8;60;6;0.0
8;60;7;0.0
8;60;8;0.0
9;60;1;0.0
9;60;2;0.0
9;60;3;0.0
9;60;4;0.0
9;60;5;0.0
9;60;6;0.0
9;60;7;0.0
9;60;8;0.0
10;60;1;0.0
10;60;2;0.0
10;60;3;0.0
10;60;4;0.0
10;60;5;0.0
10;60;6;0.0
10;60;7;0.0
10;60;8;0.0
11;60;1;0.0
11;60;2;0.0
11;60;3;0.0
11;60;4;0.0
11;60;5;0.0
11;60;6;0.0
11;60;7;0.0
11;60;8;0.0
12;60;1;0.0
12;60;2;0.0
12;60;3;0.0
12;60;4;0.0
12;60;5;0.0
12;60;6;0.0
12;60;7;0.0
12;60;8;0.0
13;60;1;0.0
13;60;2;0.0
13;60;3;0.0
13;60;4;0.0
13;60;5;0.0
13;60;6;0.0
13;60;7;0.0
13;60;8;0.0
14;60;1;0.0
14;60;2;0.0
14;60;3;0.0
14;60;4;0.0
14;60;5;0.0
14;60;6;0.0
14;60;7;0.0
14;60;8;0.0
15;60;1;0.0
15;60;2;0.0
15;60;3;0.0
15;60;4;0.0
15;60;5;0.0
15;60;6;0.0
15;60;7;0.0
15;60;8;0.0
16;60;1;0.0
16;60;2;0.0
16;60;3;0.0
16;60;4;0.0
16;60;5;0.0
16;60;6;0.0
16;60;7;0.0
16;60;8;0.0
17;60;1;-1.1660607973663016e-17
17;60;2;-1.1660607973663016e-17
17;60;3;-4.4641394428215094e-17
17;60;4;-0.9999999976033972
17;60;5;-1.1660607973663016e-17
17;60;6;-1.1660607973663016e-17
17;60;7;-1.1660607973663016e-17
17;60;8;-1.1660607973663016e-17
18;60;1;0.0
18;60;2;0.0
18;60;3;0.0
18;60;4;0.0
18;60;5;0.0
18;60;6;0.0
18;60;7;0.0
18;60;8;0.0
19;60;1;0.0
19;60;2;0.0
19;60;3;0.0
19;60;4;0.0
19;60;5;0.0
19;60;6;0.0
19;60;7;0.0
19;60;8;0.0
20;60;1;0.0
20;60;2;0.0
20;60;3;-3.089915914454338e-17
20;60;4;0.0
20;60;5;0.0
20;60;6;0.0
20;60;7;0.0
20;60;8;0.0
21;60;1;-1.2749209882832269e-17
21;60;2;-1.2749209882832269e-17
21;60;3;-4.4176260938625895e-17
21;60;4;-2.9241008578854434e-13
21;60;5;-1.2749209882832269e-17
21;60;6;-1.2749209882832269e-17
21;60;7;-1.2749209882832269e-17
21;60;8;-1.2749209882832269e-17
22;60;1;-2.9434967420961324e-17
22;60;2;-2.9434967420961324e-17
22;60;3;-1.167963878633936e-16
22;60;4;-4.707345624410664e-14
22;60;5;-2.9434967420961324e-17
22;60;6;-2.9434967420961324e-17
22;60;7;-2.9434967420961324e-17
22;60;8;-2.9434967420961324e-17
23;60;1;0.0
23;60;2;0.0
23;60;3;0.0
23;60;4;0.0
23;60;5;0.0
23;60;6;0.0
23;60;7;0.0
23;60;8;0.0
24;60;1;0.0
24;60;2;0.0
24;60;3;0.0
24;60;4;0.0
24;60;5;0.0
24;60;6;0.0
24;60;7;0.0
24;60;8;0.0
25;60;1;0.0
25;60;2;0.0
25;60;3;0.0
25;60;4;0.0
25;60;5;0.0
25;60;6;0.0
25;60;7;0.0
25;60;8;0.0
26;60;1;0.0
26;60;2;0.0
26;60;3;0.0
26;60;4;0.0
26;60;5;0.0
26;60;6;0.0
26;60;7;0.0
26;60;8;0.0
27;60;1;0.0
27;60;2;0.0
27;60;3;0.0
27;60;4;0.0
27;60;5;0.0
27;60;6;0.0
27;60;7;0.0
27;60;8;0.0
28;60;1;0.0
28;60;2;0.0
28;60;3;0.0
28;60;4;0.0
28;60;5;0.0
28;60;6;0.0
28;60;7;0.0
28;60;8;0.0
29;60;1;0.0
29;60;2;0.0
29;60;3;0.0
29;60;4;0.0
29;60;5;0.0
29;60;6;0.0
29;60;7;0.0
29;60;8;0.0
30;60;1;0.0
30;60;2;0.0
30;60;3;0.0
30;60;4;0.0
30;60;5;0.0
30;60;6;0.0
30;60;7;0.0
30;60;8;0.0
31;60;1;0.0
31;60;2;0.0
31;60;3;0.0
31;60;4;0.0
31;60;5;0.0
31;60;6;0.0
31;60;7;0.0
31;60;8;0.0
32;60;1;0.0
32;60;2;0.0
32;60;3;0.0
32;60;4;0.0
32;60;5;0.0
32;60;6;0.0
32;60;7;0.0
32;60;8;0.0
33;60;1;0.0
33;60;2;0.0
33;60;3;0.0
33;60;4;0.0
33;60;5;0.0
33;60;6;0.0
33;60;7;0.0
33;60;8;0.0
34;60;1;0.0
34;60;2;0.0
34;60;3;0.0
34;60;4;0.0
34;60;5;0.0
34;60;6;0.0
34;60;7;0.0
34;60;8;0.0
35;60;1;0.0
35;60;2;0.0
35;60;3;0.0
35;60;4;0.0
35;60;5;0.0
35;60;6;0.0
35;60;7;0.0
35;60;8;0.0
36;60;1;0.0
36;60;2;0.0
36;60;3;0.0
36;60;4;0.0
36;60;5;0.0
36;60;6;0.0
36;60;7;0.0
36;60;8;0.0
37;60;1;0.0
37;60;2;0.0
37;60;3;0.0
37;60;4;0.0
37;60;5;0.0
37;60;6;0.0
37;60;7;0.0
37;60;8;0.0
38;60;1;0.0
38;60;2;0.0
38;60;3;0.0
38;60;4;0.0
38;60;5;0.0
38;60;6;0.0
38;60;7;0.0
38;60;8;0.0
39;60;1;0.0
39;60;2;0.0
39;60;3;0.0
39;60;4;0.0
39;60;5;0.0
39;60;6;0.0
39;60;7;0.0
39;60;8;0.0
40;60;1;0.0
40;60;2;0.0
40;60;3;0.0
40;60;4;0.0
40;60;5;0.0
40;60;6;0.0
40;60;7;0.0
40;60;8;0.0
41;60;1;0.0
41;60;2;0.0
41;60;3;0.0
41;60;4;0.0
41;60;5;0.0
41;60;6;0.0
41;60;7;0.0
41;60;8;0.0
42;60;1;0.0
42;60;2;0.0
42;60;3;0.0
42;60;4;0.0
42;60;5;0.0
42;60;6;0.0
42;60;7;0.0
42;60;8;0.0
43;60;1;0.0
43;60;2;0.0
43;60;3;0.0
43;60;4;0.0
43;60;5;0.0
43;60;6;0.0
43;60;7;0.0
43;60;8;0.0
44;60;1;0.0
44;60;2;0.0
44;60;3;0.0
44;60;4;0.0
44;60;5;0.0
44;60;6;0.0
44;60;7;0.0
44;60;8;0.0
45;60;1;0.0
45;60;2;0.0
45;60;3;0.0
45;60;4;0.0
45;60;5;0.0
45;60;6;0.0
45;60;7;0.0
45;60;8;0.0
46;60;1;0.0
46;60;2;0.0
46;60;3;0.0
46;60;4;0.0
46;60;5;0.0
46;60;6;0.0
46;60;7;0.0
46;60;8;0.0
47;60;1;-2.3097474738651547e-17
47;60;2;-2.3097474738651547e-17
47;60;3;-1.0860733183964463e-16
47;60;4;-2.393539441734177e-09
47;60;5;-2.3097474738651547e-17
47;60;6;-2.3097474738651547e-17
47;60;7;-2.3097474738651547e-17
47;60;8;-2.3097474738651547e-17
48;60;1;0.0
48;60;2;0.0
48;60;3;0.0
48;60;4;0.0
48;60;5;0.0
48;60;6;0.0
48;60;7;0.0
48;60;8;0.0
49;60;1;0.0
49;60;2;0.0
49;60;3;0.0
49;60;4;0.0
49;60;5;0.0
49;60;6;0.0
49;60;7;0.0
49;60;8;0.0
50;60;1;0.0
50;60;2;0.0
50;60;3;0.0
50;60;4;0.0
50;60;5;0.0
50;60;6;0.0
50;60;7;0.0
50;60;8;0.0
51;60;1;0.0
51;60;2;0.0
51;60;3;0.0
51;60;4;0.0
51;60;5;0.0
51;60;6;0.0
51;60;7;0.0
51;60;8;0.0
52;60;1;0.0
52;60;2;0.0
52;60;3;0.0
52;60;4;-3.256159050345892e-13
52;60;5;0.0
52;60;6;0.0
52;60;7;0.0
52;60;8;0.0
53;60;1;0.0
53;60;2;0.0
53;60;3;0.0
53;60;4;0.0
53;60;5;0.0
53;60;6;0.0
53;60;7;0.0
53;60;8;0.0
54;60;1;0.0
54;60;2;0.0
54;60;3;0.0
54;60;4;-9.222683657582246e-15
54;60;5;0.0
54;60;6;0.0
54;60;7;0.0
54;60;8;0.0
55;60;1;0.0
55;60;2;0.0
55;60;3;0.0
55;60;4;0.0
55;60;5;0.0
55;60;6;0.0
55;60;7;0.0
55;60;8;0.0
56;60;1;0.0
56;60;2;0.0
56;60;3;0.0
56;60;4;0.0
56;60;5;0.0
56;60;6;0.0
56;60;7;0.0
56;60;8;0.0
57;60;1;0.0
57;60;2;0.0
57;60;3;0.0
57;60;4;0.0
57;60;5;0.0
57;60;6;0.0
57;60;7;0.0
57;60;8;0.0
58;60;1;0.0
58;60;2;0.0
58;60;3;0.0
58;60;4;0.0
58;60;5;0.0
58;60;6;0.0
58;60;7;0.0
58;60;8;0.0
59;60;1;0.0
59;60;2;0.0
59;60;3;0.0
59;60;4;0.0
59;60;5;0.0
59;60;6;0.0
59;60;7;0.0
59;60;8;0.0
1;61;1;0.0
1;61;2;0.0
1;61;3;0.0
1;61;4;0.0
1;61;5;0.0
1;61;6;0.0
1;61;7;0.0
1;61;8;0.0
2;61;1;0.0
2;61;2;0.0
2;61;3;0.0
2;61;4;0.0
2;61;5;0.0
2;61;6;0.0
2;61;7;0.0
2;61;8;0.0
3;61;1;0.0
3;61;2;0.0
3;61;3;0.0
3;61;4;0.0
3;61;5;0.0
3;61;6;0.0
3;61;7;0.0
3;61;8;0.0
4;61;1;0.0
4;61;2;0.0
4;61;3;0.0
4;61;4;0.0
4;61;5;0.0
4;61;6;0.0
4;61;7;0.0
4;61;8;0.0
5;61;1;0.0
5;61;2;0.0
5;61;3;0.0
5;61;4;0.0
5;61;5;0.0
5;61;6;0.0
5;61;7;0.0
5;61;8;0.0
6;61;1;0.0
6;61;2;0.0
6;61;3;0.0
6;61;4;0.0
6;61;5;0.0
6;61;6;0.0
6;61;7;0.0
6;61;8;0.0
7;61;1;0.0
7;61;2;0.0
7;61;3;0.0
7;61;4;0.0
7;61;5;0.0
7;61;6;0.0
7;61;7;0.0
7;61;8;0.0
8;61;1;0.0
8;61;2;0.0
8;61;3;0.0
8;61;4;0.0
8;61;5;0.0
8;61;6;0.0
8;61;7;0.0
8;61;8;0.0
9;61;1;0.0
9;61;2;0.0
9;61;3;0.0
9;61;4;0.0
9;61;5;0.0
9;61;6;0.0
9;61;7;0.0
9;61;8;0.0
10;61;1;0.0
10;61;2;0.0
10;61;3;0.0
10;61;4;0.0
10;61;5;0.0
10;61;6;0.0
10;61;7;0.0
10;61;8;0.0
11;61;1;0.0
11;61;2;0.0
11;61;3;0.0
11;61;4;0.0
11;61;5;0.0
11;61;6;0.0
11;61;7;0.0
11;61;8;0.0
12;61;1;0.0
12;61;2;0.0
12;61;3;0.0
12;61;4;0.0
12;61;5;0.0
12;61;6;0.0
12;61;7;0.0
12;61;8;0.0
13;61;1;0.0
13;61;2;0.0
13;61;3;0.0
13;61;4;0.0
13;61;5;0.0
13;61;6;0.0
13;61;7;0.0
13;61;8;0.0
14;61;1;0.0
14;61;2;0.0
14;61;3;0.0
14;61;4;0.0
14;61;5;0.0
14;61;6;0.0
14;61;7;0.0
14;61;8;0.0
15;61;1;0.0
15;61;2;0.0
15;61;3;0.0
15;61;4;0.0
15;61;5;0.0
15;61;6;0.0
15;61;7;0.0
15;61;8;0.0
16;61;1;0.0
16;61;2;0.0
16;61;3;0.0
16;61;4;0.0
16;61;5;0.0
16;61;6;0.0
16;61;7;0.0
16;61;8;0.0
17;61;1;-1.3690169269629582e-17
17;61;2;-1.3690169269629582e-17
17;61;3;-5.112733088238292e-17
17;61;4;-7.251575071517291e-16
17;61;5;-1.3690169269629582e-17
17;61;6;-1.3690169269629582e-17
17;61;7;-1.3690169269629582e-17
17;61;8;-1.3690169269629582e-17
18;61;1;0.0
18;61;2;0.0
18;61;3;0.0
18;61;4;0.0
18;61;5;0.0
18;61;6;0.0
18;61;7;0.0
18;61;8;0.0
19;61;1;0.0
19;61;2;0.0
19;61;3;0.0
19;61;4;0.0
19;61;5;0.0
19;61;6;0.0
19;61;7;0.0
19;61;8;0.0
20;61;1;0.0
20;61;2;0.0
20;61;3;-3.109351336255554e-17
20;61;4;0.0
20;61;5;0.0
20;61;6;0.0
20;61;7;0.0
20;61;8;0.0
21;61;1;-1.508335985564282e-17
21;61;2;-1.508335985564282e-17
21;61;3;-5.3048288794925684e-17
21;61;4;-1.3162278701637297e-15
21;61;5;-1.508335985564282e-17
21;61;6;-1.508335985564282e-17
21;61;7;-1.508335985564282e-17
21;61;8;-1.508335985564282e-17
22;61;1;-3.485196583443242e-17
22;61;2;-3.485196583443242e-17
22;61;3;-1.2292399861817533e-16
22;61;4;-0.0
22;61;5;-3.485196583443242e-17
22;61;6;-3.485196583443242e-17
22;61;7;-3.485196583443242e-17
22;61;8;-3.485196583443242e-17
23;61;1;0.0
23;61;2;0.0
23;61;3;0.0
23;61;4;0.0
23;61;5;0.0
23;61;6;0.0
23;61;7;0.0
23;61;8;0.0
24;61;1;0.0
24;61;2;0.0
24;61;3;0.0
24;61;4;0.0
24;61;5;0.0
24;61;6;0.0
24;61;7;0.0
24;61;8;0.0
25;61;1;0.0
25;61;2;0.0
25;61;3;0.0
25;61;4;0.0
25;61;5;0.0
25;61;6;0.0
25;61;7;0.0
25;61;8;0.0
26;61;1;0.0
26;61;2;0.0
26;61;3;0.0
26;61;4;0.0
26;61;5;0.0
26;61;6;0.0
26;61;7;0.0
26;61;8;0.0
27;61;1;0.0
27;61;2;0.0
27;61;3;0.0
27;61;4;0.0
27;61;5;0.0
27;61;6;0.0
27;61;7;0.0
27;61;8;0.0
28;61;1;0.0
28;61;2;0.0
28;61;3;0.0
28;61;4;0.0
28;61;5;0.0
28;61;6;0.0
28;61;7;0.0
28;61;8;0.0
29;61;1;0.0
29;61;2;0.0
29;61;3;0.0
29;61;4;0.0
29;61;5;0.0
29;61;6;0.0
29;61;7;0.0
29;61;8;0.0
30;61;1;0.0
30;61;2;0.0
30;61;3;0.0
30;61;4;0.0
30;61;5;0.0
30;61;6;0.0
30;61;7;0.0
30;61;8;0.0
31;61;1;0.0
31;61;2;0.0
31;61;3;0.0
31;61;4;0.0
31;61;5;0.0
31;61;6;0.0
31;61;7;0.0
31;61;8;0.0
32;61;1;0.0
32;61;2;0.0
32;61;3;0.0
32;61;4;0.0
32;61;5;0.0
32;61;6;0.0
32;61;7;0.0
32;61;8;0.0
33;61;1;0.0
33;61;2;0.0
33;61;3;0.0
33;61;4;0.0
33;61;5;0.0
33;61;6;0.0
33;61;7;0.0
33;61;8;0.0
34;61;1;0.0
34;61;2;0.0
34;61;3;0.0
34;61;4;0.0
34;61;5;0.0
34;61;6;0.0
34;61;7;0.0
34;61;8;0.0
35;61;1;0.0
35;61;2;0.0
35;61;3;0.0
35;61;4;0.0
35;61;5;0.0
35;61;6;0.0
35;61;7;0.0
35;61;8;0.0
36;61;1;0.0
36;61;2;0.0
36;61;3;0.0
36;61;4;0.0
36;61;5;0.0
36;61;6;0.0
36;61;7;0.0
36;61;8;0.0
37;61;1;0.0
37;61;2;0.0
37;61;3;0.0
37;61;4;0.0
37;61;5;0.0
37;61;6;0.0
37;61;7;0.0
37;61;8;0.0
38;61;1;0.0
38;61;2;0.0
38;61;3;0.0
38;61;4;0.0
38;61;5;0.0
38;61;6;0.0
38;61;7;0.0
38;61;8;0.0
39;61;1;0.0
39;61;2;0.0
39;61;3;0.0
39;61;4;0.0
39;61;5;0.0
39;61;6;0.0
39;61;7;0.0
39;61;8;0.0
40;61;1;0.0
40;61;2;0.0
40;61;3;0.0
40;61;4;0.0
40;61;5;0.0
40;61;6;0.0
40;61;7;0.0
40;61;8;0.0
41;61;1;0.0
41;61;2;0.0
41;61;3;0.0
41;61;4;0.0
41;61;5;0.0
41;61;6;0.0
41;61;7;0.0
41;61;8;0.0
42;61;1;0.0
42;61;2;0.0
42;61;3;0.0
42;61;4;0.0
42;61;5;0.0
42;61;6;0.0
42;61;7;0.0
42;61;8;0.0
43;61;1;0.0
43;61;2;0.0
43;61;3;0.0
43;61;4;0.0
43;61;5;0.0
43;61;6;0.0
43;61;7;0.0
43;61;8;0.0
44;61;1;0.0
44;61;2;0.0
44;61;3;0.0
44;61;4;0.0
44;61;5;0.0
44;61;6;0.0
44;61;7;0.0
44;61;8;0.0
45;61;1;0.0
45;61;2;0.0
45;61;3;0.0
45;61;4;0.0
45;61;5;0.0
45;61;6;0.0
45;61;7;0.0
45;61;8;0.0
46;61;1;0.0
46;61;2;0.0
46;61;3;0.0
46;61;4;0.0
46;61;5;0.0
46;61;6;0.0
46;61;7;0.0
46;61;8;0.0
47;61;1;-2.8553369104309406e-17
47;61;2;-2.8553369104309406e-17
47;61;3;-1.1216582315754236e-16
47;61;4;-1.8824219317594864e-15
47;61;5;-2.8553369104309406e-17
47;61;6;-2.8553369104309406e-17
47;61;7;-2.8553369104309406e-17
47;61;8;-2.8553369104309406e-17
48;61;1;0.0
48;61;2;0.0
48;61;3;0.0
48;61;4;0.0
48;61;5;0.0
48;61;6;0.0
48;61;7;0.0
48;61;8;0.0
49;61;1;0.0
49;61;2;0.0
49;61;3;0.0
49;61;4;0.0
49;61;5;0.0
49;61;6;0.0
49;61;7;0.0
49;61;8;0.0
50;61;1;0.0
50;61;2;0.0
50;61;3;0.0
50;61;4;0.0
50;61;5;0.0
50;61;6;0.0
50;61;7;0.0
50;61;8;0.0
51;61;1;0.0
51;61;2;0.0
51;61;3;0.0
51;61;4;0.0
51;61;5;0.0
51;61;6;0.0
51;61;7;0.0
51;61;8;0.0
52;61;1;0.0
52;61;2;0.0
52;61;3;0.0
52;61;4;-1.2062254290328896e-15
52;61;5;0.0
52;61;6;0.0
52;61;7;0.0
52;61;8;0.0
53;61;1;0.0
53;61;2;0.0
53;61;3;0.0
53;61;4;0.0
53;61;5;0.0
53;61;6;0.0
53;61;7;0.0
53;61;8;0.0
54;61;1;0.0
54;61;2;0.0
54;61;3;0.0
54;61;4;-3.0238637430762904e-16
54;61;5;0.0
54;61;6;0.0
54;61;7;0.0
54;61;8;0.0
55;61;1;0.0
55;61;2;0.0
55;61;3;0.0
55;61;4;0.0
55;61;5;0.0
55;61;6;0.0
55;61;7;0.0
55;61;8;0.0
56;61;1;0.0
56;61;2;0.0
56;61;3;0.0
56;61;4;0.0
56;61;5;0.0
56;61;6;0.0
56;61;7;0.0
56;61;8;0.0
57;61;1;0.0
57;61;2;0.0
57;61;3;0.0
57;61;4;0.0
57;61;5;0.0
57;61;6;0.0
57;61;7;0.0
57;61;8;0.0
58;61;1;0.0
58;61;2;0.0
58;61;3;0.0
58;61;4;0.0
58;61;5;0.0
58;61;6;0.0
58;61;7;0.0
58;61;8;0.0
59;61;1;0.0
59;61;2;0.0
59;61;3;0.0
59;61;4;0.0
59;61;5;0.0
59;61;6;0.0
59;61;7;0.0
59;61;8;0.0
1;62;1;0.0
1;62;2;0.0
1;62;3;0.0
1;62;4;0.0
1;62;5;0.0
1;62;6;0.0
1;62;7;0.0
1;62;8;0.0
2;62;1;0.0
2;62;2;0.0
2;62;3;0.0
2;62;4;0.0
2;62;5;0.0
2;62;6;0.0
2;62;7;0.0
2;62;8;0.0
3;62;1;0.0
3;62;2;0.0
3;62;3;0.0
3;62;4;0.0
3;62;5;0.0
3;62;6;0.0
3;62;7;0.0
3;62;8;0.0
4;62;1;0.0
4;62;2;0.0
4;62;3;0.0
4;62;4;0.0
4;62;5;0.0
4;62;6;0.0
4;62;7;0.0
4;62;8;0.0
5;62;1;0.0
5;62;2;0.0
5;62;3;0.0
5;62;4;0.0
5;62;5;0.0
5;62;6;0.0
5;62;7;0.0
5;62;8;0.0
6;62;1;0.0
6;62;2;0.0
6;62;3;0.0
6;62;4;0.0
6;62;5;0.0
6;62;6;0.0
6;62;7;0.0
6;62;8;0.0
7;62;1;0.0
7;62;2;0.0
7;62;3;0.0
7;62;4;0.0
7;62;5;0.0
7;62;6;0.0
7;62;7;0.0
7;62;8;0.0
8;62;1;0.0
8;62;2;0.0
8;62;3;0.0
8;62;4;0.0
8;62;5;0.0
8;62;6;0.0
8;62;7;0.0
8;62;8;0.0
9;62;1;0.0
9;62;2;0.0
9;62;3;0.0
9;62;4;0.0
9;62;5;0.0
9;62;6;0.0
9;62;7;0.0
9;62;8;0.0
10;62;1;0.0
10;62;2;0.0
10;62;3;0.0
10;62;4;0.0
10;62;5;0.0
10;62;6;0.0
10;62;7;0.0
10;62;8;0.0
11;62;1;0.0
11;62;2;0.0
11;62;3;0.0
11;62;4;0.0
11;62;5;0.0
11;62;6;0.0
11;62;7;0.0
11;62;8;0.0
12;62;1;0.0
12;62;2;0.0
12;62;3;0.0
12;62;4;0.0
12;62;5;0.0
12;62;6;0.0
12;62;7;0.0
12;62;8;0.0
13;62;1;0.0
13;62;2;0.0
13;62;3;0.0
13;62;4;0.0
13;62;5;0.0
13;62;6;0.0
13;62;7;0.0
13;62;8;0.0
14;62;1;0.0
14;62;2;0.0
14;62;3;0.0
14;62;4;0.0
14;62;5;0.0
14;62;6;0.0
14;62;7;0.0
14;62;8;0.0
15;62;1;0.0
15;62;2;0.0
15;62;3;0.0
15;62;4;0.0
15;62;5;0.0
15;62;6;0.0
15;62;7;0.0
15;62;8;0.0
16;62;1;0.0
16;62;2;0.0
16;62;3;0.0
16;62;4;0.0
16;62;5;0.0
16;62;6;0.0
16;62;7;0.0
16;62;8;0.0
17;62;1;-1.6170156738929083e-17
17;62;2;-1.6170156738929083e-17
17;62;3;-5.68024569370235e-17
17;62;4;-0.9999999999896602
17;62;5;-1.6170156738929083e-17
17;62;6;-1.6170156738929083e-17
17;62;7;-1.6170156738929083e-17
17;62;8;-1.6170156738929083e-17
18;62;1;0.0
18;62;2;0.0
18;62;3;0.0
18;62;4;0.0
18;62;5;0.0
18;62;6;0.0
18;62;7;0.0
18;62;8;0.0
19;62;1;0.0
19;62;2;0.0
19;62;3;0.0
19;62;4;0.0
19;62;5;0.0
19;62;6;0.0
19;62;7;0.0
19;62;8;0.0
20;62;1;0.0
20;62;2;0.0
20;62;3;-2.877802628992564e-17
20;62;4;0.0
20;62;5;0.0
20;62;6;0.0
20;62;7;0.0
20;62;8;0.0
21;62;1;-1.8543130990996977e-17
21;62;2;-1.8543130990996977e-17
21;62;3;-6.167002213800324e-17
21;62;4;-2.947154538285275e-13
21;62;5;-1.8543130990996977e-17
21;62;6;-1.8543130990996977e-17
21;62;7;-1.8543130990996977e-17
21;62;8;-1.8543130990996977e-17
22;62;1;-4.490843083888776e-17
22;62;2;-4.490843083888776e-17
22;62;3;-1.2660052110498117e-16
22;62;4;-4.796163466380676e-14
22;62;5;-4.490843083888776e-17
22;62;6;-4.490843083888776e-17
22;62;7;-4.490843083888776e-17
22;62;8;-4.490843083888776e-17
23;62;1;0.0
23;62;2;0.0
23;62;3;0.0
23;62;4;0.0
23;62;5;0.0
23;62;6;0.0
23;62;7;0.0
23;62;8;0.0
24;62;1;0.0
24;62;2;0.0
24;62;3;0.0
24;62;4;0.0
24;62;5;0.0
24;62;6;0.0
24;62;7;0.0
24;62;8;0.0
25;62;1;0.0
25;62;2;0.0
25;62;3;0.0
25;62;4;0.0
25;62;5;0.0
25;62;6;0.0
25;62;7;0.0
25;62;8;0.0
26;62;1;0.0
26;62;2;0.0
26;62;3;0.0
26;62;4;0.0
26;62;5;0.0
26;62;6;0.0
26;62;7;0.0
26;62;8;0.0
27;62;1;0.0
27;62;2;0.0
27;62;3;0.0
27;62;4;0.0
27;62;5;0.0
27;62;6;0.0
27;62;7;0.0
27;62;8;0.0
28;62;1;0.0
28;62;2;0.0
28;62;3;0.0
28;62;4;0.0
28;62;5;0.0
28;62;6;0.0
28;62;7;0.0
28;62;8;0.0
29;62;1;0.0
29;62;2;0.0
29;62;3;0.0
29;62;4;0.0
29;62;5;0.0
29;62;6;0.0
29;62;7;0.0
29;62;8;0.0
30;62;1;0.0
30;62;2;0.0
30;62;3;0.0
30;62;4;0.0
30;62;5;0.0
30;62;6;0.0
30;62;7;0.0
30;62;8;0.0
31;62;1;0.0
31;62;2;0.0
31;62;3;0.0
31;62;4;0.0
31;62;5;0.0
31;62;6;0.0
31;62;7;0.0
31;62;8;0.0
32;62;1;0.0
32;62;2;0.0
32;62;3;0.0
32;62;4;0.0
32;62;5;0.0
32;62;6;0.0
32;62;7;0.0
32;62;8;0.0
33;62;1;0.0
33;62;2;0.0
33;62;3;0.0
33;62;4;0.0
33;62;5;0.0
33;62;6;0.0
33;62;7;0.0
33;62;8;0.0
34;62;1;0.0
34;62;2;0.0
34;62;3;0.0
34;62;4;0.0
34;62;5;0.0
34;62;6;0.0
34;62;7;0.0
34;62;8;0.0
35;62;1;0.0
35;62;2;0.0
35;62;3;0.0
35;62;4;0.0
35;62;5;0.0
35;62;6;0.0
35;62;7;0.0
35;62;8;0.0
36;62;1;0.0
36;62;2;0.0
36;62;3;0.0
36;62;4;0.0
36;62;5;0.0
36;62;6;0.0
36;62;7;0.0
36;62;8;0.0
37;62;1;0.0
37;62;2;0.0
37;62;3;0.0
37;62;4;0.0
37;62;5;0.0
37;62;6;0.0
37;62;7;0.0
37;62;8;0.0
38;62;1;0.0
38;62;2;0.0
38;62;3;0.0
38;62;4;0.0
38;62;5;0.0
38;62;6;0.0
38;62;7;0.0
38;62;8;0.0
39;62;1;0.0
39;62;2;0.0
39;62;3;0.0
39;62;4;0.0
39;62;5;0.0
39;62;6;0.0
39;62;7;0.0
39;62;8;0.0
40;62;1;0.0
40;62;2;0.0
40;62;3;0.0
40;62;4;0.0
40;62;5;0.0
40;62;6;0.0
40;62;7;0.0
40;62;8;0.0
41;62;1;0.0
41;62;2;0.0
41;62;3;0.0
41;62;4;0.0
41;62;5;0.0
41;62;6;0.0
41;62;7;0.0
41;62;8;0.0
42;62;1;0.0
42;62;2;0.0
42;62;3;0.0
42;62;4;0.0
42;62;5;0.0
42;62;6;0.0
42;62;7;0.0
42;62;8;0.0
43;62;1;0.0
43;62;2;0.0
43;62;3;0.0
43;62;4;0.0
43;62;5;0.0
43;62;6;0.0
43;62;7;0.0
43;62;8;0.0
44;62;1;0.0
44;62;2;0.0
44;62;3;0.0
44;62;4;0.0
44;62;5;0.0
44;62;6;0.0
44;62;7;0.0
44;62;8;0.0
45;62;1;0.0
45;62;2;0.0
45;62;3;0.0
45;62;4;0.0
45;62;5;0.0
45;62;6;0.0
45;62;7;0.0
45;62;8;0.0
46;62;1;0.0
46;62;2;0.0
46;62;3;0.0
46;62;4;0.0
46;62;5;0.0
46;62;6;0.0
46;62;7;0.0
46;62;8;0.0
47;62;1;-3.524344066577684e-17
47;62;2;-3.524344066577684e-17
47;62;3;-1.243039366806328e-16
47;62;4;-1.9748487152545465e-12
47;62;5;-3.524344066577684e-17
47;62;6;-3.524344066577684e-17
47;62;7;-3.524344066577684e-17
47;62;8;-3.524344066577684e-17
48;62;1;0.0
48;62;2;0.0
48;62;3;0.0
48;62;4;0.0
48;62;5;0.0
48;62;6;0.0
48;62;7;0.0
48;62;8;0.0
49;62;1;0.0
49;62;2;0.0
49;62;3;0.0
49;62;4;0.0
49;62;5;0.0
49;62;6;0.0
49;62;7;0.0
49;62;8;0.0
50;62;1;0.0
50;62;2;0.0
50;62;3;0.0
50;62;4;0.0
50;62;5;0.0
50;62;6;0.0
50;62;7;0.0
50;62;8;0.0
51;62;1;0.0
51;62;2;0.0
51;62;3;0.0
51;62;4;0.0
51;62;5;0.0
51;62;6;0.0
51;62;7;0.0
51;62;8;0.0
52;62;1;0.0
52;62;2;0.0
52;62;3;0.0
52;62;4;-3.183971565957628e-13
52;62;5;0.0
52;62;6;0.0
52;62;7;0.0
52;62;8;0.0
53;62;1;0.0
53;62;2;0.0
53;62;3;0.0
53;62;4;0.0
53;62;5;0.0
53;62;6;0.0
53;62;7;0.0
53;62;8;0.0
54;62;1;0.0
54;62;2;0.0
54;62;3;0.0
54;62;4;-7.855056549399096e-15
54;62;5;0.0
54;62;6;0.0
54;62;7;0.0
54;62;8;0.0
55;62;1;0.0
55;62;2;0.0
55;62;3;0.0
55;62;4;0.0
55;62;5;0.0
55;62;6;0.0
55;62;7;0.0
55;62;8;0.0
56;62;1;0.0
56;62;2;0.0
56;62;3;0.0
56;62;4;0.0
56;62;5;0.0
56;62;6;0.0
56;62;7;0.0
56;62;8;0.0
57;62;1;0.0
57;62;2;0.0
57;62;3;0.0
57;62;4;0.0
57;62;5;0.0
57;62;6;0.0
57;62;7;0.0
57;62;8;0.0
58;62;1;0.0
58;62;2;0.0
58;62;3;0.0
58;62;4;0.0
58;62;5;0.0
58;62;6;0.0
58;62;7;0.0
58;62;8;0.0
59;62;1;0.0
59;62;2;0.0
59;62;3;0.0
59;62;4;0.0
59;62;5;0.0
59;62;6;0.0
59;62;7;0.0
59;62;8;0.0
1;63;1;0.0
1;63;2;0.0
1;63;3;0.0
1;63;4;0.0
1;63;5;0.0
1;63;6;0.0
1;63;7;0.0
1;63;8;0.0
2;63;1;0.0
2;63;2;0.0
2;63;3;0.0
2;63;4;0.0
2;63;5;0.0
2;63;6;0.0
2;63;7;0.0
2;63;8;0.0
3;63;1;0.0
3;63;2;0.0
3;63;3;0.0
3;63;4;0.0
3;63;5;0.0
3;63;6;0.0
3;63;7;0.0
3;63;8;0.0
4;63;1;0.0
4;63;2;0.0
4;63;3;0.0
4;63;4;0.0
4;63;5;0.0
4;63;6;0.0
4;63;7;0.0
4;63;8;0.0
5;63;1;0.0
5;63;2;0.0
5;63;3;0.0
5;63;4;0.0
5;63;5;0.0
5;63;6;0.0
5;63;7;0.0
5;63;8;0.0
6;63;1;0.0
6;63;2;0.0
6;63;3;0.0
6;63;4;0.0
6;63;5;0.0
6;63;6;0.0
6;63;7;0.0
6;63;8;0.0
7;63;1;0.0
7;63;2;0.0
7;63;3;0.0
7;63;4;0.0
7;63;5;0.0
7;63;6;0.0
7;63;7;0.0
7;63;8;0.0
8;63;1;0.0
8;63;2;0.0
8;63;3;0.0
8;63;4;0.0
8;63;5;0.0
8;63;6;0.0
8;63;7;0.0
8;63;8;0.0
9;63;1;0.0
9;63;2;0.0
9;63;3;0.0
9;63;4;0.0
9;63;5;0.0
9;63;6;0.0
9;63;7;0.0
9;63;8;0.0
10;63;1;0.0
10;63;2;0.0
10;63;3;0.0
10;63;4;0.0
10;63;5;0.0
10;63;6;0.0
10;63;7;0.0
10;63;8;0.0
11;63;1;0.0
11;63;2;0.0
11;63;3;0.0
11;63;4;0.0
11;63;5;0.0
11;63;6;0.0
11;63;7;0.0
11;63;8;0.0
12;63;1;0.0
12;63;2;0.0
12;63;3;0.0
12;63;4;0.0
12;63;5;0.0
12;63;6;0.0
12;63;7;0.0
12;63;8;0.0
13;63;1;0.0
13;63;2;0.0
13;63;3;0.0
13;63;4;0.0
13;63;5;0.0
13;63;6;0.0
13;63;7;0.0
13;63;8;0.0
14;63;1;0.0
14;63;2;0.0
14;63;3;0.0
14;63;4;0.0
14;63;5;0.0
14;63;6;0.0
14;63;7;0.0
14;63;8;0.0
15;63;1;0.0
15;63;2;0.0
15;63;3;0.0
15;63;4;0.0
15;63;5;0.0
15;63;6;0.0
15;63;7;0.0
15;63;8;0.0
16;63;1;0.0
16;63;2;0.0
16;63;3;0.0
16;63;4;0.0
16;63;5;0.0
16;63;6;0.0
16;63;7;0.0
16;63;8;0.0
17;63;1;-1.9968181254578094e-17
17;63;2;-1.9968181254578094e-17
17;63;3;-6.68316438702045e-17
17;63;4;-0.9999999999889732
17;63;5;-1.9968181254578094e-17
17;63;6;-1.9968181254578094e-17
17;63;7;-1.9968181254578094e-17
17;63;8;-1.9968181254578094e-17
18;63;1;0.0
18;63;2;0.0
18;63;3;0.0
18;63;4;0.0
18;63;5;0.0
18;63;6;0.0
18;63;7;0.0
18;63;8;0.0
19;63;1;0.0
19;63;2;0.0
19;63;3;0.0
19;63;4;0.0
19;63;5;0.0
19;63;6;0.0
19;63;7;0.0
19;63;8;0.0
20;63;1;0.0
20;63;2;0.0
20;63;3;-5.606419293952806e-17
20;63;4;0.0
20;63;5;0.0
20;63;6;0.0
20;63;7;0.0
20;63;8;0.0
21;63;1;-2.4564226310014543e-17
21;63;2;-2.4564226310014543e-17
21;63;3;-7.69861186803852e-17
21;63;4;-2.923769294624078e-13
21;63;5;-2.4564226310014543e-17
21;63;6;-2.4564226310014543e-17
21;63;7;-2.4564226310014543e-17
21;63;8;-2.4564226310014543e-17
22;63;1;-5.988418173512218e-17
22;63;2;-5.988418173512218e-17
22;63;3;-2.1215246112847544e-16
22;63;4;-5.3290705182007514e-14
22;63;5;-5.988418173512218e-17
22;63;6;-5.988418173512218e-17
22;63;7;-5.988418173512218e-17
22;63;8;-5.988418173512218e-17
23;63;1;0.0
23;63;2;0.0
23;63;3;0.0
23;63;4;0.0
23;63;5;0.0
23;63;6;0.0
23;63;7;0.0
23;63;8;0.0
24;63;1;0.0
24;63;2;0.0
24;63;3;0.0
24;63;4;0.0
24;63;5;0.0
24;63;6;0.0
24;63;7;0.0
24;63;8;0.0
25;63;1;0.0
25;63;2;0.0
25;63;3;0.0
25;63;4;0.0
25;63;5;0.0
25;63;6;0.0
25;63;7;0.0
25;63;8;0.0
26;63;1;0.0
26;63;2;0.0
26;63;3;0.0
26;63;4;0.0
26;63;5;0.0
26;63;6;0.0
26;63;7;0.0
26;63;8;0.0
27;63;1;0.0
27;63;2;0.0
27;63;3;0.0
27;63;4;0.0
27;63;5;0.0
27;63;6;0.0
27;63;7;0.0
27;63;8;0.0
28;63;1;0.0
28;63;2;0.0
28;63;3;0.0
28;63;4;0.0
28;63;5;0.0
28;63;6;0.0
28;63;7;0.0
28;63;8;0.0
29;63;1;0.0
29;63;2;0.0
29;63;3;0.0
29;63;4;0.0
29;63;5;0.0
29;63;6;0.0
29;63;7;0.0
29;63;8;0.0
30;63;1;0.0
30;63;2;0.0
30;63;3;0.0
30;63;4;0.0
30;63;5;0.0
30;63;6;0.0
30;63;7;0.0
30;63;8;0.0
31;63;1;0.0
31;63;2;0.0
31;63;3;0.0
31;63;4;0.0
31;63;5;0.0
31;63;6;0.0
31;63;7;0.0
31;63;8;0.0
32;63;1;0.0
32;63;2;0.0
32;63;3;0.0
32;63;4;0.0
32;63;5;0.0
32;63;6;0.0
32;63;7;0.0
32;63;8;0.0
33;63;1;0.0
33;63;2;0.0
33;63;3;0.0
33;63;4;0.0
33;63;5;0.0
33;63;6;0.0
33;63;7;0.0
33;63;8;0.0
34;63;1;0.0
34;63;2;0.0
34;63;3;0.0
34;63;4;0.0
34;63;5;0.0
34;63;6;0.0
34;63;7;0.0
34;63;8;0.0
35;63;1;0.0
35;63;2;0.0
35;63;3;0.0
35;63;4;0.0
35;63;5;0.0
35;63;6;0.0
35;63;7;0.0
35;63;8;0.0
36;63;1;0.0
36;63;2;0.0
36;63;3;0.0
36;63;4;0.0
36;63;5;0.0
36;63;6;0.0
36;63;7;0.0
36;63;8;0.0
37;63;1;0.0
37;63;2;0.0
37;63;3;0.0
37;63;4;0.0
37;63;5;0.0
37;63;6;0.0
37;63;7;0.0
37;63;8;0.0
38;63;1;0.0
38;63;2;0.0
38;63;3;0.0
38;63;4;0.0
38;63;5;0.0
38;63;6;0.0
38;63;7;0.0
38;63;8;0.0
39;63;1;0.0
39;63;2;0.0
39;63;3;0.0
39;63;4;0.0
39;63;5;0.0
39;63;6;0.0
39;63;7;0.0
39;63;8;0.0
40;63;1;0.0
40;63;2;0.0
40;63;3;0.0
40;63;4;0.0
40;63;5;0.0
40;63;6;0.0
40;63;7;0.0
40;63;8;0.0
41;63;1;0.0
41;63;2;0.0
41;63;3;0.0
41;63;4;0.0
41;63;5;0.0
41;63;6;0.0
41;63;7;0.0
41;63;8;0.0
42;63;1;0.0
42;63;2;0.0
42;63;3;0.0
42;63;4;0.0
42;63;5;0.0
42;63;6;0.0
42;63;7;0.0
42;63;8;0.0
43;63;1;0.0
43;63;2;0.0
43;63;3;0.0
43;63;4;0.0
43;63;5;0.0
43;63;6;0.0
43;63;7;0.0
43;63;8;0.0
44;63;1;0.0
44;63;2;0.0
44;63;3;0.0
44;63;4;0.0
44;63;5;0.0
44;63;6;0.0
44;63;7;0.0
44;63;8;0.0
45;63;1;0.0
45;63;2;0.0
45;63;3;0.0
45;63;4;0.0
45;63;5;0.0
45;63;6;0.0
45;63;7;0.0
45;63;8;0.0
46;63;1;0.0
46;63;2;0.0
46;63;3;0.0
46;63;4;0.0
46;63;5;0.0
46;63;6;0.0
46;63;7;0.0
46;63;8;0.0
47;63;1;-4.580627877758245e-17
47;63;2;-4.580627877758245e-17
47;63;3;-1.459076697466854e-16
47;63;4;-1.9919851725672076e-12
47;63;5;-4.580627877758245e-17
47;63;6;-4.580627877758245e-17
47;63;7;-4.580627877758245e-17
47;63;8;-4.580627877758245e-17
48;63;1;0.0
48;63;2;0.0
48;63;3;0.0
48;63;4;0.0
48;63;5;0.0
48;63;6;0.0
48;63;7;0.0
48;63;8;0.0
49;63;1;0.0
49;63;2;0.0
49;63;3;0.0
49;63;4;0.0
49;63;5;0.0
49;63;6;0.0
49;63;7;0.0
49;63;8;0.0
50;63;1;0.0
50;63;2;0.0
50;63;3;0.0
50;63;4;0.0
50;63;5;0.0
50;63;6;0.0
50;63;7;0.0
50;63;8;0.0
51;63;1;0.0
51;63;2;0.0
51;63;3;0.0
51;63;4;0.0
51;63;5;0.0
51;63;6;0.0
51;63;7;0.0
51;63;8;0.0
52;63;1;0.0
52;63;2;0.0
52;63;3;0.0
52;63;4;-3.266813637272165e-13
52;63;5;0.0
52;63;6;0.0
52;63;7;0.0
52;63;8;0.0
53;63;1;0.0
53;63;2;0.0
53;63;3;0.0
53;63;4;0.0
53;63;5;0.0
53;63;6;0.0
53;63;7;0.0
53;63;8;0.0
54;63;1;0.0
54;63;2;0.0
54;63;3;0.0
54;63;4;-7.785976792423656e-15
54;63;5;0.0
54;63;6;0.0
54;63;7;0.0
54;63;8;0.0
55;63;1;0.0
55;63;2;0.0
55;63;3;0.0
55;63;4;0.0
55;63;5;0.0
55;63;6;0.0
55;63;7;0.0
55;63;8;0.0
56;63;1;0.0
56;63;2;0.0
56;63;3;0.0
56;63;4;0.0
56;63;5;0.0
56;63;6;0.0
56;63;7;0.0
56;63;8;0.0
57;63;1;0.0
57;63;2;0.0
57;63;3;0.0
57;63;4;0.0
57;63;5;0.0
57;63;6;0.0
57;63;7;0.0
57;63;8;0.0
58;63;1;0.0
58;63;2;0.0
58;63;3;0.0
58;63;4;0.0
58;63;5;0.0
58;63;6;0.0
58;63;7;0.0
58;63;8;0.0
59;63;1;0.0
59;63;2;0.0
59;63;3;0.0
59;63;4;0.0
59;63;5;0.0
59;63;6;0.0
59;63;7;0.0
59;63;8;0.0
1;64;1;0.0
1;64;2;0.0
1;64;3;0.0
1;64;4;0.0
1;64;5;0.0
1;64;6;0.0
1;64;7;0.0
1;64;8;0.0
2;64;1;0.0
2;64;2;0.0
2;64;3;0.0
2;64;4;0.0
2;64;5;0.0
2;64;6;0.0
2;64;7;0.0
2;64;8;0.0
3;64;1;0.0
3;64;2;0.0
3;64;3;0.0
3;64;4;0.0
3;64;5;0.0
3;64;6;0.0
3;64;7;0.0
3;64;8;0.0
4;64;1;0.0
4;64;2;0.0
4;64;3;0.0
4;64;4;0.0
4;64;5;0.0
4;64;6;0.0
4;64;7;0.0
4;64;8;0.0
5;64;1;0.0
5;64;2;0.0
5;64;3;0.0
5;64;4;0.0
5;64;5;0.0
5;64;6;0.0
5;64;7;0.0
5;64;8;0.0
6;64;1;0.0
6;64;2;0.0
6;64;3;0.0
6;64;4;0.0
6;64;5;0.0
6;64;6;0.0
6;64;7;0.0
6;64;8;0.0
7;64;1;0.0
7;64;2;0.0
7;64;3;0.0
7;64;4;0.0
7;64;5;0.0
7;64;6;0.0
7;64;7;0.0
7;64;8;0.0
8;64;1;0.0
8;64;2;0.0
8;64;3;0.0
8;64;4;0.0
8;64;5;0.0
8;64;6;0.0
8;64;7;0.0
8;64;8;0.0
9;64;1;0.0
9;64;2;0.0
9;64;3;0.0
9;64;4;0.0
9;64;5;0.0
9;64;6;0.0
9;64;7;0.0
9;64;8;0.0
10;64;1;0.0
10;64;2;0.0
10;64;3;0.0
10;64;4;0.0
10;64;5;0.0
10;64;6;0.0
10;64;7;0.0
10;64;8;0.0
11;64;1;0.0
11;64;2;0.0
11;64;3;0.0
11;64;4;0.0
11;64;5;0.0
11;64;6;0.0
11;64;7;0.0
11;64;8;0.0
12;64;1;0.0
12;64;2;0.0
12;64;3;0.0
12;64;4;0.0
12;64;5;0.0
12;64;6;0.0
12;64;7;0.0
12;64;8;0.0
13;64;1;0.0
13;64;2;0.0
13;64;3;0.0
13;64;4;0.0
13;64;5;0.0
13;64;6;0.0
13;64;7;0.0
13;64;8;0.0
14;64;1;0.0
14;64;2;0.0
14;64;3;0.0
14;64;4;0.0
14;64;5;0.0
14;64;6;0.0
14;64;7;0.0
14;64;8;0.0
15;64;1;0.0
15;64;2;0.0
15;64;3;0.0
15;64;4;0.0
15;64;5;0.0
15;64;6;0.0
15;64;7;0.0
15;64;8;0.0
16;64;1;0.0
16;64;2;0.0
16;64;3;0.0
16;64;4;0.0
16;64;5;0.0
16;64;6;0.0
16;64;7;0.0
16;64;8;0.0
17;64;1;-2.8752593397933005e-17
17;64;2;-2.8752593397933005e-17
17;64;3;-9.172753507683038e-17
17;64;4;-8.185262033595221e-16
17;64;5;-2.8752593397933005e-17
17;64;6;-2.8752593397933005e-17
17;64;7;-2.8752593397933005e-17
17;64;8;-2.8752593397933005e-17
18;64;1;0.0
18;64;2;0.0
18;64;3;0.0
18;64;4;0.0
18;64;5;0.0
18;64;6;0.0
18;64;7;0.0
18;64;8;0.0
19;64;1;0.0
19;64;2;0.0
19;64;3;0.0
19;64;4;0.0
19;64;5;0.0
19;64;6;0.0
19;64;7;0.0
19;64;8;0.0
20;64;1;0.0
20;64;2;0.0
20;64;3;6.229727040262698e-16
20;64;4;0.0
20;64;5;0.0
20;64;6;0.0
20;64;7;0.0
20;64;8;0.0
21;64;1;-4.072456013871445e-17
21;64;2;-4.072456013871445e-17
21;64;3;-1.1695227928624185e-16
21;64;4;-1.489546459699663e-15
21;64;5;-4.072456013871445e-17
21;64;6;-4.072456013871445e-17
21;64;7;-4.072456013871445e-17
21;64;8;-4.072456013871445e-17
22;64;1;-9.674074311447091e-17
22;64;2;-9.674074311447091e-17
22;64;3;-3.273012809448315e-16
22;64;4;-0.0
22;64;5;-9.674074311447091e-17
22;64;6;-9.674074311447091e-17
22;64;7;-9.674074311447091e-17
22;64;8;-9.674074311447091e-17
23;64;1;0.0
23;64;2;0.0
23;64;3;0.0
23;64;4;0.0
23;64;5;0.0
23;64;6;0.0
23;64;7;0.0
23;64;8;0.0
24;64;1;0.0
24;64;2;0.0
24;64;3;0.0
24;64;4;0.0
24;64;5;0.0
24;64;6;0.0
24;64;7;0.0
24;64;8;0.0
25;64;1;0.0
25;64;2;0.0
25;64;3;0.0
25;64;4;0.0
25;64;5;0.0
25;64;6;0.0
25;64;7;0.0
25;64;8;0.0
26;64;1;0.0
26;64;2;0.0
26;64;3;0.0
26;64;4;0.0
26;64;5;0.0
26;64;6;0.0
26;64;7;0.0
26;64;8;0.0
27;64;1;0.0
27;64;2;0.0
27;64;3;0.0
27;64;4;0.0
27;64;5;0.0
27;64;6;0.0
27;64;7;0.0
27;64;8;0.0
28;64;1;0.0
28;64;2;0.0
28;64;3;0.0
28;64;4;0.0
28;64;5;0.0
28;64;6;0.0
28;64;7;0.0
28;64;8;0.0
29;64;1;0.0
29;64;2;0.0
29;64;3;0.0
29;64;4;0.0
29;64;5;0.0
29;64;6;0.0
29;64;7;0.0
29;64;8;0.0
30;64;1;0.0
30;64;2;0.0
30;64;3;0.0
30;64;4;0.0
30;64;5;0.0
30;64;6;0.0
30;64;7;0.0
30;64;8;0.0
31;64;1;0.0
31;64;2;0.0
31;64;3;0.0
31;64;4;0.0
31;64;5;0.0
31;64;6;0.0
31;64;7;0.0
31;64;8;0.0
32;64;1;0.0
32;64;2;0.0
32;64;3;0.0
32;64;4;0.0
32;64;5;0.0
32;64;6;0.0
32;64;7;0.0
32;64;8;0.0
33;64;1;0.0
33;64;2;0.0
33;64;3;0.0
33;64;4;0.0
33;64;5;0.0
33;64;6;0.0
33;64;7;0.0
33;64;8;0.0
34;64;1;0.0
34;64;2;0.0
34;64;3;0.0
34;64;4;0.0
34;64;5;0.0
34;64;6;0.0
34;64;7;0.0
34;64;8;0.0
35;64;1;0.0
35;64;2;0.0
35;64;3;0.0
35;64;4;0.0
35;64;5;0.0
35;64;6;0.0
35;64;7;0.0
35;64;8;0.0
36;64;1;0.0
36;64;2;0.0
36;64;3;0.0
36;64;4;0.0
36;64;5;0.0
36;64;6;0.0
36;64;7;0.0
36;64;8;0.0
37;64;1;0.0
37;64;2;0.0
37;64;3;0.0
37;64;4;0.0
37;64;5;0.0
37;64;6;0.0
37;64;7;0.0
37;64;8;0.0
38;64;1;0.0
38;64;2;0.0
38;64;3;0.0
38;64;4;0.0
38;64;5;0.0
38;64;6;0.0
38;64;7;0.0
38;64;8;0.0
39;64;1;0.0
39;64;2;0.0
39;64;3;0.0
39;64;4;0.0
39;64;5;0.0
39;64;6;0.0
39;64;7;0.0
39;64;8;0.0
40;64;1;0.0
40;64;2;0.0
40;64;3;0.0
40;64;4;0.0
40;64;5;0.0
40;64;6;0.0
40;64;7;0.0
40;64;8;0.0
41;64;1;0.0
41;64;2;0.0
41;64;3;0.0
41;64;4;0.0
41;64;5;0.0
41;64;6;0.0
41;64;7;0.0
41;64;8;0.0
42;64;1;0.0
42;64;2;0.0
42;64;3;0.0
42;64;4;0.0
42;64;5;0.0
42;64;6;0.0
42;64;7;0.0
42;64;8;0.0
43;64;1;0.0
43;64;2;0.0
43;64;3;0.0
43;64;4;0.0
43;64;5;0.0
43;64;6;0.0
43;64;7;0.0
43;64;8;0.0
44;64;1;0.0
44;64;2;0.0
44;64;3;0.0
44;64;4;0.0
44;64;5;0.0
44;64;6;0.0
44;64;7;0.0
44;64;8;0.0
45;64;1;0.0
45;64;2;0.0
45;64;3;0.0
45;64;4;0.0
45;64;5;0.0
45;64;6;0.0
45;64;7;0.0
45;64;8;0.0
46;64;1;0.0
46;64;2;0.0
46;64;3;0.0
46;64;4;0.0
46;64;5;0.0
46;64;6;0.0
46;64;7;0.0
46;64;8;0.0
47;64;1;-6.940846019906033e-17
47;64;2;-6.940846019906033e-17
47;64;3;-2.105549602129492e-16
47;64;4;-2.015437398409273e-15
47;64;5;-6.940846019906033e-17
47;64;6;-6.940846019906033e-17
47;64;7;-6.940846019906033e-17
47;64;8;-6.940846019906033e-17
48;64;1;0.0
48;64;2;0.0
48;64;3;0.0
48;64;4;0.0
48;64;5;0.0
48;64;6;0.0
48;64;7;0.0
48;64;8;0.0
49;64;1;0.0
49;64;2;0.0
49;64;3;0.0
49;64;4;0.0
49;64;5;0.0
49;64;6;0.0
49;64;7;0.0
49;64;8;0.0
50;64;1;0.0
50;64;2;0.0
50;64;3;0.0
50;64;4;0.0
50;64;5;0.0
50;64;6;0.0
50;64;7;0.0
50;64;8;0.0
51;64;1;0.0
51;64;2;0.0
51;64;3;0.0
51;64;4;0.0
51;64;5;0.0
51;64;6;0.0
51;64;7;0.0
51;64;8;0.0
52;64;1;0.0
52;64;2;0.0
52;64;3;0.0
52;64;4;-1.1849272492606123e-15
52;64;5;0.0
52;64;6;0.0
52;64;7;0.0
52;64;8;0.0
53;64;1;0.0
53;64;2;0.0
53;64;3;0.0
53;64;4;0.0
53;64;5;0.0
53;64;6;0.0
53;64;7;0.0
53;64;8;0.0
54;64;1;0.0
54;64;2;0.0
54;64;3;0.0
54;64;4;-2.673417043297377e-13
54;64;5;0.0
54;64;6;0.0
54;64;7;0.0
54;64;8;0.0
55;64;1;0.0
55;64;2;0.0
55;64;3;0.0
55;64;4;0.0
55;64;5;0.0
55;64;6;0.0
55;64;7;0.0
55;64;8;0.0
56;64;1;0.0
56;64;2;0.0
56;64;3;0.0
56;64;4;0.0
56;64;5;0.0
56;64;6;0.0
56;64;7;0.0
56;64;8;0.0
57;64;1;0.0
57;64;2;0.0
57;64;3;0.0
57;64;4;0.0
57;64;5;0.0
57;64;6;0.0
57;64;7;0.0
57;64;8;0.0
58;64;1;0.0
58;64;2;0.0
58;64;3;0.0
58;64;4;0.0
58;64;5;0.0
58;64;6;0.0
58;64;7;0.0
58;64;8;0.0
59;64;1;0.0
59;64;2;0.0
59;64;3;0.0
59;64;4;0.0
59;64;5;0.0
59;64;6;0.0
59;64;7;0.0
59;64;8;0.0
1;65;1;0.0
1;65;2;0.0
1;65;3;0.0
1;65;4;0.0
1;65;5;0.0
1;65;6;0.0
1;65;7;0.0
1;65;8;0.0
2;65;1;0.0
2;65;2;0.0
2;65;3;0.0
2;65;4;0.0
2;65;5;0.0
2;65;6;0.0
2;65;7;0.0
2;65;8;0.0
3;65;1;0.0
3;65;2;0.0
3;65;3;0.0
3;65;4;0.0
3;65;5;0.0
3;65;6;0.0
3;65;7;0.0
3;65;8;0.0
4;65;1;0.0
4;65;2;0.0
4;65;3;0.0
4;65;4;0.0
4;65;5;0.0
4;65;6;0.0
4;65;7;0.0
4;65;8;0.0
5;65;1;0.0
5;65;2;0.0
5;65;3;0.0
5;65;4;0.0
5;65;5;0.0
5;65;6;0.0
5;65;7;0.0
5;65;8;0.0
6;65;1;0.0
6;65;2;0.0
6;65;3;0.0
6;65;4;0.0
6;65;5;0.0
6;65;6;0.0
6;65;7;0.0
6;65;8;0.0
7;65;1;0.0
7;65;2;0.0
7;65;3;0.0
7;65;4;0.0
7;65;5;0.0
7;65;6;0.0
7;65;7;0.0
7;65;8;0.0
8;65;1;0.0
8;65;2;0.0
8;65;3;0.0
8;65;4;0.0
8;65;5;0.0
8;65;6;0.0
8;65;7;0.0
8;65;8;0.0
9;65;1;0.0
9;65;2;0.0
9;65;3;0.0
9;65;4;0.0
9;65;5;0.0
9;65;6;0.0
9;65;7;0.0
9;65;8;0.0
10;65;1;0.0
10;65;2;0.0
10;65;3;0.0
10;65;4;0.0
10;65;5;0.0
10;65;6;0.0
10;65;7;0.0
10;65;8;0.0
11;65;1;0.0
11;65;2;0.0
11;65;3;0.0
11;65;4;0.0
11;65;5;0.0
11;65;6;0.0
11;65;7;0.0
11;65;8;0.0
12;65;1;0.0
12;65;2;0.0
12;65;3;0.0
12;65;4;0.0
12;65;5;0.0
12;65;6;0.0
12;65;7;0.0
12;65;8;0.0
13;65;1;0.0
13;65;2;0.0
13;65;3;0.0
13;65;4;0.0
13;65;5;0.0
13;65;6;0.0
13;65;7;0.0
13;65;8;0.0
14;65;1;0.0
14;65;2;0.0
14;65;3;0.0
14;65;4;0.0
14;65;5;0.0
14;65;6;0.0
14;65;7;0.0
14;65;8;0.0
15;65;1;0.0
15;65;2;0.0
15;65;3;0.0
15;65;4;0.0
15;65;5;0.0
15;65;6;0.0
15;65;7;0.0
15;65;8;0.0
16;65;1;0.0
16;65;2;0.0
16;65;3;0.0
16;65;4;0.0
16;65;5;0.0
16;65;6;0.0
16;65;7;0.0
16;65;8;0.0
17;65;1;0.0
17;65;2;0.0
17;65;3;0.0
17;65;4;-0.9999999995506571
17;65;5;0.0
17;65;6;0.0
17;65;7;0.0
17;65;8;0.0
18;65;1;0.0
18;65;2;0.0
18;65;3;0.0
18;65;4;0.0
18;65;5;0.0
18;65;6;0.0
18;65;7;0.0
18;65;8;0.0
19;65;1;0.0
19;65;2;0.0
19;65;3;0.0
19;65;4;0.0
19;65;5;0.0
19;65;6;0.0
19;65;7;0.0
19;65;8;0.0
20;65;1;0.0
20;65;2;0.0
20;65;3;0.0
20;65;4;0.0
20;65;5;0.0
20;65;6;0.0
20;65;7;0.0
20;65;8;0.0
21;65;1;0.0
21;65;2;0.0
21;65;3;0.0
21;65;4;-2.6496336780416283e-13
21;65;5;0.0
21;65;6;0.0
21;65;7;0.0
21;65;8;0.0
22;65;1;0.0
22;65;2;0.0
22;65;3;0.0
22;65;4;-5.062616992290714e-14
22;65;5;0.0
22;65;6;0.0
22;65;7;0.0
22;65;8;0.0
23;65;1;0.0
23;65;2;0.0
23;65;3;0.0
23;65;4;0.0
23;65;5;0.0
23;65;6;0.0
23;65;7;0.0
23;65;8;0.0
24;65;1;0.0
24;65;2;0.0
24;65;3;0.0
24;65;4;0.0
24;65;5;0.0
24;65;6;0.0
24;65;7;0.0
24;65;8;0.0
25;65;1;0.0
25;65;2;0.0
25;65;3;0.0
25;65;4;0.0
25;65;5;0.0
25;65;6;0.0
25;65;7;0.0
25;65;8;0.0
26;65;1;0.0
26;65;2;0.0
26;65;3;0.0
26;65;4;0.0
26;65;5;0.0
26;65;6;0.0
26;65;7;0.0
26;65;8;0.0
27;65;1;0.0
27;65;2;0.0
27;65;3;0.0
27;65;4;0.0
27;65;5;0.0
27;65;6;0.0
27;65;7;0.0
27;65;8;0.0
28;65;1;0.0
28;65;2;0.0
28;65;3;0.0
28;65;4;0.0
28;65;5;0.0
28;65;6;0.0
28;65;7;0.0
28;65;8;0.0
29;65;1;0.0
29;65;2;0.0
29;65;3;0.0
29;65;4;0.0
29;65;5;0.0
29;65;6;0.0
29;65;7;0.0
29;65;8;0.0
30;65;1;0.0
30;65;2;0.0
30;65;3;0.0
30;65;4;0.0
30;65;5;0.0
30;65;6;0.0
30;65;7;0.0
30;65;8;0.0
31;65;1;0.0
31;65;2;0.0
31;65;3;0.0
31;65;4;0.0
31;65;5;0.0
31;65;6;0.0
31;65;7;0.0
31;65;8;0.0
32;65;1;0.0
32;65;2;0.0
32;65;3;0.0
32;65;4;0.0
32;65;5;0.0
32;65;6;0.0
32;65;7;0.0
32;65;8;0.0
33;65;1;0.0
33;65;2;0.0
33;65;3;0.0
33;65;4;0.0
33;65;5;0.0
33;65;6;0.0
33;65;7;0.0
33;65;8;0.0
34;65;1;0.0
34;65;2;0.0
34;65;3;0.0
34;65;4;0.0
34;65;5;0.0
34;65;6;0.0
34;65;7;0.0
34;65;8;0.0
35;65;1;0.0
35;65;2;0.0
35;65;3;0.0
35;65;4;0.0
35;65;5;0.0
35;65;6;0.0
35;65;7;0.0
35;65;8;0.0
36;65;1;0.0
36;65;2;0.0
36;65;3;0.0
36;65;4;0.0
36;65;5;0.0
36;65;6;0.0
36;65;7;0.0
36;65;8;0.0
37;65;1;0.0
37;65;2;0.0
37;65;3;0.0
37;65;4;0.0
37;65;5;0.0
37;65;6;0.0
37;65;7;0.0
37;65;8;0.0
38;65;1;0.0
38;65;2;0.0
38;65;3;0.0
38;65;4;0.0
38;65;5;0.0
38;65;6;0.0
38;65;7;0.0
38;65;8;0.0
39;65;1;0.0
39;65;2;0.0
39;65;3;0.0
39;65;4;0.0
39;65;5;0.0
39;65;6;0.0
39;65;7;0.0
39;65;8;0.0
40;65;1;0.0
40;65;2;0.0
40;65;3;0.0
40;65;4;0.0
40;65;5;0.0
40;65;6;0.0
40;65;7;0.0
40;65;8;0.0
41;65;1;0.0
41;65;2;0.0
41;65;3;0.0
41;65;4;0.0
41;65;5;0.0
41;65;6;0.0
41;65;7;0.0
41;65;8;0.0
42;65;1;0.0
42;65;2;0.0
42;65;3;0.0
42;65;4;0.0
42;65;5;0.0
42;65;6;0.0
42;65;7;0.0
42;65;8;0.0
43;65;1;0.0
43;65;2;0.0
43;65;3;0.0
43;65;4;0.0
43;65;5;0.0
43;65;6;0.0
43;65;7;0.0
43;65;8;0.0
44;65;1;0.0
44;65;2;0.0
44;65;3;0.0
44;65;4;0.0
44;65;5;0.0
44;65;6;0.0
44;65;7;0.0
44;65;8;0.0
45;65;1;0.0
45;65;2;0.0
45;65;3;0.0
45;65;4;0.0
45;65;5;0.0
45;65;6;0.0
45;65;7;0.0
45;65;8;0.0
46;65;1;0.0
46;65;2;0.0
46;65;3;0.0
46;65;4;0.0
46;65;5;0.0
46;65;6;0.0
46;65;7;0.0
46;65;8;0.0
47;65;1;0.0
47;65;2;0.0
47;65;3;0.0
47;65;4;-4.486999028331216e-10
47;65;5;0.0
47;65;6;0.0
47;65;7;0.0
47;65;8;0.0
48;65;1;0.0
48;65;2;0.0
48;65;3;0.0
48;65;4;0.0
48;65;5;0.0
48;65;6;0.0
48;65;7;0.0
48;65;8;0.0
49;65;1;0.0
49;65;2;0.0
49;65;3;0.0
49;65;4;0.0
49;65;5;0.0
49;65;6;0.0
49;65;7;0.0
49;65;8;0.0
50;65;1;0.0
50;65;2;0.0
50;65;3;0.0
50;65;4;0.0
50;65;5;0.0
50;65;6;0.0
50;65;7;0.0
50;65;8;0.0
51;65;1;0.0
51;65;2;0.0
51;65;3;0.0
51;65;4;0.0
51;65;5;0.0
51;65;6;0.0
51;65;7;0.0
51;65;8;0.0
52;65;1;0.0
52;65;2;0.0
52;65;3;0.0
52;65;4;-1.6153398040026185e-13
52;65;5;0.0
52;65;6;0.0
52;65;7;0.0
52;65;8;0.0
53;65;1;0.0
53;65;2;0.0
53;65;3;0.0
53;65;4;0.0
53;65;5;0.0
53;65;6;0.0
53;65;7;0.0
53;65;8;0.0
54;65;1;0.0
54;65;2;0.0
54;65;3;0.0
54;65;4;-9.312299589462146e-15
54;65;5;0.0
54;65;6;0.0
54;65;7;0.0
54;65;8;0.0
55;65;1;0.0
55;65;2;0.0
55;65;3;0.0
55;65;4;0.0
55;65;5;0.0
55;65;6;0.0
55;65;7;0.0
55;65;8;0.0
56;65;1;0.0
56;65;2;0.0
56;65;3;0.0
56;65;4;0.0
56;65;5;0.0
56;65;6;0.0
56;65;7;0.0
56;65;8;0.0
57;65;1;0.0
57;65;2;0.0
57;65;3;0.0
57;65;4;0.0
57;65;5;0.0
57;65;6;0.0
57;65;7;0.0
57;65;8;0.0
58;65;1;0.0
58;65;2;0.0
58;65;3;0.0
58;65;4;0.0
58;65;5;0.0
58;65;6;0.0
58;65;7;0.0
58;65;8;0.0
59;65;1;0.0
59;65;2;0.0
59;65;3;0.0
59;65;4;0.0
59;65;5;0.0
59;65;6;0.0
59;65;7;0.0
59;65;8;0.0
1;66;1;0.0
1;66;2;0.0
1;66;3;0.0
1;66;4;0.0
1;66;5;0.0
1;66;6;0.0
1;66;7;0.0
1;66;8;0.0
2;66;1;0.0
2;66;2;0.0
2;66;3;0.0
2;66;4;0.0
2;66;5;0.0
2;66;6;0.0
2;66;7;0.0
2;66;8;0.0
3;66;1;0.0
3;66;2;0.0
3;66;3;0.0
3;66;4;0.0
3;66;5;0.0
3;66;6;0.0
3;66;7;0.0
3;66;8;0.0
4;66;1;0.0
4;66;2;0.0
4;66;3;0.0
4;66;4;0.0
4;66;5;0.0
4;66;6;0.0
4;66;7;0.0
4;66;8;0.0
5;66;1;0.0
5;66;2;0.0
5;66;3;0.0
5;66;4;0.0
5;66;5;0.0
5;66;6;0.0
5;66;7;0.0
5;66;8;0.0
6;66;1;0.0
6;66;2;0.0
6;66;3;0.0
6;66;4;0.0
6;66;5;0.0
6;66;6;0.0
6;66;7;0.0
6;66;8;0.0
7;66;1;0.0
7;66;2;0.0
7;66;3;0.0
7;66;4;0.0
7;66;5;0.0
7;66;6;0.0
7;66;7;0.0
7;66;8;0.0
8;66;1;0.0
8;66;2;0.0
8;66;3;0.0
8;66;4;0.0
8;66;5;0.0
8;66;6;0.0
8;66;7;0.0
8;66;8;0.0
9;66;1;0.0
9;66;2;0.0
9;66;3;0.0
9;66;4;0.0
9;66;5;0.0
9;66;6;0.0
9;66;7;0.0
9;66;8;0.0
10;66;1;0.0
10;66;2;0.0
10;66;3;0.0
10;66;4;0.0
10;66;5;0.0
10;66;6;0.0
10;66;7;0.0
10;66;8;0.0
11;66;1;0.0
11;66;2;0.0
11;66;3;0.0
11;66;4;0.0
11;66;5;0.0
11;66;6;0.0
11;66;7;0.0
11;66;8;0.0
12;66;1;0.0
12;66;2;0.0
12;66;3;0.0
12;66;4;0.0
12;66;5;0.0
12;66;6;0.0
12;66;7;0.0
12;66;8;0.0
13;66;1;0.0
13;66;2;0.0
13;66;3;0.0
13;66;4;0.0
13;66;5;0.0
13;66;6;0.0
13;66;7;0.0
13;66;8;0.0
14;66;1;0.0
14;66;2;0.0
14;66;3;0.0
14;66;4;0.0
14;66;5;0.0
14;66;6;0.0
14;66;7;0.0
14;66;8;0.0
15;66;1;0.0
15;66;2;0.0
15;66;3;0.0
15;66;4;0.0
15;66;5;0.0
15;66;6;0.0
15;66;7;0.0
15;66;8;0.0
16;66;1;0.0
16;66;2;0.0
16;66;3;0.0
16;66;4;0.0
16;66;5;0.0
16;66;6;0.0
16;66;7;0.0
16;66;8;0.0
17;66;1;0.0
17;66;2;0.0
17;66;3;0.0
17;66;4;-0.9999999973923762
17;66;5;0.0
17;66;6;0.0
17;66;7;0.0
17;66;8;0.0
18;66;1;0.0
18;66;2;0.0
18;66;3;0.0
18;66;4;0.0
18;66;5;0.0
18;66;6;0.0
18;66;7;0.0
18;66;8;0.0
19;66;1;0.0
19;66;2;0.0
19;66;3;0.0
19;66;4;0.0
19;66;5;0.0
19;66;6;0.0
19;66;7;0.0
19;66;8;0.0
20;66;1;0.0
20;66;2;0.0
20;66;3;0.0
20;66;4;0.0
20;66;5;0.0
20;66;6;0.0
20;66;7;0.0
20;66;8;0.0
21;66;1;0.0
21;66;2;0.0
21;66;3;0.0
21;66;4;-3.2792829137760826e-13
21;66;5;0.0
21;66;6;0.0
21;66;7;0.0
21;66;8;0.0
22;66;1;-1.935905585419649e-17
22;66;2;-1.935905585419649e-17
22;66;3;0.0
22;66;4;-5.1514348342607263e-14
22;66;5;-1.935905585419649e-17
22;66;6;-1.935905585419649e-17
22;66;7;-1.935905585419649e-17
22;66;8;-1.935905585419649e-17
23;66;1;0.0
23;66;2;0.0
23;66;3;0.0
23;66;4;0.0
23;66;5;0.0
23;66;6;0.0
23;66;7;0.0
23;66;8;0.0
24;66;1;0.0
24;66;2;0.0
24;66;3;0.0
24;66;4;0.0
24;66;5;0.0
24;66;6;0.0
24;66;7;0.0
24;66;8;0.0
25;66;1;0.0
25;66;2;0.0
25;66;3;0.0
25;66;4;0.0
25;66;5;0.0
25;66;6;0.0
25;66;7;0.0
25;66;8;0.0
26;66;1;0.0
26;66;2;0.0
26;66;3;0.0
26;66;4;0.0
26;66;5;0.0
26;66;6;0.0
26;66;7;0.0
26;66;8;0.0
27;66;1;0.0
27;66;2;0.0
27;66;3;0.0
27;66;4;0.0
27;66;5;0.0
27;66;6;0.0
27;66;7;0.0
27;66;8;0.0
28;66;1;0.0
28;66;2;0.0
28;66;3;0.0
28;66;4;0.0
28;66;5;0.0
28;66;6;0.0
28;66;7;0.0
28;66;8;0.0
29;66;1;0.0
29;66;2;0.0
29;66;3;0.0
29;66;4;0.0
29;66;5;0.0
29;66;6;0.0
29;66;7;0.0
29;66;8;0.0
30;66;1;0.0
30;66;2;0.0
30;66;3;0.0
30;66;4;0.0
30;66;5;0.0
30;66;6;0.0
30;66;7;0.0
30;66;8;0.0
31;66;1;0.0
31;66;2;0.0
31;66;3;0.0
31;66;4;0.0
31;66;5;0.0
31;66;6;0.0
31;66;7;0.0
31;66;8;0.0
32;66;1;0.0
32;66;2;0.0
32;66;3;0.0
32;66;4;0.0
32;66;5;0.0
32;66;6;0.0
32;66;7;0.0
32;66;8;0.0
33;66;1;0.0
33;66;2;0.0
33;66;3;0.0
33;66;4;0.0
33;66;5;0.0
33;66;6;0.0
33;66;7;0.0
33;66;8;0.0
34;66;1;0.0
34;66;2;0.0
34;66;3;0.0
34;66;4;0.0
34;66;5;0.0
34;66;6;0.0
34;66;7;0.0
34;66;8;0.0
35;66;1;0.0
35;66;2;0.0
35;66;3;0.0
35;66;4;0.0
35;66;5;0.0
35;66;6;0.0
35;66;7;0.0
35;66;8;0.0
36;66;1;0.0
36;66;2;0.0
36;66;3;0.0
36;66;4;0.0
36;66;5;0.0
36;66;6;0.0
36;66;7;0.0
36;66;8;0.0
37;66;1;0.0
37;66;2;0.0
37;66;3;0.0
37;66;4;0.0
37;66;5;0.0
37;66;6;0.0
37;66;7;0.0
37;66;8;0.0
38;66;1;0.0
38;66;2;0.0
38;66;3;0.0
38;66;4;0.0
38;66;5;0.0
38;66;6;0.0
38;66;7;0.0
38;66;8;0.0
39;66;1;0.0
39;66;2;0.0
39;66;3;0.0
39;66;4;0.0
39;66;5;0.0
39;66;6;0.0
39;66;7;0.0
39;66;8;0.0
40;66;1;0.0
40;66;2;0.0
40;66;3;0.0
40;66;4;0.0
40;66;5;0.0
40;66;6;0.0
40;66;7;0.0
40;66;8;0.0
41;66;1;0.0
41;66;2;0.0
41;66;3;0.0
41;66;4;0.0
41;66;5;0.0
41;66;6;0.0
41;66;7;0.0
41;66;8;0.0
42;66;1;0.0
42;66;2;0.0
42;66;3;0.0
42;66;4;0.0
42;66;5;0.0
42;66;6;0.0
42;66;7;0.0
42;66;8;0.0
43;66;1;0.0
43;66;2;0.0
43;66;3;0.0
43;66;4;0.0
43;66;5;0.0
43;66;6;0.0
43;66;7;0.0
43;66;8;0.0
44;66;1;0.0
44;66;2;0.0
44;66;3;0.0
44;66;4;0.0
44;66;5;0.0
44;66;6;0.0
44;66;7;0.0
44;66;8;0.0
45;66;1;0.0
45;66;2;0.0
45;66;3;0.0
45;66;4;0.0
45;66;5;0.0
45;66;6;0.0
45;66;7;0.0
45;66;8;0.0
46;66;1;0.0
46;66;2;0.0
46;66;3;0.0
46;66;4;0.0
46;66;5;0.0
46;66;6;0.0
46;66;7;0.0
46;66;8;0.0
47;66;1;0.0
47;66;2;0.0
47;66;3;0.0
47;66;4;-2.6075369637888193e-09
47;66;5;0.0
47;66;6;0.0
47;66;7;0.0
47;66;8;0.0
48;66;1;0.0
48;66;2;0.0
48;66;3;0.0
48;66;4;0.0
48;66;5;0.0
48;66;6;0.0
48;66;7;0.0
48;66;8;0.0
49;66;1;0.0
49;66;2;0.0
49;66;3;0.0
49;66;4;0.0
49;66;5;0.0
49;66;6;0.0
49;66;7;0.0
49;66;8;0.0
50;66;1;0.0
50;66;2;0.0
50;66;3;0.0
50;66;4;0.0
50;66;5;0.0
50;66;6;0.0
50;66;7;0.0
50;66;8;0.0
51;66;1;0.0
51;66;2;0.0
51;66;3;0.0
51;66;4;0.0
51;66;5;0.0
51;66;6;0.0
51;66;7;0.0
51;66;8;0.0
52;66;1;0.0
52;66;2;0.0
52;66;3;0.0
52;66;4;-3.188773402137991e-13
52;66;5;0.0
52;66;6;0.0
52;66;7;0.0
52;66;8;0.0
53;66;1;0.0
53;66;2;0.0
53;66;3;0.0
53;66;4;0.0
53;66;5;0.0
53;66;6;0.0
53;66;7;0.0
53;66;8;0.0
54;66;1;0.0
54;66;2;0.0
54;66;3;0.0
54;66;4;-8.759134819249768e-15
54;66;5;0.0
54;66;6;0.0
54;66;7;0.0
54;66;8;0.0
55;66;1;0.0
55;66;2;0.0
55;66;3;0.0
55;66;4;0.0
55;66;5;0.0
55;66;6;0.0
55;66;7;0.0
55;66;8;0.0
56;66;1;0.0
56;66;2;0.0
56;66;3;0.0
56;66;4;0.0
56;66;5;0.0
56;66;6;0.0
56;66;7;0.0
56;66;8;0.0
57;66;1;0.0
57;66;2;0.0
57;66;3;0.0
57;66;4;0.0
57;66;5;0.0
57;66;6;0.0
57;66;7;0.0
57;66;8;0.0
58;66;1;0.0
58;66;2;0.0
58;66;3;0.0
58;66;4;0.0
58;66;5;0.0
58;66;6;0.0
58;66;7;0.0
58;66;8;0.0
59;66;1;0.0
59;66;2;0.0
59;66;3;0.0
59;66;4;0.0
59;66;5;0.0
59;66;6;0.0
59;66;7;0.0
59;66;8;0.0
1;67;1;0.0
1;67;2;0.0
1;67;3;0.0
1;67;4;0.0
1;67;5;0.0
1;67;6;0.0
1;67;7;0.0
1;67;8;0.0
2;67;1;0.0
2;67;2;0.0
2;67;3;0.0
2;67;4;0.0
2;67;5;0.0
2;67;6;0.0
2;67;7;0.0
2;67;8;0.0
3;67;1;0.0
3;67;2;0.0
3;67;3;0.0
3;67;4;0.0
3;67;5;0.0
3;67;6;0.0
3;67;7;0.0
3;67;8;0.0
4;67;1;0.0
4;67;2;0.0
4;67;3;0.0
4;67;4;0.0
4;67;5;0.0
4;67;6;0.0
4;67;7;0.0
4;67;8;0.0
5;67;1;0.0
5;67;2;0.0
5;67;3;0.0
5;67;4;0.0
5;67;5;0.0
5;67;6;0.0
5;67;7;0.0
5;67;8;0.0
6;67;1;0.0
6;67;2;0.0
6;67;3;0.0
6;67;4;0.0
6;67;5;0.0
6;67;6;0.0
6;67;7;0.0
6;67;8;0.0
7;67;1;0.0
7;67;2;0.0
7;67;3;0.0
7;67;4;0.0
7;67;5;0.0
7;67;6;0.0
7;67;7;0.0
7;67;8;0.0
8;67;1;0.0
8;67;2;0.0
8;67;3;0.0
8;67;4;0.0
8;67;5;0.0
8;67;6;0.0
8;67;7;0.0
8;67;8;0.0
9;67;1;0.0
9;67;2;0.0
9;67;3;0.0
9;67;4;0.0
9;67;5;0.0
9;67;6;0.0
9;67;7;0.0
9;67;8;0.0
10;67;1;0.0
10;67;2;0.0
10;67;3;0.0
10;67;4;0.0
10;67;5;0.0
10;67;6;0.0
10;67;7;0.0
10;67;8;0.0
11;67;1;0.0
11;67;2;0.0
11;67;3;0.0
11;67;4;0.0
11;67;5;0.0
11;67;6;0.0
11;67;7;0.0
11;67;8;0.0
12;67;1;0.0
12;67;2;0.0
12;67;3;0.0
12;67;4;0.0
12;67;5;0.0
12;67;6;0.0
12;67;7;0.0
12;67;8;0.0
13;67;1;0.0
13;67;2;0.0
13;67;3;0.0
13;67;4;0.0
13;67;5;0.0
13;67;6;0.0
13;67;7;0.0
13;67;8;0.0
14;67;1;0.0
14;67;2;0.0
14;67;3;0.0
14;67;4;0.0
14;67;5;0.0
14;67;6;0.0
14;67;7;0.0
14;67;8;0.0
15;67;1;0.0
15;67;2;0.0
15;67;3;0.0
15;67;4;0.0
15;67;5;0.0
15;67;6;0.0
15;67;7;0.0
15;67;8;0.0
16;67;1;0.0
16;67;2;0.0
16;67;3;0.0
16;67;4;0.0
16;67;5;0.0
16;67;6;0.0
16;67;7;0.0
16;67;8;0.0
17;67;1;-9.752957326959091e-18
17;67;2;-9.752957326959091e-18
17;67;3;-3.674363024690717e-17
17;67;4;-0.9999999974439266
17;67;5;-9.752957326959091e-18
17;67;6;-9.752957326959091e-18
17;67;7;-9.752957326959091e-18
17;67;8;-9.752957326959091e-18
18;67;1;0.0
18;67;2;0.0
18;67;3;0.0
18;67;4;0.0
18;67;5;0.0
18;67;6;0.0
18;67;7;0.0
18;67;8;0.0
19;67;1;0.0
19;67;2;0.0
19;67;3;0.0
19;67;4;0.0
19;67;5;0.0
19;67;6;0.0
19;67;7;0.0
19;67;8;0.0
20;67;1;0.0
20;67;2;0.0
20;67;3;-2.697597304371669e-17
20;67;4;0.0
20;67;5;0.0
20;67;6;0.0
20;67;7;0.0
20;67;8;0.0
21;67;1;-1.139128845728324e-17
21;67;2;-1.139128845728324e-17
21;67;3;-3.548320566750309e-17
21;67;4;-2.9477464622692693e-13
21;67;5;-1.139128845728324e-17
21;67;6;-1.139128845728324e-17
21;67;7;-1.139128845728324e-17
21;67;8;-1.139128845728324e-17
22;67;1;-2.519756009561087e-17
22;67;2;-2.519756009561087e-17
22;67;3;-9.185145096982149e-17
22;67;4;-4.884981308350689e-14
22;67;5;-2.519756009561087e-17
22;67;6;-2.519756009561087e-17
22;67;7;-2.519756009561087e-17
22;67;8;-2.519756009561087e-17
23;67;1;0.0
23;67;2;0.0
23;67;3;0.0
23;67;4;0.0
23;67;5;0.0
23;67;6;0.0
23;67;7;0.0
23;67;8;0.0
24;67;1;0.0
24;67;2;0.0
24;67;3;0.0
24;67;4;0.0
24;67;5;0.0
24;67;6;0.0
24;67;7;0.0
24;67;8;0.0
25;67;1;0.0
25;67;2;0.0
25;67;3;0.0
25;67;4;0.0
25;67;5;0.0
25;67;6;0.0
25;67;7;0.0
25;67;8;0.0
26;67;1;0.0
26;67;2;0.0
26;67;3;0.0
26;67;4;0.0
26;67;5;0.0
26;67;6;0.0
26;67;7;0.0
26;67;8;0.0
27;67;1;0.0
27;67;2;0.0
27;67;3;0.0
27;67;4;0.0
27;67;5;0.0
27;67;6;0.0
27;67;7;0.0
27;67;8;0.0
28;67;1;0.0
28;67;2;0.0
28;67;3;0.0
28;67;4;0.0
28;67;5;0.0
28;67;6;0.0
28;67;7;0.0
28;67;8;0.0
29;67;1;0.0
29;67;2;0.0
29;67;3;0.0
29;67;4;0.0
29;67;5;0.0
29;67;6;0.0
29;67;7;0.0
29;67;8;0.0
30;67;1;0.0
30;67;2;0.0
30;67;3;0.0
30;67;4;0.0
30;67;5;0.0
30;67;6;0.0
30;67;7;0.0
30;67;8;0.0
31;67;1;0.0
31;67;2;0.0
31;67;3;0.0
31;67;4;0.0
31;67;5;0.0
31;67;6;0.0
31;67;7;0.0
31;67;8;0.0
32;67;1;0.0
32;67;2;0.0
32;67;3;0.0
32;67;4;0.0
32;67;5;0.0
32;67;6;0.0
32;67;7;0.0
32;67;8;0.0
33;67;1;0.0
33;67;2;0.0
33;67;3;0.0
33;67;4;0.0
33;67;5;0.0
33;67;6;0.0
33;67;7;0.0
33;67;8;0.0
34;67;1;0.0
34;67;2;0.0
34;67;3;0.0
34;67;4;0.0
34;67;5;0.0
34;67;6;0.0
34;67;7;0.0
34;67;8;0.0
35;67;1;0.0
35;67;2;0.0
35;67;3;0.0
35;67;4;0.0
35;67;5;0.0
35;67;6;0.0
35;67;7;0.0
35;67;8;0.0
36;67;1;0.0
36;67;2;0.0
36;67;3;0.0
36;67;4;0.0
36;67;5;0.0
36;67;6;0.0
36;67;7;0.0
36;67;8;0.0
37;67;1;0.0
37;67;2;0.0
37;67;3;0.0
37;67;4;0.0
37;67;5;0.0
37;67;6;0.0
37;67;7;0.0
37;67;8;0.0
38;67;1;0.0
38;67;2;0.0
38;67;3;0.0
38;67;4;0.0
38;67;5;0.0
38;67;6;0.0
38;67;7;0.0
38;67;8;0.0
39;67;1;0.0
39;67;2;0.0
39;67;3;0.0
39;67;4;0.0
39;67;5;0.0
39;67;6;0.0
39;67;7;0.0
39;67;8;0.0
40;67;1;0.0
40;67;2;0.0
40;67;3;0.0
40;67;4;0.0
40;67;5;0.0
40;67;6;0.0
40;67;7;0.0
40;67;8;0.0
41;67;1;0.0
41;67;2;0.0
41;67;3;0.0
41;67;4;0.0
41;67;5;0.0
41;67;6;0.0
41;67;7;0.0
41;67;8;0.0
42;67;1;0.0
42;67;2;0.0
42;67;3;0.0
42;67;4;0.0
42;67;5;0.0
42;67;6;0.0
42;67;7;0.0
42;67;8;0.0
43;67;1;0.0
43;67;2;0.0
43;67;3;0.0
43;67;4;0.0
43;67;5;0.0
43;67;6;0.0
43;67;7;0.0
43;67;8;0.0
44;67;1;0.0
44;67;2;0.0
44;67;3;0.0
44;67;4;0.0
44;67;5;0.0
44;67;6;0.0
44;67;7;0.0
44;67;8;0.0
45;67;1;0.0
45;67;2;0.0
45;67;3;0.0
45;67;4;0.0
45;67;5;0.0
45;67;6;0.0
45;67;7;0.0
45;67;8;0.0
46;67;1;0.0
46;67;2;0.0
46;67;3;0.0
46;67;4;0.0
46;67;5;0.0
46;67;6;0.0
46;67;7;0.0
46;67;8;0.0
47;67;1;-1.7791200178865947e-17
47;67;2;-1.7791200178865947e-17
47;67;3;-8.502368736949053e-17
47;67;4;-2.557014590475891e-09
47;67;5;-1.7791200178865947e-17
47;67;6;-1.7791200178865947e-17
47;67;7;-1.7791200178865947e-17
47;67;8;-1.7791200178865947e-17
48;67;1;0.0
48;67;2;0.0
48;67;3;0.0
48;67;4;0.0
48;67;5;0.0
48;67;6;0.0
48;67;7;0.0
48;67;8;0.0
49;67;1;0.0
49;67;2;0.0
49;67;3;0.0
49;67;4;0.0
49;67;5;0.0
49;67;6;0.0
49;67;7;0.0
49;67;8;0.0
50;67;1;0.0
50;67;2;0.0
50;67;3;0.0
50;67;4;0.0
50;67;5;0.0
50;67;6;0.0
50;67;7;0.0
50;67;8;0.0
51;67;1;0.0
51;67;2;0.0
51;67;3;0.0
51;67;4;0.0
51;67;5;0.0
51;67;6;0.0
51;67;7;0.0
51;67;8;0.0
52;67;1;0.0
52;67;2;0.0
52;67;3;0.0
52;67;4;-3.227479960359583e-13
52;67;5;0.0
52;67;6;0.0
52;67;7;0.0
52;67;8;0.0
53;67;1;0.0
53;67;2;0.0
53;67;3;0.0
53;67;4;0.0
53;67;5;0.0
53;67;6;0.0
53;67;7;0.0
53;67;8;0.0
54;67;1;0.0
54;67;2;0.0
54;67;3;0.0
54;67;4;-8.257498558464085e-15
54;67;5;0.0
54;67;6;0.0
54;67;7;0.0
54;67;8;0.0
55;67;1;0.0
55;67;2;0.0
55;67;3;0.0
55;67;4;0.0
55;67;5;0.0
55;67;6;0.0
55;67;7;0.0
55;67;8;0.0
56;67;1;0.0
56;67;2;0.0
56;67;3;0.0
56;67;4;0.0
56;67;5;0.0
56;67;6;0.0
56;67;7;0.0
56;67;8;0.0
57;67;1;0.0
57;67;2;0.0
57;67;3;0.0
57;67;4;0.0
57;67;5;0.0
57;67;6;0.0
57;67;7;0.0
57;67;8;0.0
58;67;1;0.0
58;67;2;0.0
58;67;3;0.0
58;67;4;0.0
58;67;5;0.0
58;67;6;0.0
58;67;7;0.0
58;67;8;0.0
59;67;1;0.0
59;67;2;0.0
59;67;3;0.0
59;67;4;0.0
59;67;5;0.0
59;67;6;0.0
59;67;7;0.0
59;67;8;0.0
1;68;1;0.0
1;68;2;0.0
1;68;3;0.0
1;68;4;0.0
1;68;5;0.0
1;68;6;0.0
1;68;7;0.0
1;68;8;0.0
2;68;1;0.0
2;68;2;0.0
2;68;3;0.0
2;68;4;0.0
2;68;5;0.0
2;68;6;0.0
2;68;7;0.0
2;68;8;0.0
3;68;1;0.0
3;68;2;0.0
3;68;3;0.0
3;68;4;0.0
3;68;5;0.0
3;68;6;0.0
3;68;7;0.0
3;68;8;0.0
4;68;1;0.0
4;68;2;0.0
4;68;3;0.0
4;68;4;0.0
4;68;5;0.0
4;68;6;0.0
4;68;7;0.0
4;68;8;0.0
5;68;1;0.0
5;68;2;0.0
5;68;3;0.0
5;68;4;0.0
5;68;5;0.0
5;68;6;0.0
5;68;7;0.0
5;68;8;0.0
6;68;1;0.0
6;68;2;0.0
6;68;3;0.0
6;68;4;0.0
6;68;5;0.0
6;68;6;0.0
6;68;7;0.0
6;68;8;0.0
7;68;1;0.0
7;68;2;0.0
7;68;3;0.0
7;68;4;0.0
7;68;5;0.0
7;68;6;0.0
7;68;7;0.0
7;68;8;0.0
8;68;1;0.0
8;68;2;0.0
8;68;3;0.0
8;68;4;0.0
8;68;5;0.0
8;68;6;0.0
8;68;7;0.0
8;68;8;0.0
9;68;1;0.0
9;68;2;0.0
9;68;3;0.0
9;68;4;0.0
9;68;5;0.0
9;68;6;0.0
9;68;7;0.0
9;68;8;0.0
10;68;1;0.0
10;68;2;0.0
10;68;3;0.0
10;68;4;0.0
10;68;5;0.0
10;68;6;0.0
10;68;7;0.0
10;68;8;0.0
11;68;1;0.0
11;68;2;0.0
11;68;3;0.0
11;68;4;0.0
11;68;5;0.0
11;68;6;0.0
11;68;7;0.0
11;68;8;0.0
12;68;1;0.0
12;68;2;0.0
12;68;3;0.0
12;68;4;0.0
12;68;5;0.0
12;68;6;0.0
12;68;7;0.0
12;68;8;0.0
13;68;1;0.0
13;68;2;0.0
13;68;3;0.0
13;68;4;0.0
13;68;5;0.0
13;68;6;0.0
13;68;7;0.0
13;68;8;0.0
14;68;1;0.0
14;68;2;0.0
14;68;3;0.0
14;68;4;0.0
14;68;5;0.0
14;68;6;0.0
14;68;7;0.0
14;68;8;0.0
15;68;1;0.0
15;68;2;0.0
15;68;3;0.0
15;68;4;0.0
15;68;5;0.0
15;68;6;0.0
15;68;7;0.0
15;68;8;0.0
16;68;1;0.0
16;68;2;0.0
16;68;3;0.0
16;68;4;0.0
16;68;5;0.0
16;68;6;0.0
16;68;7;0.0
16;68;8;0.0
17;68;1;-1.1724271755617973e-17
17;68;2;-1.1724271755617973e-17
17;68;3;-4.680761971992371e-17
17;68;4;-0.9999999976076985
17;68;5;-1.1724271755617973e-17
17;68;6;-1.1724271755617973e-17
17;68;7;-1.1724271755617973e-17
17;68;8;-1.1724271755617973e-17
18;68;1;0.0
18;68;2;0.0
18;68;3;0.0
18;68;4;0.0
18;68;5;0.0
18;68;6;0.0
18;68;7;0.0
18;68;8;0.0
19;68;1;0.0
19;68;2;0.0
19;68;3;0.0
19;68;4;0.0
19;68;5;0.0
19;68;6;0.0
19;68;7;0.0
19;68;8;0.0
20;68;1;0.0
20;68;2;0.0
20;68;3;-3.430410198472891e-17
20;68;4;0.0
20;68;5;0.0
20;68;6;0.0
20;68;7;0.0
20;68;8;0.0
21;68;1;-1.2839636008443981e-17
21;68;2;-1.2839636008443981e-17
21;68;3;-4.714961409967626e-17
21;68;4;-2.9241926899695124e-13
21;68;5;-1.2839636008443981e-17
21;68;6;-1.2839636008443981e-17
21;68;7;-1.2839636008443981e-17
21;68;8;-1.2839636008443981e-17
22;68;1;-3.125337229195731e-17
22;68;2;-3.125337229195731e-17
22;68;3;-1.295374837265503e-16
22;68;4;-4.707345624410664e-14
22;68;5;-3.125337229195731e-17
22;68;6;-3.125337229195731e-17
22;68;7;-3.125337229195731e-17
22;68;8;-3.125337229195731e-17
23;68;1;0.0
23;68;2;0.0
23;68;3;0.0
23;68;4;0.0
23;68;5;0.0
23;68;6;0.0
23;68;7;0.0
23;68;8;0.0
24;68;1;0.0
24;68;2;0.0
24;68;3;0.0
24;68;4;0.0
24;68;5;0.0
24;68;6;0.0
24;68;7;0.0
24;68;8;0.0
25;68;1;0.0
25;68;2;0.0
25;68;3;0.0
25;68;4;0.0
25;68;5;0.0
25;68;6;0.0
25;68;7;0.0
25;68;8;0.0
26;68;1;0.0
26;68;2;0.0
26;68;3;0.0
26;68;4;0.0
26;68;5;0.0
26;68;6;0.0
26;68;7;0.0
26;68;8;0.0
27;68;1;0.0
27;68;2;0.0
27;68;3;0.0
27;68;4;0.0
27;68;5;0.0
27;68;6;0.0
27;68;7;0.0
27;68;8;0.0
28;68;1;0.0
28;68;2;0.0
28;68;3;0.0
28;68;4;0.0
28;68;5;0.0
28;68;6;0.0
28;68;7;0.0
28;68;8;0.0
29;68;1;0.0
29;68;2;0.0
29;68;3;0.0
29;68;4;0.0
29;68;5;0.0
29;68;6;0.0
29;68;7;0.0
29;68;8;0.0
30;68;1;0.0
30;68;2;0.0
30;68;3;0.0
30;68;4;0.0
30;68;5;0.0
30;68;6;0.0
30;68;7;0.0
30;68;8;0.0
31;68;1;0.0
31;68;2;0.0
31;68;3;0.0
31;68;4;0.0
31;68;5;0.0
31;68;6;0.0
31;68;7;0.0
31;68;8;0.0
32;68;1;0.0
32;68;2;0.0
32;68;3;0.0
32;68;4;0.0
32;68;5;0.0
32;68;6;0.0
32;68;7;0.0
32;68;8;0.0
33;68;1;0.0
33;68;2;0.0
33;68;3;0.0
33;68;4;0.0
33;68;5;0.0
33;68;6;0.0
33;68;7;0.0
33;68;8;0.0
34;68;1;0.0
34;68;2;0.0
34;68;3;0.0
34;68;4;0.0
34;68;5;0.0
34;68;6;0.0
34;68;7;0.0
34;68;8;0.0
35;68;1;0.0
35;68;2;0.0
35;68;3;0.0
35;68;4;0.0
35;68;5;0.0
35;68;6;0.0
35;68;7;0.0
35;68;8;0.0
36;68;1;0.0
36;68;2;0.0
36;68;3;0.0
36;68;4;0.0
36;68;5;0.0
36;68;6;0.0
36;68;7;0.0
36;68;8;0.0
37;68;1;0.0
37;68;2;0.0
37;68;3;0.0
37;68;4;0.0
37;68;5;0.0
37;68;6;0.0
37;68;7;0.0
37;68;8;0.0
38;68;1;0.0
38;68;2;0.0
38;68;3;0.0
38;68;4;0.0
38;68;5;0.0
38;68;6;0.0
38;68;7;0.0
38;68;8;0.0
39;68;1;0.0
39;68;2;0.0
39;68;3;0.0
39;68;4;0.0
39;68;5;0.0
39;68;6;0.0
39;68;7;0.0
39;68;8;0.0
40;68;1;0.0
40;68;2;0.0
40;68;3;0.0
40;68;4;0.0
40;68;5;0.0
40;68;6;0.0
40;68;7;0.0
40;68;8;0.0
41;68;1;0.0
41;68;2;0.0
41;68;3;0.0
41;68;4;0.0
41;68;5;0.0
41;68;6;0.0
41;68;7;0.0
41;68;8;0.0
42;68;1;0.0
42;68;2;0.0
42;68;3;0.0
42;68;4;0.0
42;68;5;0.0
42;68;6;0.0
42;68;7;0.0
42;68;8;0.0
43;68;1;0.0
43;68;2;0.0
43;68;3;0.0
43;68;4;0.0
43;68;5;0.0
43;68;6;0.0
43;68;7;0.0
43;68;8;0.0
44;68;1;0.0
44;68;2;0.0
44;68;3;0.0
44;68;4;0.0
44;68;5;0.0
44;68;6;0.0
44;68;7;0.0
44;68;8;0.0
45;68;1;0.0
45;68;2;0.0
45;68;3;0.0
45;68;4;0.0
45;68;5;0.0
45;68;6;0.0
45;68;7;0.0
45;68;8;0.0
46;68;1;0.0
46;68;2;0.0
46;68;3;0.0
46;68;4;0.0
46;68;5;0.0
46;68;6;0.0
46;68;7;0.0
46;68;8;0.0
47;68;1;-2.3202316586794933e-17
47;68;2;-2.3202316586794933e-17
47;68;3;-1.131264798823818e-16
47;68;4;-2.3939069748441752e-09
47;68;5;-2.3202316586794933e-17
47;68;6;-2.3202316586794933e-17
47;68;7;-2.3202316586794933e-17
47;68;8;-2.3202316586794933e-17
48;68;1;0.0
48;68;2;0.0
48;68;3;0.0
48;68;4;0.0
48;68;5;0.0
48;68;6;0.0
48;68;7;0.0
48;68;8;0.0
49;68;1;0.0
49;68;2;0.0
49;68;3;0.0
49;68;4;0.0
49;68;5;0.0
49;68;6;0.0
49;68;7;0.0
49;68;8;0.0
50;68;1;0.0
50;68;2;0.0
50;68;3;0.0
50;68;4;0.0
50;68;5;0.0
50;68;6;0.0
50;68;7;0.0
50;68;8;0.0
51;68;1;0.0
51;68;2;0.0
51;68;3;0.0
51;68;4;0.0
51;68;5;0.0
51;68;6;0.0
51;68;7;0.0
51;68;8;0.0
52;68;1;0.0
52;68;2;0.0
52;68;3;0.0
52;68;4;-3.2561403344291393e-13
52;68;5;0.0
52;68;6;0.0
52;68;7;0.0
52;68;8;0.0
53;68;1;0.0
53;68;2;0.0
53;68;3;0.0
53;68;4;0.0
53;68;5;0.0
53;68;6;0.0
53;68;7;0.0
53;68;8;0.0
54;68;1;0.0
54;68;2;0.0
54;68;3;0.0
54;68;4;-9.222096565198983e-15
54;68;5;0.0
54;68;6;0.0
54;68;7;0.0
54;68;8;0.0
55;68;1;0.0
55;68;2;0.0
55;68;3;0.0
55;68;4;0.0
55;68;5;0.0
55;68;6;0.0
55;68;7;0.0
55;68;8;0.0
56;68;1;0.0
56;68;2;0.0
56;68;3;0.0
56;68;4;0.0
56;68;5;0.0
56;68;6;0.0
56;68;7;0.0
56;68;8;0.0
57;68;1;0.0
57;68;2;0.0
57;68;3;0.0
57;68;4;0.0
57;68;5;0.0
57;68;6;0.0
57;68;7;0.0
57;68;8;0.0
58;68;1;0.0
58;68;2;0.0
58;68;3;0.0
58;68;4;0.0
58;68;5;0.0
58;68;6;0.0
58;68;7;0.0
58;68;8;0.0
59;68;1;0.0
59;68;2;0.0
59;68;3;0.0
59;68;4;0.0
59;68;5;0.0
59;68;6;0.0
59;68;7;0.0
59;68;8;0.0
1;69;1;0.0
1;69;2;0.0
1;69;3;0.0
1;69;4;0.0
1;69;5;0.0
1;69;6;0.0
1;69;7;0.0
1;69;8;0.0
2;69;1;0.0
2;69;2;0.0
2;69;3;0.0
2;69;4;0.0
2;69;5;0.0
2;69;6;0.0
2;69;7;0.0
2;69;8;0.0
3;69;1;0.0
3;69;2;0.0
3;69;3;0.0
3;69;4;0.0
3;69;5;0.0
3;69;6;0.0
3;69;7;0.0
3;69;8;0.0
4;69;1;0.0
4;69;2;0.0
4;69;3;0.0
4;69;4;0.0
4;69;5;0.0
4;69;6;0.0
4;69;7;0.0
4;69;8;0.0
5;69;1;0.0
5;69;2;0.0
5;69;3;0.0
5;69;4;0.0
5;69;5;0.0
5;69;6;0.0
5;69;7;0.0
5;69;8;0.0
6;69;1;0.0
6;69;2;0.0
6;69;3;0.0
6;69;4;0.0
6;69;5;0.0
6;69;6;0.0
6;69;7;0.0
6;69;8;0.0
7;69;1;0.0
7;69;2;0.0
7;69;3;0.0
7;69;4;0.0
7;69;5;0.0
7;69;6;0.0
7;69;7;0.0
7;69;8;0.0
8;69;1;0.0
8;69;2;0.0
8;69;3;0.0
8;69;4;0.0
8;69;5;0.0
8;69;6;0.0
8;69;7;0.0
8;69;8;0.0
9;69;1;0.0
9;69;2;0.0
9;69;3;0.0
9;69;4;0.0
9;69;5;0.0
9;69;6;0.0
9;69;7;0.0
9;69;8;0.0
10;69;1;0.0
10;69;2;0.0
10;69;3;0.0
10;69;4;0.0
10;69;5;0.0
10;69;6;0.0
10;69;7;0.0
10;69;8;0.0
11;69;1;0.0
11;69;2;0.0
11;69;3;0.0
11;69;4;0.0
11;69;5;0.0
11;69;6;0.0
11;69;7;0.0
11;69;8;0.0
12;69;1;0.0
12;69;2;0.0
12;69;3;0.0
12;69;4;0.0
12;69;5;0.0
12;69;6;0.0
12;69;7;0.0
12;69;8;0.0
13;69;1;0.0
13;69;2;0.0
13;69;3;0.0
13;69;4;0.0
13;69;5;0.0
13;69;6;0.0
13;69;7;0.0
13;69;8;0.0
14;69;1;0.0
14;69;2;0.0
14;69;3;0.0
14;69;4;0.0
14;69;5;0.0
14;69;6;0.0
14;69;7;0.0
14;69;8;0.0
15;69;1;0.0
15;69;2;0.0
15;69;3;0.0
15;69;4;0.0
15;69;5;0.0
15;69;6;0.0
15;69;7;0.0
15;69;8;0.0
16;69;1;0.0
16;69;2;0.0
16;69;3;0.0
16;69;4;0.0
16;69;5;0.0
16;69;6;0.0
16;69;7;0.0
16;69;8;0.0
17;69;1;-1.374261946003065e-17
17;69;2;-1.374261946003065e-17
17;69;3;-5.452082081484973e-17
17;69;4;-7.239914511924815e-16
17;69;5;-1.374261946003065e-17
17;69;6;-1.374261946003065e-17
17;69;7;-1.374261946003065e-17
17;69;8;-1.374261946003065e-17
18;69;1;0.0
18;69;2;0.0
18;69;3;0.0
18;69;4;0.0
18;69;5;0.0
18;69;6;0.0
18;69;7;0.0
18;69;8;0.0
19;69;1;0.0
19;69;2;0.0
19;69;3;0.0
19;69;4;0.0
19;69;5;0.0
19;69;6;0.0
19;69;7;0.0
19;69;8;0.0
20;69;1;0.0
20;69;2;0.0
20;69;3;-3.4962557020772535e-17
20;69;4;0.0
20;69;5;0.0
20;69;6;0.0
20;69;7;0.0
20;69;8;0.0
21;69;1;-1.516428013787006e-17
21;69;2;-1.516428013787006e-17
21;69;3;-5.81071056337466e-17
21;69;4;-1.2701306767035829e-15
21;69;5;-1.516428013787006e-17
21;69;6;-1.516428013787006e-17
21;69;7;-1.516428013787006e-17
21;69;8;-1.516428013787006e-17
22;69;1;-3.7576081490568484e-17
22;69;2;-3.7576081490568484e-17
22;69;3;-1.4331140276211452e-16
22;69;4;-0.0
22;69;5;-3.7576081490568484e-17
22;69;6;-3.7576081490568484e-17
22;69;7;-3.7576081490568484e-17
22;69;8;-3.7576081490568484e-17
23;69;1;0.0
23;69;2;0.0
23;69;3;0.0
23;69;4;0.0
23;69;5;0.0
23;69;6;0.0
23;69;7;0.0
23;69;8;0.0
24;69;1;0.0
24;69;2;0.0
24;69;3;0.0
24;69;4;0.0
24;69;5;0.0
24;69;6;0.0
24;69;7;0.0
24;69;8;0.0
25;69;1;0.0
25;69;2;0.0
25;69;3;0.0
25;69;4;0.0
25;69;5;0.0
25;69;6;0.0
25;69;7;0.0
25;69;8;0.0
26;69;1;0.0
26;69;2;0.0
26;69;3;0.0
26;69;4;0.0
26;69;5;0.0
26;69;6;0.0
26;69;7;0.0
26;69;8;0.0
27;69;1;0.0
27;69;2;0.0
27;69;3;0.0
27;69;4;0.0
27;69;5;0.0
27;69;6;0.0
27;69;7;0.0
27;69;8;0.0
28;69;1;0.0
28;69;2;0.0
28;69;3;0.0
28;69;4;0.0
28;69;5;0.0
28;69;6;0.0
28;69;7;0.0
28;69;8;0.0
29;69;1;0.0
29;69;2;0.0
29;69;3;0.0
29;69;4;0.0
29;69;5;0.0
29;69;6;0.0
29;69;7;0.0
29;69;8;0.0
30;69;1;0.0
30;69;2;0.0
30;69;3;0.0
30;69;4;0.0
30;69;5;0.0
30;69;6;0.0
30;69;7;0.0
30;69;8;0.0
31;69;1;0.0
31;69;2;0.0
31;69;3;0.0
31;69;4;0.0
31;69;5;0.0
31;69;6;0.0
31;69;7;0.0
31;69;8;0.0
32;69;1;0.0
32;69;2;0.0
32;69;3;0.0
32;69;4;0.0
32;69;5;0.0
32;69;6;0.0
32;69;7;0.0
32;69;8;0.0
33;69;1;0.0
33;69;2;0.0
33;69;3;0.0
33;69;4;0.0
33;69;5;0.0
33;69;6;0.0
33;69;7;0.0
33;69;8;0.0
34;69;1;0.0
34;69;2;0.0
34;69;3;0.0
34;69;4;0.0
34;69;5;0.0
34;69;6;0.0
34;69;7;0.0
34;69;8;0.0
35;69;1;0.0
35;69;2;0.0
35;69;3;0.0
35;69;4;0.0
35;69;5;0.0
35;69;6;0.0
35;69;7;0.0
35;69;8;0.0
36;69;1;0.0
36;69;2;0.0
36;69;3;0.0
36;69;4;0.0
36;69;5;0.0
36;69;6;0.0
36;69;7;0.0
36;69;8;0.0
37;69;1;0.0
37;69;2;0.0
37;69;3;0.0
37;69;4;0.0
37;69;5;0.0
37;69;6;0.0
37;69;7;0.0
37;69;8;0.0
38;69;1;0.0
38;69;2;0.0
38;69;3;0.0
38;69;4;0.0
38;69;5;0.0
38;69;6;0.0
38;69;7;0.0
38;69;8;0.0
39;69;1;0.0
39;69;2;0.0
39;69;3;0.0
39;69;4;0.0
39;69;5;0.0
39;69;6;0.0
39;69;7;0.0
39;69;8;0.0
40;69;1;0.0
40;69;2;0.0
40;69;3;0.0
40;69;4;0.0
40;69;5;0.0
40;69;6;0.0
40;69;7;0.0
40;69;8;0.0
41;69;1;0.0
41;69;2;0.0
41;69;3;0.0
41;69;4;0.0
41;69;5;0.0
41;69;6;0.0
41;69;7;0.0
41;69;8;0.0
42;69;1;0.0
42;69;2;0.0
42;69;3;0.0
42;69;4;0.0
42;69;5;0.0
42;69;6;0.0
42;69;7;0.0
42;69;8;0.0
43;69;1;0.0
43;69;2;0.0
43;69;3;0.0
43;69;4;0.0
43;69;5;0.0
43;69;6;0.0
43;69;7;0.0
43;69;8;0.0
44;69;1;0.0
44;69;2;0.0
44;69;3;0.0
44;69;4;0.0
44;69;5;0.0
44;69;6;0.0
44;69;7;0.0
44;69;8;0.0
45;69;1;0.0
45;69;2;0.0
45;69;3;0.0
45;69;4;0.0
45;69;5;0.0
45;69;6;0.0
45;69;7;0.0
45;69;8;0.0
46;69;1;0.0
46;69;2;0.0
46;69;3;0.0
46;69;4;0.0
46;69;5;0.0
46;69;6;0.0
46;69;7;0.0
46;69;8;0.0
47;69;1;-2.8684602320517444e-17
47;69;2;-2.8684602320517444e-17
47;69;3;-1.1852082559836446e-16
47;69;4;-1.8184611838991073e-15
47;69;5;-2.8684602320517444e-17
47;69;6;-2.8684602320517444e-17
47;69;7;-2.8684602320517444e-17
47;69;8;-2.8684602320517444e-17
48;69;1;0.0
48;69;2;0.0
48;69;3;0.0
48;69;4;0.0
48;69;5;0.0
48;69;6;0.0
48;69;7;0.0
48;69;8;0.0
49;69;1;0.0
49;69;2;0.0
49;69;3;0.0
49;69;4;0.0
49;69;5;0.0
49;69;6;0.0
49;69;7;0.0
49;69;8;0.0
50;69;1;0.0
50;69;2;0.0
50;69;3;0.0
50;69;4;0.0
50;69;5;0.0
50;69;6;0.0
50;69;7;0.0
50;69;8;0.0
51;69;1;0.0
51;69;2;0.0
51;69;3;0.0
51;69;4;0.0
51;69;5;0.0
51;69;6;0.0
51;69;7;0.0
51;69;8;0.0
52;69;1;0.0
52;69;2;0.0
52;69;3;0.0
52;69;4;-1.1627753668779808e-15
52;69;5;0.0
52;69;6;0.0
52;69;7;0.0
52;69;8;0.0
53;69;1;0.0
53;69;2;0.0
53;69;3;0.0
53;69;4;0.0
53;69;5;0.0
53;69;6;0.0
53;69;7;0.0
53;69;8;0.0
54;69;1;0.0
54;69;2;0.0
54;69;3;0.0
54;69;4;-2.9129142007165597e-16
54;69;5;0.0
54;69;6;0.0
54;69;7;0.0
54;69;8;0.0
55;69;1;0.0
55;69;2;0.0
55;69;3;0.0
55;69;4;0.0
55;69;5;0.0
55;69;6;0.0
55;69;7;0.0
55;69;8;0.0
56;69;1;0.0
56;69;2;0.0
56;69;3;0.0
56;69;4;0.0
56;69;5;0.0
56;69;6;0.0
56;69;7;0.0
56;69;8;0.0
57;69;1;0.0
57;69;2;0.0
57;69;3;0.0
57;69;4;0.0
57;69;5;0.0
57;69;6;0.0
57;69;7;0.0
57;69;8;0.0
58;69;1;0.0
58;69;2;0.0
58;69;3;0.0
58;69;4;0.0
58;69;5;0.0
58;69;6;0.0
58;69;7;0.0
58;69;8;0.0
59;69;1;0.0
59;69;2;0.0
59;69;3;0.0
59;69;4;0.0
59;69;5;0.0
59;69;6;0.0
59;69;7;0.0
59;69;8;0.0
1;70;1;0.0
1;70;2;0.0
1;70;3;0.0
1;70;4;0.0
1;70;5;0.0
1;70;6;0.0
1;70;7;0.0
1;70;8;0.0
2;70;1;0.0
2;70;2;0.0
2;70;3;0.0
2;70;4;0.0
2;70;5;0.0
2;70;6;0.0
2;70;7;0.0
2;70;8;0.0
3;70;1;0.0
3;70;2;0.0
3;70;3;0.0
3;70;4;0.0
3;70;5;0.0
3;70;6;0.0
3;70;7;0.0
3;70;8;0.0
4;70;1;0.0
4;70;2;0.0
4;70;3;0.0
4;70;4;0.0
4;70;5;0.0
4;70;6;0.0
4;70;7;0.0
4;70;8;0.0
5;70;1;0.0
5;70;2;0.0
5;70;3;0.0
5;70;4;0.0
5;70;5;0.0
5;70;6;0.0
5;70;7;0.0
5;70;8;0.0
6;70;1;0.0
6;70;2;0.0
6;70;3;0.0
6;70;4;0.0
6;70;5;0.0
6;70;6;0.0
6;70;7;0.0
6;70;8;0.0
7;70;1;0.0
7;70;2;0.0
7;70;3;0.0
7;70;4;0.0
7;70;5;0.0
7;70;6;0.0
7;70;7;0.0
7;70;8;0.0
8;70;1;0.0
8;70;2;0.0
8;70;3;0.0
8;70;4;0.0
8;70;5;0.0
8;70;6;0.0
8;70;7;0.0
8;70;8;0.0
9;70;1;0.0
9;70;2;0.0
9;70;3;0.0
9;70;4;0.0
9;70;5;0.0
9;70;6;0.0
9;70;7;0.0
9;70;8;0.0
10;70;1;0.0
10;70;2;0.0
10;70;3;0.0
10;70;4;0.0
10;70;5;0.0
10;70;6;0.0
10;70;7;0.0
10;70;8;0.0
11;70;1;0.0
11;70;2;0.0
11;70;3;0.0
11;70;4;0.0
11;70;5;0.0
11;70;6;0.0
11;70;7;0.0
11;70;8;0.0
12;70;1;0.0
12;70;2;0.0
12;70;3;0.0
12;70;4;0.0
12;70;5;0.0
12;70;6;0.0
12;70;7;0.0
12;70;8;0.0
13;70;1;0.0
13;70;2;0.0
13;70;3;0.0
13;70;4;0.0
13;70;5;0.0
13;70;6;0.0
13;70;7;0.0
13;70;8;0.0
14;70;1;0.0
14;70;2;0.0
14;70;3;0.0
14;70;4;0.0
14;70;5;0.0
14;70;6;0.0
14;70;7;0.0
14;70;8;0.0
15;70;1;0.0
15;70;2;0.0
15;70;3;0.0
15;70;4;0.0
15;70;5;0.0
15;70;6;0.0
15;70;7;0.0
15;70;8;0.0
16;70;1;0.0
16;70;2;0.0
16;70;3;0.0
16;70;4;0.0
16;70;5;0.0
16;70;6;0.0
16;70;7;0.0
16;70;8;0.0
17;70;1;-1.6103574845248912e-17
17;70;2;-1.6103574845248912e-17
17;70;3;-6.170743022091146e-17
17;70;4;-0.9999999999957367
17;70;5;-1.6103574845248912e-17
17;70;6;-1.6103574845248912e-17
17;70;7;-1.6103574845248912e-17
17;70;8;-1.6103574845248912e-17
18;70;1;0.0
18;70;2;0.0
18;70;3;0.0
18;70;4;0.0
18;70;5;0.0
18;70;6;0.0
18;70;7;0.0
18;70;8;0.0
19;70;1;0.0
19;70;2;0.0
19;70;3;0.0
19;70;4;0.0
19;70;5;0.0
19;70;6;0.0
19;70;7;0.0
19;70;8;0.0
20;70;1;0.0
20;70;2;0.0
20;70;3;-4.7187883286715076e-17
20;70;4;0.0
20;70;5;0.0
20;70;6;0.0
20;70;7;0.0
20;70;8;0.0
21;70;1;-1.8494839498204737e-17
21;70;2;-1.8494839498204737e-17
21;70;3;-6.92276576770099e-17
21;70;4;-2.947195576713105e-13
21;70;5;-1.8494839498204737e-17
21;70;6;-1.8494839498204737e-17
21;70;7;-1.8494839498204737e-17
21;70;8;-1.8494839498204737e-17
22;70;1;-4.158627241237356e-17
22;70;2;-4.158627241237356e-17
22;70;3;-1.831943750437334e-16
22;70;4;-4.796163466380676e-14
22;70;5;-4.158627241237356e-17
22;70;6;-4.158627241237356e-17
22;70;7;-4.158627241237356e-17
22;70;8;-4.158627241237356e-17
23;70;1;0.0
23;70;2;0.0
23;70;3;0.0
23;70;4;0.0
23;70;5;0.0
23;70;6;0.0
23;70;7;0.0
23;70;8;0.0
24;70;1;0.0
24;70;2;0.0
24;70;3;0.0
24;70;4;0.0
24;70;5;0.0
24;70;6;0.0
24;70;7;0.0
24;70;8;0.0
25;70;1;0.0
25;70;2;0.0
25;70;3;0.0
25;70;4;0.0
25;70;5;0.0
25;70;6;0.0
25;70;7;0.0
25;70;8;0.0
26;70;1;0.0
26;70;2;0.0
26;70;3;0.0
26;70;4;0.0
26;70;5;0.0
26;70;6;0.0
26;70;7;0.0
26;70;8;0.0
27;70;1;0.0
27;70;2;0.0
27;70;3;0.0
27;70;4;0.0
27;70;5;0.0
27;70;6;0.0
27;70;7;0.0
27;70;8;0.0
28;70;1;0.0
28;70;2;0.0
28;70;3;0.0
28;70;4;0.0
28;70;5;0.0
28;70;6;0.0
28;70;7;0.0
28;70;8;0.0
29;70;1;0.0
29;70;2;0.0
29;70;3;0.0
29;70;4;0.0
29;70;5;0.0
29;70;6;0.0
29;70;7;0.0
29;70;8;0.0
30;70;1;0.0
30;70;2;0.0
30;70;3;0.0
30;70;4;0.0
30;70;5;0.0
30;70;6;0.0
30;70;7;0.0
30;70;8;0.0
31;70;1;0.0
31;70;2;0.0
31;70;3;0.0
31;70;4;0.0
31;70;5;0.0
31;70;6;0.0
31;70;7;0.0
31;70;8;0.0
32;70;1;0.0
32;70;2;0.0
32;70;3;0.0
32;70;4;0.0
32;70;5;0.0
32;70;6;0.0
32;70;7;0.0
32;70;8;0.0
33;70;1;0.0
33;70;2;0.0
33;70;3;0.0
33;70;4;0.0
33;70;5;0.0
33;70;6;0.0
33;70;7;0.0
33;70;8;0.0
34;70;1;0.0
34;70;2;0.0
34;70;3;0.0
34;70;4;0.0
34;70;5;0.0
34;70;6;0.0
34;70;7;0.0
34;70;8;0.0
35;70;1;0.0
35;70;2;0.0
35;70;3;0.0
35;70;4;0.0
35;70;5;0.0
35;70;6;0.0
35;70;7;0.0
35;70;8;0.0
36;70;1;0.0
36;70;2;0.0
36;70;3;0.0
36;70;4;0.0
36;70;5;0.0
36;70;6;0.0
36;70;7;0.0
36;70;8;0.0
37;70;1;0.0
37;70;2;0.0
37;70;3;0.0
37;70;4;0.0
37;70;5;0.0
37;70;6;0.0
37;70;7;0.0
37;70;8;0.0
38;70;1;0.0
38;70;2;0.0
38;70;3;0.0
38;70;4;0.0
38;70;5;0.0
38;70;6;0.0
38;70;7;0.0
38;70;8;0.0
39;70;1;0.0
39;70;2;0.0
39;70;3;0.0
39;70;4;0.0
39;70;5;0.0
39;70;6;0.0
39;70;7;0.0
39;70;8;0.0
40;70;1;0.0
40;70;2;0.0
40;70;3;0.0
40;70;4;0.0
40;70;5;0.0
40;70;6;0.0
40;70;7;0.0
40;70;8;0.0
41;70;1;0.0
41;70;2;0.0
41;70;3;0.0
41;70;4;0.0
41;70;5;0.0
41;70;6;0.0
41;70;7;0.0
41;70;8;0.0
42;70;1;0.0
42;70;2;0.0
42;70;3;0.0
42;70;4;0.0
42;70;5;0.0
42;70;6;0.0
42;70;7;0.0
42;70;8;0.0
43;70;1;0.0
43;70;2;0.0
43;70;3;0.0
43;70;4;0.0
43;70;5;0.0
43;70;6;0.0
43;70;7;0.0
43;70;8;0.0
44;70;1;0.0
44;70;2;0.0
44;70;3;0.0
44;70;4;0.0
44;70;5;0.0
44;70;6;0.0
44;70;7;0.0
44;70;8;0.0
45;70;1;0.0
45;70;2;0.0
45;70;3;0.0
45;70;4;0.0
45;70;5;0.0
45;70;6;0.0
45;70;7;0.0
45;70;8;0.0
46;70;1;0.0
46;70;2;0.0
46;70;3;0.0
46;70;4;0.0
46;70;5;0.0
46;70;6;0.0
46;70;7;0.0
46;70;8;0.0
47;70;1;-3.53964321583893e-17
47;70;2;-3.53964321583893e-17
47;70;3;-1.3287520913398216e-16
47;70;4;-1.9748618347609237e-12
47;70;5;-3.53964321583893e-17
47;70;6;-3.53964321583893e-17
47;70;7;-3.53964321583893e-17
47;70;8;-3.53964321583893e-17
48;70;1;0.0
48;70;2;0.0
48;70;3;0.0
48;70;4;0.0
48;70;5;0.0
48;70;6;0.0
48;70;7;0.0
48;70;8;0.0
49;70;1;0.0
49;70;2;0.0
49;70;3;0.0
49;70;4;0.0
49;70;5;0.0
49;70;6;0.0
49;70;7;0.0
49;70;8;0.0
50;70;1;0.0
50;70;2;0.0
50;70;3;0.0
50;70;4;0.0
50;70;5;0.0
50;70;6;0.0
50;70;7;0.0
50;70;8;0.0
51;70;1;0.0
51;70;2;0.0
51;70;3;0.0
51;70;4;0.0
51;70;5;0.0
51;70;6;0.0
51;70;7;0.0
51;70;8;0.0
52;70;1;0.0
52;70;2;0.0
52;70;3;0.0
52;70;4;-3.1840472295806693e-13
52;70;5;0.0
52;70;6;0.0
52;70;7;0.0
52;70;8;0.0
53;70;1;0.0
53;70;2;0.0
53;70;3;0.0
53;70;4;0.0
53;70;5;0.0
53;70;6;0.0
53;70;7;0.0
53;70;8;0.0
54;70;1;0.0
54;70;2;0.0
54;70;3;0.0
54;70;4;-7.857015732431418e-15
54;70;5;0.0
54;70;6;0.0
54;70;7;0.0
54;70;8;0.0
55;70;1;0.0
55;70;2;0.0
55;70;3;0.0
55;70;4;0.0
55;70;5;0.0
55;70;6;0.0
55;70;7;0.0
55;70;8;0.0
56;70;1;0.0
56;70;2;0.0
56;70;3;0.0
56;70;4;0.0
56;70;5;0.0
56;70;6;0.0
56;70;7;0.0
56;70;8;0.0
57;70;1;0.0
57;70;2;0.0
57;70;3;0.0
57;70;4;0.0
57;70;5;0.0
57;70;6;0.0
57;70;7;0.0
57;70;8;0.0
58;70;1;0.0
58;70;2;0.0
58;70;3;0.0
58;70;4;0.0
58;70;5;0.0
58;70;6;0.0
58;70;7;0.0
58;70;8;0.0
59;70;1;0.0
59;70;2;0.0
59;70;3;0.0
59;70;4;0.0
59;70;5;0.0
59;70;6;0.0
59;70;7;0.0
59;70;8;0.0
1;71;1;0.0
1;71;2;0.0
1;71;3;0.0
1;71;4;0.0
1;71;5;0.0
1;71;6;0.0
1;71;7;0.0
1;71;8;0.0
2;71;1;0.0
2;71;2;0.0
2;71;3;0.0
2;71;4;0.0
2;71;5;0.0
2;71;6;0.0
2;71;7;0.0
2;71;8;0.0
3;71;1;0.0
3;71;2;0.0
3;71;3;0.0
3;71;4;0.0
3;71;5;0.0
3;71;6;0.0
3;71;7;0.0
3;71;8;0.0
4;71;1;0.0
4;71;2;0.0
4;71;3;0.0
4;71;4;0.0
4;71;5;0.0
4;71;6;0.0
4;71;7;0.0
4;71;8;0.0
5;71;1;0.0
5;71;2;0.0
5;71;3;0.0
5;71;4;0.0
5;71;5;0.0
5;71;6;0.0
5;71;7;0.0
5;71;8;0.0
6;71;1;0.0
6;71;2;0.0
6;71;3;0.0
6;71;4;0.0
6;71;5;0.0
6;71;6;0.0
6;71;7;0.0
6;71;8;0.0
7;71;1;0.0
7;71;2;0.0
7;71;3;0.0
7;71;4;0.0
7;71;5;0.0
7;71;6;0.0
7;71;7;0.0
7;71;8;0.0
8;71;1;0.0
8;71;2;0.0
8;71;3;0.0
8;71;4;0.0
8;71;5;0.0
8;71;6;0.0
8;71;7;0.0
8;71;8;0.0
9;71;1;0.0
9;71;2;0.0
9;71;3;0.0
9;71;4;0.0
9;71;5;0.0
9;71;6;0.0
9;71;7;0.0
9;71;8;0.0
10;71;1;0.0
10;71;2;0.0
10;71;3;0.0
10;71;4;0.0
10;71;5;0.0
10;71;6;0.0
10;71;7;0.0
10;71;8;0.0
11;71;1;0.0
11;71;2;0.0
11;71;3;0.0
11;71;4;0.0
11;71;5;0.0
11;71;6;0.0
11;71;7;0.0
11;71;8;0.0
12;71;1;0.0
12;71;2;0.0
12;71;3;0.0
12;71;4;0.0
12;71;5;0.0
12;71;6;0.0
12;71;7;0.0
12;71;8;0.0
13;71;1;0.0
13;71;2;0.0
13;71;3;0.0
13;71;4;0.0
13;71;5;0.0
13;71;6;0.0
13;71;7;0.0
13;71;8;0.0
14;71;1;0.0
14;71;2;0.0
14;71;3;0.0
14;71;4;0.0
14;71;5;0.0
14;71;6;0.0
14;71;7;0.0
14;71;8;0.0
15;71;1;0.0
15;71;2;0.0
15;71;3;0.0
15;71;4;0.0
15;71;5;0.0
15;71;6;0.0
15;71;7;0.0
15;71;8;0.0
16;71;1;0.0
16;71;2;0.0
16;71;3;0.0
16;71;4;0.0
16;71;5;0.0
16;71;6;0.0
16;71;7;0.0
16;71;8;0.0
17;71;1;-1.9663002974965124e-17
17;71;2;-1.9663002974965124e-17
17;71;3;-7.112279483924016e-17
17;71;4;-0.9999999999860832
17;71;5;-1.9663002974965124e-17
17;71;6;-1.9663002974965124e-17
17;71;7;-1.9663002974965124e-17
17;71;8;-1.9663002974965124e-17
18;71;1;0.0
18;71;2;0.0
18;71;3;0.0
18;71;4;0.0
18;71;5;0.0
18;71;6;0.0
18;71;7;0.0
18;71;8;0.0
19;71;1;0.0
19;71;2;0.0
19;71;3;0.0
19;71;4;0.0
19;71;5;0.0
19;71;6;0.0
19;71;7;0.0
19;71;8;0.0
20;71;1;0.0
20;71;2;0.0
20;71;3;-5.371216295387176e-17
20;71;4;0.0
20;71;5;0.0
20;71;6;0.0
20;71;7;0.0
20;71;8;0.0
21;71;1;-2.4226051686462265e-17
21;71;2;-2.4226051686462265e-17
21;71;3;-8.434272323522468e-17
21;71;4;-2.9237790759231523e-13
21;71;5;-2.4226051686462265e-17
21;71;6;-2.4226051686462265e-17
21;71;7;-2.4226051686462265e-17
21;71;8;-2.4226051686462265e-17
22;71;1;-4.768340147517403e-17
22;71;2;-4.768340147517403e-17
22;71;3;-2.14062598063997e-16
22;71;4;-5.3290705182007514e-14
22;71;5;-4.768340147517403e-17
22;71;6;-4.768340147517403e-17
22;71;7;-4.768340147517403e-17
22;71;8;-4.768340147517403e-17
23;71;1;0.0
23;71;2;0.0
23;71;3;0.0
23;71;4;0.0
23;71;5;0.0
23;71;6;0.0
23;71;7;0.0
23;71;8;0.0
24;71;1;0.0
24;71;2;0.0
24;71;3;0.0
24;71;4;0.0
24;71;5;0.0
24;71;6;0.0
24;71;7;0.0
24;71;8;0.0
25;71;1;0.0
25;71;2;0.0
25;71;3;0.0
25;71;4;0.0
25;71;5;0.0
25;71;6;0.0
25;71;7;0.0
25;71;8;0.0
26;71;1;0.0
26;71;2;0.0
26;71;3;0.0
26;71;4;0.0
26;71;5;0.0
26;71;6;0.0
26;71;7;0.0
26;71;8;0.0
27;71;1;0.0
27;71;2;0.0
27;71;3;0.0
27;71;4;0.0
27;71;5;0.0
27;71;6;0.0
27;71;7;0.0
27;71;8;0.0
28;71;1;0.0
28;71;2;0.0
28;71;3;0.0
28;71;4;0.0
28;71;5;0.0
28;71;6;0.0
28;71;7;0.0
28;71;8;0.0
29;71;1;0.0
29;71;2;0.0
29;71;3;0.0
29;71;4;0.0
29;71;5;0.0
29;71;6;0.0
29;71;7;0.0
29;71;8;0.0
30;71;1;0.0
30;71;2;0.0
30;71;3;0.0
30;71;4;0.0
30;71;5;0.0
30;71;6;0.0
30;71;7;0.0
30;71;8;0.0
31;71;1;0.0
31;71;2;0.0
31;71;3;0.0
31;71;4;0.0
31;71;5;0.0
31;71;6;0.0
31;71;7;0.0
31;71;8;0.0
32;71;1;0.0
32;71;2;0.0
32;71;3;0.0
32;71;4;0.0
32;71;5;0.0
32;71;6;0.0
32;71;7;0.0
32;71;8;0.0
33;71;1;0.0
33;71;2;0.0
33;71;3;0.0
33;71;4;0.0
33;71;5;0.0
33;71;6;0.0
33;71;7;0.0
33;71;8;0.0
34;71;1;0.0
34;71;2;0.0
34;71;3;0.0
34;71;4;0.0
34;71;5;0.0
34;71;6;0.0
34;71;7;0.0
34;71;8;0.0
35;71;1;0.0
35;71;2;0.0
35;71;3;0.0
35;71;4;0.0
35;71;5;0.0
35;71;6;0.0
35;71;7;0.0
35;71;8;0.0
36;71;1;0.0
36;71;2;0.0
36;71;3;0.0
36;71;4;0.0
36;71;5;0.0
36;71;6;0.0
36;71;7;0.0
36;71;8;0.0
37;71;1;0.0
37;71;2;0.0
37;71;3;0.0
37;71;4;0.0
37;71;5;0.0
37;71;6;0.0
37;71;7;0.0
37;71;8;0.0
38;71;1;0.0
38;71;2;0.0
38;71;3;0.0
38;71;4;0.0
38;71;5;0.0
38;71;6;0.0
38;71;7;0.0
38;71;8;0.0
39;71;1;0.0
39;71;2;0.0
39;71;3;0.0
39;71;4;0.0
39;71;5;0.0
39;71;6;0.0
39;71;7;0.0
39;71;8;0.0
40;71;1;0.0
40;71;2;0.0
40;71;3;0.0
40;71;4;0.0
40;71;5;0.0
40;71;6;0.0
40;71;7;0.0
40;71;8;0.0
41;71;1;0.0
41;71;2;0.0
41;71;3;0.0
41;71;4;0.0
41;71;5;0.0
41;71;6;0.0
41;71;7;0.0
41;71;8;0.0
42;71;1;0.0
42;71;2;0.0
42;71;3;0.0
42;71;4;0.0
42;71;5;0.0
42;71;6;0.0
42;71;7;0.0
42;71;8;0.0
43;71;1;0.0
43;71;2;0.0
43;71;3;0.0
43;71;4;0.0
43;71;5;0.0
43;71;6;0.0
43;71;7;0.0
43;71;8;0.0
44;71;1;0.0
44;71;2;0.0
44;71;3;0.0
44;71;4;0.0
44;71;5;0.0
44;71;6;0.0
44;71;7;0.0
44;71;8;0.0
45;71;1;0.0
45;71;2;0.0
45;71;3;0.0
45;71;4;0.0
45;71;5;0.0
45;71;6;0.0
45;71;7;0.0
45;71;8;0.0
46;71;1;0.0
46;71;2;0.0
46;71;3;0.0
46;71;4;0.0
46;71;5;0.0
46;71;6;0.0
46;71;7;0.0
46;71;8;0.0
47;71;1;-4.59761942221515e-17
47;71;2;-4.59761942221515e-17
47;71;3;-1.5602525198645624e-16
47;71;4;-1.9919953919436156e-12
47;71;5;-4.59761942221515e-17
47;71;6;-4.59761942221515e-17
47;71;7;-4.59761942221515e-17
47;71;8;-4.59761942221515e-17
48;71;1;0.0
48;71;2;0.0
48;71;3;0.0
48;71;4;0.0
48;71;5;0.0
48;71;6;0.0
48;71;7;0.0
48;71;8;0.0
49;71;1;0.0
49;71;2;0.0
49;71;3;0.0
49;71;4;0.0
49;71;5;0.0
49;71;6;0.0
49;71;7;0.0
49;71;8;0.0
50;71;1;0.0
50;71;2;0.0
50;71;3;0.0
50;71;4;0.0
50;71;5;0.0
50;71;6;0.0
50;71;7;0.0
50;71;8;0.0
51;71;1;0.0
51;71;2;0.0
51;71;3;0.0
51;71;4;0.0
51;71;5;0.0
51;71;6;0.0
51;71;7;0.0
51;71;8;0.0
52;71;1;0.0
52;71;2;0.0
52;71;3;0.0
52;71;4;-3.266831684866274e-13
52;71;5;0.0
52;71;6;0.0
52;71;7;0.0
52;71;8;0.0
53;71;1;0.0
53;71;2;0.0
53;71;3;0.0
53;71;4;0.0
53;71;5;0.0
53;71;6;0.0
53;71;7;0.0
53;71;8;0.0
54;71;1;0.0
54;71;2;0.0
54;71;3;0.0
54;71;4;-7.791713477728786e-15
54;71;5;0.0
54;71;6;0.0
54;71;7;0.0
54;71;8;0.0
55;71;1;0.0
55;71;2;0.0
55;71;3;0.0
55;71;4;0.0
55;71;5;0.0
55;71;6;0.0
55;71;7;0.0
55;71;8;0.0
56;71;1;0.0
56;71;2;0.0
56;71;3;0.0
56;71;4;0.0
56;71;5;0.0
56;71;6;0.0
56;71;7;0.0
56;71;8;0.0
57;71;1;0.0
57;71;2;0.0
57;71;3;0.0
57;71;4;0.0
57;71;5;0.0
57;71;6;0.0
57;71;7;0.0
57;71;8;0.0
58;71;1;0.0
58;71;2;0.0
58;71;3;0.0
58;71;4;0.0
58;71;5;0.0
58;71;6;0.0
58;71;7;0.0
58;71;8;0.0
59;71;1;0.0
59;71;2;0.0
59;71;3;0.0
59;71;4;0.0
59;71;5;0.0
59;71;6;0.0
59;71;7;0.0
59;71;8;0.0
1;72;1;0.0
1;72;2;0.0
1;72;3;0.0
1;72;4;0.0
1;72;5;0.0
1;72;6;0.0
1;72;7;0.0
1;72;8;0.0
2;72;1;0.0
2;72;2;0.0
2;72;3;0.0
2;72;4;0.0
2;72;5;0.0
2;72;6;0.0
2;72;7;0.0
2;72;8;0.0
3;72;1;0.0
3;72;2;0.0
3;72;3;0.0
3;72;4;0.0
3;72;5;0.0
3;72;6;0.0
3;72;7;0.0
3;72;8;0.0
4;72;1;0.0
4;72;2;0.0
4;72;3;0.0
4;72;4;0.0
4;72;5;0.0
4;72;6;0.0
4;72;7;0.0
4;72;8;0.0
5;72;1;0.0
5;72;2;0.0
5;72;3;0.0
5;72;4;0.0
5;72;5;0.0
5;72;6;0.0
5;72;7;0.0
5;72;8;0.0
6;72;1;0.0
6;72;2;0.0
6;72;3;0.0
6;72;4;0.0
6;72;5;0.0
6;72;6;0.0
6;72;7;0.0
6;72;8;0.0
7;72;1;0.0
7;72;2;0.0
7;72;3;0.0
7;72;4;0.0
7;72;5;0.0
7;72;6;0.0
7;72;7;0.0
7;72;8;0.0
8;72;1;0.0
8;72;2;0.0
8;72;3;0.0
8;72;4;0.0
8;72;5;0.0
8;72;6;0.0
8;72;7;0.0
8;72;8;0.0
9;72;1;0.0
9;72;2;0.0
9;72;3;0.0
9;72;4;0.0
9;72;5;0.0
9;72;6;0.0
9;72;7;0.0
9;72;8;0.0
10;72;1;0.0
10;72;2;0.0
10;72;3;0.0
10;72;4;0.0
10;72;5;0.0
10;72;6;0.0
10;72;7;0.0
10;72;8;0.0
11;72;1;0.0
11;72;2;0.0
11;72;3;0.0
11;72;4;0.0
11;72;5;0.0
11;72;6;0.0
11;72;7;0.0
11;72;8;0.0
12;72;1;0.0
12;72;2;0.0
12;72;3;0.0
12;72;4;0.0
12;72;5;0.0
12;72;6;0.0
12;72;7;0.0
12;72;8;0.0
13;72;1;0.0
13;72;2;0.0
13;72;3;0.0
13;72;4;0.0
13;72;5;0.0
13;72;6;0.0
13;72;7;0.0
13;72;8;0.0
14;72;1;0.0
14;72;2;0.0
14;72;3;0.0
14;72;4;0.0
14;72;5;0.0
14;72;6;0.0
14;72;7;0.0
14;72;8;0.0
15;72;1;0.0
15;72;2;0.0
15;72;3;0.0
15;72;4;0.0
15;72;5;0.0
15;72;6;0.0
15;72;7;0.0
15;72;8;0.0
16;72;1;0.0
16;72;2;0.0
16;72;3;0.0
16;72;4;0.0
16;72;5;0.0
16;72;6;0.0
16;72;7;0.0
16;72;8;0.0
17;72;1;-2.795301222952468e-17
17;72;2;-2.795301222952468e-17
17;72;3;-9.807346914952176e-17
17;72;4;-9.049217320967136e-16
17;72;5;-2.795301222952468e-17
17;72;6;-2.795301222952468e-17
17;72;7;-2.795301222952468e-17
17;72;8;-2.795301222952468e-17
18;72;1;0.0
18;72;2;0.0
18;72;3;0.0
18;72;4;0.0
18;72;5;0.0
18;72;6;0.0
18;72;7;0.0
18;72;8;0.0
19;72;1;0.0
19;72;2;0.0
19;72;3;0.0
19;72;4;0.0
19;72;5;0.0
19;72;6;0.0
19;72;7;0.0
19;72;8;0.0
20;72;1;0.0
20;72;2;0.0
20;72;3;9.160624302018992e-16
20;72;4;0.0
20;72;5;0.0
20;72;6;0.0
20;72;7;0.0
20;72;8;0.0
21;72;1;-3.967368288040356e-17
21;72;2;-3.967368288040356e-17
21;72;3;-1.2876902082997564e-16
21;72;4;-1.5526957999028669e-15
21;72;5;-3.967368288040356e-17
21;72;6;-3.967368288040356e-17
21;72;7;-3.967368288040356e-17
21;72;8;-3.967368288040356e-17
22;72;1;-7.072736224605892e-17
22;72;2;-7.072736224605892e-17
22;72;3;-3.4857680751613775e-16
22;72;4;-0.0
22;72;5;-7.072736224605892e-17
22;72;6;-7.072736224605892e-17
22;72;7;-7.072736224605892e-17
22;72;8;-7.072736224605892e-17
23;72;1;0.0
23;72;2;0.0
23;72;3;0.0
23;72;4;0.0
23;72;5;0.0
23;72;6;0.0
23;72;7;0.0
23;72;8;0.0
24;72;1;0.0
24;72;2;0.0
24;72;3;0.0
24;72;4;0.0
24;72;5;0.0
24;72;6;0.0
24;72;7;0.0
24;72;8;0.0
25;72;1;0.0
25;72;2;0.0
25;72;3;0.0
25;72;4;0.0
25;72;5;0.0
25;72;6;0.0
25;72;7;0.0
25;72;8;0.0
26;72;1;0.0
26;72;2;0.0
26;72;3;0.0
26;72;4;0.0
26;72;5;0.0
26;72;6;0.0
26;72;7;0.0
26;72;8;0.0
27;72;1;0.0
27;72;2;0.0
27;72;3;0.0
27;72;4;0.0
27;72;5;0.0
27;72;6;0.0
27;72;7;0.0
27;72;8;0.0
28;72;1;0.0
28;72;2;0.0
28;72;3;0.0
28;72;4;0.0
28;72;5;0.0
28;72;6;0.0
28;72;7;0.0
28;72;8;0.0
29;72;1;0.0
29;72;2;0.0
29;72;3;0.0
29;72;4;0.0
29;72;5;0.0
29;72;6;0.0
29;72;7;0.0
29;72;8;0.0
30;72;1;0.0
30;72;2;0.0
30;72;3;0.0
30;72;4;0.0
30;72;5;0.0
30;72;6;0.0
30;72;7;0.0
30;72;8;0.0
31;72;1;0.0
31;72;2;0.0
31;72;3;0.0
31;72;4;0.0
31;72;5;0.0
31;72;6;0.0
31;72;7;0.0
31;72;8;0.0
32;72;1;0.0
32;72;2;0.0
32;72;3;0.0
32;72;4;0.0
32;72;5;0.0
32;72;6;0.0
32;72;7;0.0
32;72;8;0.0
33;72;1;0.0
33;72;2;0.0
33;72;3;0.0
33;72;4;0.0
33;72;5;0.0
33;72;6;0.0
33;72;7;0.0
33;72;8;0.0
34;72;1;0.0
34;72;2;0.0
34;72;3;0.0
34;72;4;0.0
34;72;5;0.0
34;72;6;0.0
34;72;7;0.0
34;72;8;0.0
35;72;1;0.0
35;72;2;0.0
35;72;3;0.0
35;72;4;0.0
35;72;5;0.0
35;72;6;0.0
35;72;7;0.0
35;72;8;0.0
36;72;1;0.0
36;72;2;0.0
36;72;3;0.0
36;72;4;0.0
36;72;5;0.0
36;72;6;0.0
36;72;7;0.0
36;72;8;0.0
37;72;1;0.0
37;72;2;0.0
37;72;3;0.0
37;72;4;0.0
37;72;5;0.0
37;72;6;0.0
37;72;7;0.0
37;72;8;0.0
38;72;1;0.0
38;72;2;0.0
38;72;3;0.0
38;72;4;0.0
38;72;5;0.0
38;72;6;0.0
38;72;7;0.0
38;72;8;0.0
39;72;1;0.0
39;72;2;0.0
39;72;3;0.0
39;72;4;0.0
39;72;5;0.0
39;72;6;0.0
39;72;7;0.0
39;72;8;0.0
40;72;1;0.0
40;72;2;0.0
40;72;3;0.0
40;72;4;0.0
40;72;5;0.0
40;72;6;0.0
40;72;7;0.0
40;72;8;0.0
41;72;1;0.0
41;72;2;0.0
41;72;3;0.0
41;72;4;0.0
41;72;5;0.0
41;72;6;0.0
41;72;7;0.0
41;72;8;0.0
42;72;1;0.0
42;72;2;0.0
42;72;3;0.0
42;72;4;0.0
42;72;5;0.0
42;72;6;0.0
42;72;7;0.0
42;72;8;0.0
43;72;1;0.0
43;72;2;0.0
43;72;3;0.0
43;72;4;0.0
43;72;5;0.0
43;72;6;0.0
43;72;7;0.0
43;72;8;0.0
44;72;1;0.0
44;72;2;0.0
44;72;3;0.0
44;72;4;0.0
44;72;5;0.0
44;72;6;0.0
44;72;7;0.0
44;72;8;0.0
45;72;1;0.0
45;72;2;0.0
45;72;3;0.0
45;72;4;0.0
45;72;5;0.0
45;72;6;0.0
45;72;7;0.0
45;72;8;0.0
46;72;1;0.0
46;72;2;0.0
46;72;3;0.0
46;72;4;0.0
46;72;5;0.0
46;72;6;0.0
46;72;7;0.0
46;72;8;0.0
47;72;1;-6.96403412671678e-17
47;72;2;-6.96403412671678e-17
47;72;3;-2.2642222099610397e-16
47;72;4;-2.249092365432534e-15
47;72;5;-6.96403412671678e-17
47;72;6;-6.96403412671678e-17
47;72;7;-6.96403412671678e-17
47;72;8;-6.96403412671678e-17
48;72;1;0.0
48;72;2;0.0
48;72;3;0.0
48;72;4;0.0
48;72;5;0.0
48;72;6;0.0
48;72;7;0.0
48;72;8;0.0
49;72;1;0.0
49;72;2;0.0
49;72;3;0.0
49;72;4;0.0
49;72;5;0.0
49;72;6;0.0
49;72;7;0.0
49;72;8;0.0
50;72;1;0.0
50;72;2;0.0
50;72;3;0.0
50;72;4;0.0
50;72;5;0.0
50;72;6;0.0
50;72;7;0.0
50;72;8;0.0
51;72;1;0.0
51;72;2;0.0
51;72;3;0.0
51;72;4;0.0
51;72;5;0.0
51;72;6;0.0
51;72;7;0.0
51;72;8;0.0
52;72;1;0.0
52;72;2;0.0
52;72;3;0.0
52;72;4;-1.3240848662058117e-15
52;72;5;0.0
52;72;6;0.0
52;72;7;0.0
52;72;8;0.0
53;72;1;0.0
53;72;2;0.0
53;72;3;0.0
53;72;4;0.0
53;72;5;0.0
53;72;6;0.0
53;72;7;0.0
53;72;8;0.0
54;72;1;0.0
54;72;2;0.0
54;72;3;0.0
54;72;4;1.0151879337172431e-12
54;72;5;0.0
54;72;6;0.0
54;72;7;0.0
54;72;8;0.0
55;72;1;0.0
55;72;2;0.0
55;72;3;0.0
55;72;4;0.0
55;72;5;0.0
55;72;6;0.0
55;72;7;0.0
55;72;8;0.0
56;72;1;0.0
56;72;2;0.0
56;72;3;0.0
56;72;4;0.0
56;72;5;0.0
56;72;6;0.0
56;72;7;0.0
56;72;8;0.0
57;72;1;0.0
57;72;2;0.0
57;72;3;0.0
57;72;4;0.0
57;72;5;0.0
57;72;6;0.0
57;72;7;0.0
57;72;8;0.0
58;72;1;0.0
58;72;2;0.0
58;72;3;0.0
58;72;4;0.0
58;72;5;0.0
58;72;6;0.0
58;72;7;0.0
58;72;8;0.0
59;72;1;0.0
59;72;2;0.0
59;72;3;0.0
59;72;4;0.0
59;72;5;0.0
59;72;6;0.0
59;72;7;0.0
59;72;8;0.0
1;73;1;0.0
1;73;2;0.0
1;73;3;0.0
1;73;4;0.0
1;73;5;0.0
1;73;6;0.0
1;73;7;0.0
1;73;8;0.0
2;73;1;0.0
2;73;2;0.0
2;73;3;0.0
2;73;4;0.0
2;73;5;0.0
2;73;6;0.0
2;73;7;0.0
2;73;8;0.0
3;73;1;0.0
3;73;2;0.0
3;73;3;0.0
3;73;4;0.0
3;73;5;0.0
3;73;6;0.0
3;73;7;0.0
3;73;8;0.0
4;73;1;0.0
4;73;2;0.0
4;73;3;0.0
4;73;4;0.0
4;73;5;0.0
4;73;6;0.0
4;73;7;0.0
4;73;8;0.0
5;73;1;0.0
5;73;2;0.0
5;73;3;0.0
5;73;4;0.0
5;73;5;0.0
5;73;6;0.0
5;73;7;0.0
5;73;8;0.0
6;73;1;0.0
6;73;2;0.0
6;73;3;0.0
6;73;4;0.0
6;73;5;0.0
6;73;6;0.0
6;73;7;0.0
6;73;8;0.0
7;73;1;0.0
7;73;2;0.0
7;73;3;0.0
7;73;4;0.0
7;73;5;0.0
7;73;6;0.0
7;73;7;0.0
7;73;8;0.0
8;73;1;0.0
8;73;2;0.0
8;73;3;0.0
8;73;4;0.0
8;73;5;0.0
8;73;6;0.0
8;73;7;0.0
8;73;8;0.0
9;73;1;0.0
9;73;2;0.0
9;73;3;0.0
9;73;4;0.0
9;73;5;0.0
9;73;6;0.0
9;73;7;0.0
9;73;8;0.0
10;73;1;0.0
10;73;2;0.0
10;73;3;0.0
10;73;4;0.0
10;73;5;0.0
10;73;6;0.0
10;73;7;0.0
10;73;8;0.0
11;73;1;0.0
11;73;2;0.0
11;73;3;0.0
11;73;4;0.0
11;73;5;0.0
11;73;6;0.0
11;73;7;0.0
11;73;8;0.0
12;73;1;0.0
12;73;2;0.0
12;73;3;0.0
12;73;4;0.0
12;73;5;0.0
12;73;6;0.0
12;73;7;0.0
12;73;8;0.0
13;73;1;0.0
13;73;2;0.0
13;73;3;0.0
13;73;4;0.0
13;73;5;0.0
13;73;6;0.0
13;73;7;0.0
13;73;8;0.0
14;73;1;0.0
14;73;2;0.0
14;73;3;0.0
14;73;4;0.0
14;73;5;0.0
14;73;6;0.0
14;73;7;0.0
14;73;8;0.0
15;73;1;0.0
15;73;2;0.0
15;73;3;0.0
15;73;4;0.0
15;73;5;0.0
15;73;6;0.0
15;73;7;0.0
15;73;8;0.0
16;73;1;0.0
16;73;2;0.0
16;73;3;0.0
16;73;4;0.0
16;73;5;0.0
16;73;6;0.0
16;73;7;0.0
16;73;8;0.0
17;73;1;0.0
17;73;2;0.0
17;73;3;0.0
17;73;4;-8.218794606113453e-12
17;73;5;0.0
17;73;6;0.0
17;73;7;0.0
17;73;8;0.0
18;73;1;0.0
18;73;2;0.0
18;73;3;0.0
18;73;4;0.0
18;73;5;0.0
18;73;6;0.0
18;73;7;0.0
18;73;8;0.0
19;73;1;0.0
19;73;2;0.0
19;73;3;0.0
19;73;4;0.0
19;73;5;0.0
19;73;6;0.0
19;73;7;0.0
19;73;8;0.0
20;73;1;0.0
20;73;2;0.0
20;73;3;0.0
20;73;4;0.0
20;73;5;0.0
20;73;6;0.0
20;73;7;0.0
20;73;8;0.0
21;73;1;0.0
21;73;2;0.0
21;73;3;0.0
21;73;4;-0.9999999990059049
21;73;5;0.0
21;73;6;0.0
21;73;7;0.0
21;73;8;0.0
22;73;1;0.0
22;73;2;0.0
22;73;3;0.0
22;73;4;-9.496066155634253e-10
22;73;5;0.0
22;73;6;0.0
22;73;7;0.0
22;73;8;0.0
23;73;1;0.0
23;73;2;0.0
23;73;3;0.0
23;73;4;0.0
23;73;5;0.0
23;73;6;0.0
23;73;7;0.0
23;73;8;0.0
24;73;1;0.0
24;73;2;0.0
24;73;3;0.0
24;73;4;0.0
24;73;5;0.0
24;73;6;0.0
24;73;7;0.0
24;73;8;0.0
25;73;1;0.0
25;73;2;0.0
25;73;3;0.0
25;73;4;0.0
25;73;5;0.0
25;73;6;0.0
25;73;7;0.0
25;73;8;0.0
26;73;1;0.0
26;73;2;0.0
26;73;3;0.0
26;73;4;0.0
26;73;5;0.0
26;73;6;0.0
26;73;7;0.0
26;73;8;0.0
27;73;1;0.0
27;73;2;0.0
27;73;3;0.0
27;73;4;0.0
27;73;5;0.0
27;73;6;0.0
27;73;7;0.0
27;73;8;0.0
28;73;1;0.0
28;73;2;0.0
28;73;3;0.0
28;73;4;0.0
28;73;5;0.0
28;73;6;0.0
28;73;7;0.0
28;73;8;0.0
29;73;1;0.0
29;73;2;0.0
29;73;3;0.0
29;73;4;0.0
29;73;5;0.0
29;73;6;0.0
29;73;7;0.0
29;73;8;0.0
30;73;1;0.0
30;73;2;0.0
30;73;3;0.0
30;73;4;0.0
30;73;5;0.0
30;73;6;0.0
30;73;7;0.0
30;73;8;0.0
31;73;1;0.0
31;73;2;0.0
31;73;3;0.0
31;73;4;0.0
31;73;5;0.0
31;73;6;0.0
31;73;7;0.0
31;73;8;0.0
32;73;1;0.0
32;73;2;0.0
32;73;3;0.0
32;73;4;0.0
32;73;5;0.0
32;73;6;0.0
32;73;7;0.0
32;73;8;0.0
33;73;1;0.0
33;73;2;0.0
33;73;3;0.0
33;73;4;0.0
33;73;5;0.0
33;73;6;0.0
33;73;7;0.0
33;73;8;0.0
34;73;1;0.0
34;73;2;0.0
34;73;3;0.0
34;73;4;0.0
34;73;5;0.0
34;73;6;0.0
34;73;7;0.0
34;73;8;0.0
35;73;1;0.0
35;73;2;0.0
35;73;3;0.0
35;73;4;0.0
35;73;5;0.0
35;73;6;0.0
35;73;7;0.0
35;73;8;0.0
36;73;1;0.0
36;73;2;0.0
36;73;3;0.0
36;73;4;0.0
36;73;5;0.0
36;73;6;0.0
36;73;7;0.0
36;73;8;0.0
37;73;1;0.0
37;73;2;0.0
37;73;3;0.0
37;73;4;0.0
37;73;5;0.0
37;73;6;0.0
37;73;7;0.0
37;73;8;0.0
38;73;1;0.0
38;73;2;0.0
38;73;3;0.0
38;73;4;0.0
38;73;5;0.0
38;73;6;0.0
38;73;7;0.0
38;73;8;0.0
39;73;1;0.0
39;73;2;0.0
39;73;3;0.0
39;73;4;0.0
39;73;5;0.0
39;73;6;0.0
39;73;7;0.0
39;73;8;0.0
40;73;1;0.0
40;73;2;0.0
40;73;3;0.0
40;73;4;0.0
40;73;5;0.0
40;73;6;0.0
40;73;7;0.0
40;73;8;0.0
41;73;1;0.0
41;73;2;0.0
41;73;3;0.0
41;73;4;0.0
41;73;5;0.0
41;73;6;0.0
41;73;7;0.0
41;73;8;0.0
42;73;1;0.0
42;73;2;0.0
42;73;3;0.0
42;73;4;0.0
42;73;5;0.0
42;73;6;0.0
42;73;7;0.0
42;73;8;0.0
43;73;1;0.0
43;73;2;0.0
43;73;3;0.0
43;73;4;0.0
43;73;5;0.0
43;73;6;0.0
43;73;7;0.0
43;73;8;0.0
44;73;1;0.0
44;73;2;0.0
44;73;3;0.0
44;73;4;0.0
44;73;5;0.0
44;73;6;0.0
44;73;7;0.0
44;73;8;0.0
45;73;1;0.0
45;73;2;0.0
45;73;3;0.0
45;73;4;0.0
45;73;5;0.0
45;73;6;0.0
45;73;7;0.0
45;73;8;0.0
46;73;1;0.0
46;73;2;0.0
46;73;3;0.0
46;73;4;0.0
46;73;5;0.0
46;73;6;0.0
46;73;7;0.0
46;73;8;0.0
47;73;1;0.0
47;73;2;0.0
47;73;3;0.0
47;73;4;-3.614696055737314e-11
47;73;5;0.0
47;73;6;0.0
47;73;7;0.0
47;73;8;0.0
48;73;1;0.0
48;73;2;0.0
48;73;3;0.0
48;73;4;0.0
48;73;5;0.0
48;73;6;0.0
48;73;7;0.0
48;73;8;0.0
49;73;1;0.0
49;73;2;0.0
49;73;3;0.0
49;73;4;0.0
49;73;5;0.0
49;73;6;0.0
49;73;7;0.0
49;73;8;0.0
50;73;1;0.0
50;73;2;0.0
50;73;3;0.0
50;73;4;0.0
50;73;5;0.0
50;73;6;0.0
50;73;7;0.0
50;73;8;0.0
51;73;1;0.0
51;73;2;0.0
51;73;3;0.0
51;73;4;0.0
51;73;5;0.0
51;73;6;0.0
51;73;7;0.0
51;73;8;0.0
52;73;1;0.0
52;73;2;0.0
52;73;3;0.0
52;73;4;-1.2117517870477973e-13
52;73;5;0.0
52;73;6;0.0
52;73;7;0.0
52;73;8;0.0
53;73;1;0.0
53;73;2;0.0
53;73;3;0.0
53;73;4;0.0
53;73;5;0.0
53;73;6;0.0
53;73;7;0.0
53;73;8;0.0
54;73;1;0.0
54;73;2;0.0
54;73;3;0.0
54;73;4;-9.006925361183508e-15
54;73;5;0.0
54;73;6;0.0
54;73;7;0.0
54;73;8;0.0
55;73;1;0.0
55;73;2;0.0
55;73;3;0.0
55;73;4;0.0
55;73;5;0.0
55;73;6;0.0
55;73;7;0.0
55;73;8;0.0
56;73;1;0.0
56;73;2;0.0
56;73;3;0.0
56;73;4;0.0
56;73;5;0.0
56;73;6;0.0
56;73;7;0.0
56;73;8;0.0
57;73;1;0.0
57;73;2;0.0
57;73;3;0.0
57;73;4;0.0
57;73;5;0.0
57;73;6;0.0
57;73;7;0.0
57;73;8;0.0
58;73;1;0.0
58;73;2;0.0
58;73;3;0.0
58;73;4;0.0
58;73;5;0.0
58;73;6;0.0
58;73;7;0.0
58;73;8;0.0
59;73;1;0.0
59;73;2;0.0
59;73;3;0.0
59;73;4;0.0
59;73;5;0.0
59;73;6;0.0
59;73;7;0.0
59;73;8;0.0
1;74;1;0.0
1;74;2;0.0
1;74;3;0.0
1;74;4;0.0
1;74;5;0.0
1;74;6;0.0
1;74;7;0.0
1;74;8;0.0
2;74;1;0.0
2;74;2;0.0
2;74;3;0.0
2;74;4;0.0
2;74;5;0.0
2;74;6;0.0
2;74;7;0.0
2;74;8;0.0
3;74;1;0.0
3;74;2;0.0
3;74;3;0.0
3;74;4;0.0
3;74;5;0.0
3;74;6;0.0
3;74;7;0.0
3;74;8;0.0
4;74;1;0.0
4;74;2;0.0
4;74;3;0.0
4;74;4;0.0
4;74;5;0.0
4;74;6;0.0
4;74;7;0.0
4;74;8;0.0
5;74;1;0.0
5;74;2;0.0
5;74;3;0.0
5;74;4;0.0
5;74;5;0.0
5;74;6;0.0
5;74;7;0.0
5;74;8;0.0
6;74;1;0.0
6;74;2;0.0
6;74;3;0.0
6;74;4;0.0
6;74;5;0.0
6;74;6;0.0
6;74;7;0.0
6;74;8;0.0
7;74;1;0.0
7;74;2;0.0
7;74;3;0.0
7;74;4;0.0
7;74;5;0.0
7;74;6;0.0
7;74;7;0.0
7;74;8;0.0
8;74;1;0.0
8;74;2;0.0
8;74;3;0.0
8;74;4;0.0
8;74;5;0.0
8;74;6;0.0
8;74;7;0.0
8;74;8;0.0
9;74;1;0.0
9;74;2;0.0
9;74;3;0.0
9;74;4;0.0
9;74;5;0.0
9;74;6;0.0
9;74;7;0.0
9;74;8;0.0
10;74;1;0.0
10;74;2;0.0
10;74;3;0.0
10;74;4;0.0
10;74;5;0.0
10;74;6;0.0
10;74;7;0.0
10;74;8;0.0
11;74;1;0.0
11;74;2;0.0
11;74;3;0.0
11;74;4;0.0
11;74;5;0.0
11;74;6;0.0
11;74;7;0.0
11;74;8;0.0
12;74;1;0.0
12;74;2;0.0
12;74;3;0.0
12;74;4;0.0
12;74;5;0.0
12;74;6;0.0
12;74;7;0.0
12;74;8;0.0
13;74;1;0.0
13;74;2;0.0
13;74;3;0.0
13;74;4;0.0
13;74;5;0.0
13;74;6;0.0
13;74;7;0.0
13;74;8;0.0
14;74;1;0.0
14;74;2;0.0
14;74;3;0.0
14;74;4;0.0
14;74;5;0.0
14;74;6;0.0
14;74;7;0.0
14;74;8;0.0
15;74;1;0.0
15;74;2;0.0
15;74;3;0.0
15;74;4;0.0
15;74;5;0.0
15;74;6;0.0
15;74;7;0.0
15;74;8;0.0
16;74;1;0.0
16;74;2;0.0
16;74;3;0.0
16;74;4;0.0
16;74;5;0.0
16;74;6;0.0
16;74;7;0.0
16;74;8;0.0
17;74;1;0.0
17;74;2;0.0
17;74;3;0.0
17;74;4;-8.960484974726662e-12
17;74;5;0.0
17;74;6;0.0
17;74;7;0.0
17;74;8;0.0
18;74;1;0.0
18;74;2;0.0
18;74;3;0.0
18;74;4;0.0
18;74;5;0.0
18;74;6;0.0
18;74;7;0.0
18;74;8;0.0
19;74;1;0.0
19;74;2;0.0
19;74;3;0.0
19;74;4;0.0
19;74;5;0.0
19;74;6;0.0
19;74;7;0.0
19;74;8;0.0
20;74;1;0.0
20;74;2;0.0
20;74;3;0.0
20;74;4;0.0
20;74;5;0.0
20;74;6;0.0
20;74;7;0.0
20;74;8;0.0
21;74;1;0.0
21;74;2;0.0
21;74;3;0.0
21;74;4;-0.9999999991616619
21;74;5;0.0
21;74;6;0.0
21;74;7;0.0
21;74;8;0.0
22;74;1;-1.932753448420952e-17
22;74;2;-1.932753448420952e-17
22;74;3;0.0
22;74;4;-8.067875256756452e-10
22;74;5;-1.932753448420952e-17
22;74;6;-1.932753448420952e-17
22;74;7;-1.932753448420952e-17
22;74;8;-1.932753448420952e-17
23;74;1;0.0
23;74;2;0.0
23;74;3;0.0
23;74;4;0.0
23;74;5;0.0
23;74;6;0.0
23;74;7;0.0
23;74;8;0.0
24;74;1;0.0
24;74;2;0.0
24;74;3;0.0
24;74;4;0.0
24;74;5;0.0
24;74;6;0.0
24;74;7;0.0
24;74;8;0.0
25;74;1;0.0
25;74;2;0.0
25;74;3;0.0
25;74;4;0.0
25;74;5;0.0
25;74;6;0.0
25;74;7;0.0
25;74;8;0.0
26;74;1;0.0
26;74;2;0.0
26;74;3;0.0
26;74;4;0.0
26;74;5;0.0
26;74;6;0.0
26;74;7;0.0
26;74;8;0.0
27;74;1;0.0
27;74;2;0.0
27;74;3;0.0
27;74;4;0.0
27;74;5;0.0
27;74;6;0.0
27;74;7;0.0
27;74;8;0.0
28;74;1;0.0
28;74;2;0.0
28;74;3;0.0
28;74;4;0.0
28;74;5;0.0
28;74;6;0.0
28;74;7;0.0
28;74;8;0.0
29;74;1;0.0
29;74;2;0.0
29;74;3;0.0
29;74;4;0.0
29;74;5;0.0
29;74;6;0.0
29;74;7;0.0
29;74;8;0.0
30;74;1;0.0
30;74;2;0.0
30;74;3;0.0
30;74;4;0.0
30;74;5;0.0
30;74;6;0.0
30;74;7;0.0
30;74;8;0.0
31;74;1;0.0
31;74;2;0.0
31;74;3;0.0
31;74;4;0.0
31;74;5;0.0
31;74;6;0.0
31;74;7;0.0
31;74;8;0.0
32;74;1;0.0
32;74;2;0.0
32;74;3;0.0
32;74;4;0.0
32;74;5;0.0
32;74;6;0.0
32;74;7;0.0
32;74;8;0.0
33;74;1;0.0
33;74;2;0.0
33;74;3;0.0
33;74;4;0.0
33;74;5;0.0
33;74;6;0.0
33;74;7;0.0
33;74;8;0.0
34;74;1;0.0
34;74;2;0.0
34;74;3;0.0
34;74;4;0.0
34;74;5;0.0
34;74;6;0.0
34;74;7;0.0
34;74;8;0.0
35;74;1;0.0
35;74;2;0.0
35;74;3;0.0
35;74;4;0.0
35;74;5;0.0
35;74;6;0.0
35;74;7;0.0
35;74;8;0.0
36;74;1;0.0
36;74;2;0.0
36;74;3;0.0
36;74;4;0.0
36;74;5;0.0
36;74;6;0.0
36;74;7;0.0
36;74;8;0.0
37;74;1;0.0
37;74;2;0.0
37;74;3;0.0
37;74;4;0.0
37;74;5;0.0
37;74;6;0.0
37;74;7;0.0
37;74;8;0.0
38;74;1;0.0
38;74;2;0.0
38;74;3;0.0
38;74;4;0.0
38;74;5;0.0
38;74;6;0.0
38;74;7;0.0
38;74;8;0.0
39;74;1;0.0
39;74;2;0.0
39;74;3;0.0
39;74;4;0.0
39;74;5;0.0
39;74;6;0.0
39;74;7;0.0
39;74;8;0.0
40;74;1;0.0
40;74;2;0.0
40;74;3;0.0
40;74;4;0.0
40;74;5;0.0
40;74;6;0.0
40;74;7;0.0
40;74;8;0.0
41;74;1;0.0
41;74;2;0.0
41;74;3;0.0
41;74;4;0.0
41;74;5;0.0
41;74;6;0.0
41;74;7;0.0
41;74;8;0.0
42;74;1;0.0
42;74;2;0.0
42;74;3;0.0
42;74;4;0.0
42;74;5;0.0
42;74;6;0.0
42;74;7;0.0
42;74;8;0.0
43;74;1;0.0
43;74;2;0.0
43;74;3;0.0
43;74;4;0.0
43;74;5;0.0
43;74;6;0.0
43;74;7;0.0
43;74;8;0.0
44;74;1;0.0
44;74;2;0.0
44;74;3;0.0
44;74;4;0.0
44;74;5;0.0
44;74;6;0.0
44;74;7;0.0
44;74;8;0.0
45;74;1;0.0
45;74;2;0.0
45;74;3;0.0
45;74;4;0.0
45;74;5;0.0
45;74;6;0.0
45;74;7;0.0
45;74;8;0.0
46;74;1;0.0
46;74;2;0.0
46;74;3;0.0
46;74;4;0.0
46;74;5;0.0
46;74;6;0.0
46;74;7;0.0
46;74;8;0.0
47;74;1;0.0
47;74;2;0.0
47;74;3;0.0
47;74;4;-2.4803256179783182e-11
47;74;5;0.0
47;74;6;0.0
47;74;7;0.0
47;74;8;0.0
48;74;1;0.0
48;74;2;0.0
48;74;3;0.0
48;74;4;0.0
48;74;5;0.0
48;74;6;0.0
48;74;7;0.0
48;74;8;0.0
49;74;1;0.0
49;74;2;0.0
49;74;3;0.0
49;74;4;0.0
49;74;5;0.0
49;74;6;0.0
49;74;7;0.0
49;74;8;0.0
50;74;1;0.0
50;74;2;0.0
50;74;3;0.0
50;74;4;0.0
50;74;5;0.0
50;74;6;0.0
50;74;7;0.0
50;74;8;0.0
51;74;1;0.0
51;74;2;0.0
51;74;3;0.0
51;74;4;0.0
51;74;5;0.0
51;74;6;0.0
51;74;7;0.0
51;74;8;0.0
52;74;1;0.0
52;74;2;0.0
52;74;3;0.0
52;74;4;-2.589780024044838e-13
52;74;5;0.0
52;74;6;0.0
52;74;7;0.0
52;74;8;0.0
53;74;1;0.0
53;74;2;0.0
53;74;3;0.0
53;74;4;0.0
53;74;5;0.0
53;74;6;0.0
53;74;7;0.0
53;74;8;0.0
54;74;1;0.0
54;74;2;0.0
54;74;3;0.0
54;74;4;-8.421399358671764e-15
54;74;5;0.0
54;74;6;0.0
54;74;7;0.0
54;74;8;0.0
55;74;1;0.0
55;74;2;0.0
55;74;3;0.0
55;74;4;0.0
55;74;5;0.0
55;74;6;0.0
55;74;7;0.0
55;74;8;0.0
56;74;1;0.0
56;74;2;0.0
56;74;3;0.0
56;74;4;0.0
56;74;5;0.0
56;74;6;0.0
56;74;7;0.0
56;74;8;0.0
57;74;1;0.0
57;74;2;0.0
57;74;3;0.0
57;74;4;0.0
57;74;5;0.0
57;74;6;0.0
57;74;7;0.0
57;74;8;0.0
58;74;1;0.0
58;74;2;0.0
58;74;3;0.0
58;74;4;0.0
58;74;5;0.0
58;74;6;0.0
58;74;7;0.0
58;74;8;0.0
59;74;1;0.0
59;74;2;0.0
59;74;3;0.0
59;74;4;0.0
59;74;5;0.0
59;74;6;0.0
59;74;7;0.0
59;74;8;0.0
1;75;1;0.0
1;75;2;0.0
1;75;3;0.0
1;75;4;0.0
1;75;5;0.0
1;75;6;0.0
1;75;7;0.0
1;75;8;0.0
2;75;1;0.0
2;75;2;0.0
2;75;3;0.0
2;75;4;0.0
2;75;5;0.0
2;75;6;0.0
2;75;7;0.0
2;75;8;0.0
3;75;1;0.0
3;75;2;0.0
3;75;3;0.0
3;75;4;0.0
3;75;5;0.0
3;75;6;0.0
3;75;7;0.0
3;75;8;0.0
4;75;1;0.0
4;75;2;0.0
4;75;3;0.0
4;75;4;0.0
4;75;5;0.0
4;75;6;0.0
4;75;7;0.0
4;75;8;0.0
5;75;1;0.0
5;75;2;0.0
5;75;3;0.0
5;75;4;0.0
5;75;5;0.0
5;75;6;0.0
5;75;7;0.0
5;75;8;0.0
6;75;1;0.0
6;75;2;0.0
6;75;3;0.0
6;75;4;0.0
6;75;5;0.0
6;75;6;0.0
6;75;7;0.0
6;75;8;0.0
7;75;1;0.0
7;75;2;0.0
7;75;3;0.0
7;75;4;0.0
7;75;5;0.0
7;75;6;0.0
7;75;7;0.0
7;75;8;0.0
8;75;1;0.0
8;75;2;0.0
8;75;3;0.0
8;75;4;0.0
8;75;5;0.0
8;75;6;0.0
8;75;7;0.0
8;75;8;0.0
9;75;1;0.0
9;75;2;0.0
9;75;3;0.0
9;75;4;0.0
9;75;5;0.0
9;75;6;0.0
9;75;7;0.0
9;75;8;0.0
10;75;1;0.0
10;75;2;0.0
10;75;3;0.0
10;75;4;0.0
10;75;5;0.0
10;75;6;0.0
10;75;7;0.0
10;75;8;0.0
11;75;1;0.0
11;75;2;0.0
11;75;3;0.0
11;75;4;0.0
11;75;5;0.0
11;75;6;0.0
11;75;7;0.0
11;75;8;0.0
12;75;1;0.0
12;75;2;0.0
12;75;3;0.0
12;75;4;0.0
12;75;5;0.0
12;75;6;0.0
12;75;7;0.0
12;75;8;0.0
13;75;1;0.0
13;75;2;0.0
13;75;3;0.0
13;75;4;0.0
13;75;5;0.0
13;75;6;0.0
13;75;7;0.0
13;75;8;0.0
14;75;1;0.0
14;75;2;0.0
14;75;3;0.0
14;75;4;0.0
14;75;5;0.0
14;75;6;0.0
14;75;7;0.0
14;75;8;0.0
15;75;1;0.0
15;75;2;0.0
15;75;3;0.0
15;75;4;0.0
15;75;5;0.0
15;75;6;0.0
15;75;7;0.0
15;75;8;0.0
16;75;1;0.0
16;75;2;0.0
16;75;3;0.0
16;75;4;0.0
16;75;5;0.0
16;75;6;0.0
16;75;7;0.0
16;75;8;0.0
17;75;1;-9.980672987324833e-18
17;75;2;-9.980672987324833e-18
17;75;3;-3.7551037247296494e-17
17;75;4;-8.055689677032812e-12
17;75;5;-9.980672987324833e-18
17;75;6;-9.980672987324833e-18
17;75;7;-9.980672987324833e-18
17;75;8;-9.980672987324833e-18
18;75;1;0.0
18;75;2;0.0
18;75;3;0.0
18;75;4;0.0
18;75;5;0.0
18;75;6;0.0
18;75;7;0.0
18;75;8;0.0
19;75;1;0.0
19;75;2;0.0
19;75;3;0.0
19;75;4;0.0
19;75;5;0.0
19;75;6;0.0
19;75;7;0.0
19;75;8;0.0
20;75;1;0.0
20;75;2;0.0
20;75;3;-3.077737596929603e-17
20;75;4;0.0
20;75;5;0.0
20;75;6;0.0
20;75;7;0.0
20;75;8;0.0
21;75;1;-1.1804234551610615e-17
21;75;2;-1.1804234551610615e-17
21;75;3;-3.654833171185388e-17
21;75;4;-0.9999999989990449
21;75;5;-1.1804234551610615e-17
21;75;6;-1.1804234551610615e-17
21;75;7;-1.1804234551610615e-17
21;75;8;-1.1804234551610615e-17
22;75;1;-2.5233626876365573e-17
22;75;2;-2.5233626876365573e-17
22;75;3;-1.0473747967038853e-16
22;75;4;-9.785141585894053e-10
22;75;5;-2.5233626876365573e-17
22;75;6;-2.5233626876365573e-17
22;75;7;-2.5233626876365573e-17
22;75;8;-2.5233626876365573e-17
23;75;1;0.0
23;75;2;0.0
23;75;3;0.0
23;75;4;0.0
23;75;5;0.0
23;75;6;0.0
23;75;7;0.0
23;75;8;0.0
24;75;1;0.0
24;75;2;0.0
24;75;3;0.0
24;75;4;0.0
24;75;5;0.0
24;75;6;0.0
24;75;7;0.0
24;75;8;0.0
25;75;1;0.0
25;75;2;0.0
25;75;3;0.0
25;75;4;0.0
25;75;5;0.0
25;75;6;0.0
25;75;7;0.0
25;75;8;0.0
26;75;1;0.0
26;75;2;0.0
26;75;3;0.0
26;75;4;0.0
26;75;5;0.0
26;75;6;0.0
26;75;7;0.0
26;75;8;0.0
27;75;1;0.0
27;75;2;0.0
27;75;3;0.0
27;75;4;0.0
27;75;5;0.0
27;75;6;0.0
27;75;7;0.0
27;75;8;0.0
28;75;1;0.0
28;75;2;0.0
28;75;3;0.0
28;75;4;0.0
28;75;5;0.0
28;75;6;0.0
28;75;7;0.0
28;75;8;0.0
29;75;1;0.0
29;75;2;0.0
29;75;3;0.0
29;75;4;0.0
29;75;5;0.0
29;75;6;0.0
29;75;7;0.0
29;75;8;0.0
30;75;1;0.0
30;75;2;0.0
30;75;3;0.0
30;75;4;0.0
30;75;5;0.0
30;75;6;0.0
30;75;7;0.0
30;75;8;0.0
31;75;1;0.0
31;75;2;0.0
31;75;3;0.0
31;75;4;0.0
31;75;5;0.0
31;75;6;0.0
31;75;7;0.0
31;75;8;0.0
32;75;1;0.0
32;75;2;0.0
32;75;3;0.0
32;75;4;0.0
32;75;5;0.0
32;75;6;0.0
32;75;7;0.0
32;75;8;0.0
33;75;1;0.0
33;75;2;0.0
33;75;3;0.0
33;75;4;0.0
33;75;5;0.0
33;75;6;0.0
33;75;7;0.0
33;75;8;0.0
34;75;1;0.0
34;75;2;0.0
34;75;3;0.0
34;75;4;0.0
34;75;5;0.0
34;75;6;0.0
34;75;7;0.0
34;75;8;0.0
35;75;1;0.0
35;75;2;0.0
35;75;3;0.0
35;75;4;0.0
35;75;5;0.0
35;75;6;0.0
35;75;7;0.0
35;75;8;0.0
36;75;1;0.0
36;75;2;0.0
36;75;3;0.0
36;75;4;0.0
36;75;5;0.0
36;75;6;0.0
36;75;7;0.0
36;75;8;0.0
37;75;1;0.0
37;75;2;0.0
37;75;3;0.0
37;75;4;0.0
37;75;5;0.0
37;75;6;0.0
37;75;7;0.0
37;75;8;0.0
38;75;1;0.0
38;75;2;0.0
38;75;3;0.0
38;75;4;0.0
38;75;5;0.0
38;75;6;0.0
38;75;7;0.0
38;75;8;0.0
39;75;1;0.0
39;75;2;0.0
39;75;3;0.0
39;75;4;0.0
39;75;5;0.0
39;75;6;0.0
39;75;7;0.0
39;75;8;0.0
40;75;1;0.0
40;75;2;0.0
40;75;3;0.0
40;75;4;0.0
40;75;5;0.0
40;75;6;0.0
40;75;7;0.0
40;75;8;0.0
41;75;1;0.0
41;75;2;0.0
41;75;3;0.0
41;75;4;0.0
41;75;5;0.0
41;75;6;0.0
41;75;7;0.0
41;75;8;0.0
42;75;1;0.0
42;75;2;0.0
42;75;3;0.0
42;75;4;0.0
42;75;5;0.0
42;75;6;0.0
42;75;7;0.0
42;75;8;0.0
43;75;1;0.0
43;75;2;0.0
43;75;3;0.0
43;75;4;0.0
43;75;5;0.0
43;75;6;0.0
43;75;7;0.0
43;75;8;0.0
44;75;1;0.0
44;75;2;0.0
44;75;3;0.0
44;75;4;0.0
44;75;5;0.0
44;75;6;0.0
44;75;7;0.0
44;75;8;0.0
45;75;1;0.0
45;75;2;0.0
45;75;3;0.0
45;75;4;0.0
45;75;5;0.0
45;75;6;0.0
45;75;7;0.0
45;75;8;0.0
46;75;1;0.0
46;75;2;0.0
46;75;3;0.0
46;75;4;0.0
46;75;5;0.0
46;75;6;0.0
46;75;7;0.0
46;75;8;0.0
47;75;1;-1.8450174649132125e-17
47;75;2;-1.8450174649132125e-17
47;75;3;-8.628067815604411e-17
47;75;4;-1.4544732366024836e-11
47;75;5;-1.8450174649132125e-17
47;75;6;-1.8450174649132125e-17
47;75;7;-1.8450174649132125e-17
47;75;8;-1.8450174649132125e-17
48;75;1;0.0
48;75;2;0.0
48;75;3;0.0
48;75;4;0.0
48;75;5;0.0
48;75;6;0.0
48;75;7;0.0
48;75;8;0.0
49;75;1;0.0
49;75;2;0.0
49;75;3;0.0
49;75;4;0.0
49;75;5;0.0
49;75;6;0.0
49;75;7;0.0
49;75;8;0.0
50;75;1;0.0
50;75;2;0.0
50;75;3;0.0
50;75;4;0.0
50;75;5;0.0
50;75;6;0.0
50;75;7;0.0
50;75;8;0.0
51;75;1;0.0
51;75;2;0.0
51;75;3;0.0
51;75;4;0.0
51;75;5;0.0
51;75;6;0.0
51;75;7;0.0
51;75;8;0.0
52;75;1;0.0
52;75;2;0.0
52;75;3;0.0
52;75;4;-2.613799658884184e-13
52;75;5;0.0
52;75;6;0.0
52;75;7;0.0
52;75;8;0.0
53;75;1;0.0
53;75;2;0.0
53;75;3;0.0
53;75;4;0.0
53;75;5;0.0
53;75;6;0.0
53;75;7;0.0
53;75;8;0.0
54;75;1;0.0
54;75;2;0.0
54;75;3;0.0
54;75;4;-7.957453231236105e-15
54;75;5;0.0
54;75;6;0.0
54;75;7;0.0
54;75;8;0.0
55;75;1;0.0
55;75;2;0.0
55;75;3;0.0
55;75;4;0.0
55;75;5;0.0
55;75;6;0.0
55;75;7;0.0
55;75;8;0.0
56;75;1;0.0
56;75;2;0.0
56;75;3;0.0
56;75;4;0.0
56;75;5;0.0
56;75;6;0.0
56;75;7;0.0
56;75;8;0.0
57;75;1;0.0
57;75;2;0.0
57;75;3;0.0
57;75;4;0.0
57;75;5;0.0
57;75;6;0.0
57;75;7;0.0
57;75;8;0.0
58;75;1;0.0
58;75;2;0.0
58;75;3;0.0
58;75;4;0.0
58;75;5;0.0
58;75;6;0.0
58;75;7;0.0
58;75;8;0.0
59;75;1;0.0
59;75;2;0.0
59;75;3;0.0
59;75;4;0.0
59;75;5;0.0
59;75;6;0.0
59;75;7;0.0
59;75;8;0.0
1;76;1;0.0
1;76;2;0.0
1;76;3;0.0
1;76;4;0.0
1;76;5;0.0
1;76;6;0.0
1;76;7;0.0
1;76;8;0.0
2;76;1;0.0
2;76;2;0.0
2;76;3;0.0
2;76;4;0.0
2;76;5;0.0
2;76;6;0.0
2;76;7;0.0
2;76;8;0.0
3;76;1;0.0
3;76;2;0.0
3;76;3;0.0
3;76;4;0.0
3;76;5;0.0
3;76;6;0.0
3;76;7;0.0
3;76;8;0.0
4;76;1;0.0
4;76;2;0.0
4;76;3;0.0
4;76;4;0.0
4;76;5;0.0
4;76;6;0.0
4;76;7;0.0
4;76;8;0.0
5;76;1;0.0
5;76;2;0.0
5;76;3;0.0
5;76;4;0.0
5;76;5;0.0
5;76;6;0.0
5;76;7;0.0
5;76;8;0.0
6;76;1;0.0
6;76;2;0.0
6;76;3;0.0
6;76;4;0.0
6;76;5;0.0
6;76;6;0.0
6;76;7;0.0
6;76;8;0.0
7;76;1;0.0
7;76;2;0.0
7;76;3;0.0
7;76;4;0.0
7;76;5;0.0
7;76;6;0.0
7;76;7;0.0
7;76;8;0.0
8;76;1;0.0
8;76;2;0.0
8;76;3;0.0
8;76;4;0.0
8;76;5;0.0
8;76;6;0.0
8;76;7;0.0
8;76;8;0.0
9;76;1;0.0
9;76;2;0.0
9;76;3;0.0
9;76;4;0.0
9;76;5;0.0
9;76;6;0.0
9;76;7;0.0
9;76;8;0.0
10;76;1;0.0
10;76;2;0.0
10;76;3;0.0
10;76;4;0.0
10;76;5;0.0
10;76;6;0.0
10;76;7;0.0
10;76;8;0.0
11;76;1;0.0
11;76;2;0.0
11;76;3;0.0
11;76;4;0.0
11;76;5;0.0
11;76;6;0.0
11;76;7;0.0
11;76;8;0.0
12;76;1;0.0
12;76;2;0.0
12;76;3;0.0
12;76;4;0.0
12;76;5;0.0
12;76;6;0.0
12;76;7;0.0
12;76;8;0.0
13;76;1;0.0
13;76;2;0.0
13;76;3;0.0
13;76;4;0.0
13;76;5;0.0
13;76;6;0.0
13;76;7;0.0
13;76;8;0.0
14;76;1;0.0
14;76;2;0.0
14;76;3;0.0
14;76;4;0.0
14;76;5;0.0
14;76;6;0.0
14;76;7;0.0
14;76;8;0.0
15;76;1;0.0
15;76;2;0.0
15;76;3;0.0
15;76;4;0.0
15;76;5;0.0
15;76;6;0.0
15;76;7;0.0
15;76;8;0.0
16;76;1;0.0
16;76;2;0.0
16;76;3;0.0
16;76;4;0.0
16;76;5;0.0
16;76;6;0.0
16;76;7;0.0
16;76;8;0.0
17;76;1;-1.1983785452755631e-17
17;76;2;-1.1983785452755631e-17
17;76;3;-4.7637484116818724e-17
17;76;4;-8.057967364867189e-12
17;76;5;-1.1983785452755631e-17
17;76;6;-1.1983785452755631e-17
17;76;7;-1.1983785452755631e-17
17;76;8;-1.1983785452755631e-17
18;76;1;0.0
18;76;2;0.0
18;76;3;0.0
18;76;4;0.0
18;76;5;0.0
18;76;6;0.0
18;76;7;0.0
18;76;8;0.0
19;76;1;0.0
19;76;2;0.0
19;76;3;0.0
19;76;4;0.0
19;76;5;0.0
19;76;6;0.0
19;76;7;0.0
19;76;8;0.0
20;76;1;0.0
20;76;2;0.0
20;76;3;-3.570530610322671e-17
20;76;4;0.0
20;76;5;0.0
20;76;6;0.0
20;76;7;0.0
20;76;8;0.0
21;76;1;-1.3292946106649702e-17
21;76;2;-1.3292946106649702e-17
21;76;3;-4.8324813094468505e-17
21;76;4;-0.9999999988249817
21;76;5;-1.3292946106649702e-17
21;76;6;-1.3292946106649702e-17
21;76;7;-1.3292946106649702e-17
21;76;8;-1.3292946106649702e-17
22;76;1;-3.028610830501072e-17
22;76;2;-3.028610830501072e-17
22;76;3;-1.3805506155363298e-16
22;76;4;-1.1599858851241152e-09
22;76;5;-3.028610830501072e-17
22;76;6;-3.028610830501072e-17
22;76;7;-3.028610830501072e-17
22;76;8;-3.028610830501072e-17
23;76;1;0.0
23;76;2;0.0
23;76;3;0.0
23;76;4;0.0
23;76;5;0.0
23;76;6;0.0
23;76;7;0.0
23;76;8;0.0
24;76;1;0.0
24;76;2;0.0
24;76;3;0.0
24;76;4;0.0
24;76;5;0.0
24;76;6;0.0
24;76;7;0.0
24;76;8;0.0
25;76;1;0.0
25;76;2;0.0
25;76;3;0.0
25;76;4;0.0
25;76;5;0.0
25;76;6;0.0
25;76;7;0.0
25;76;8;0.0
26;76;1;0.0
26;76;2;0.0
26;76;3;0.0
26;76;4;0.0
26;76;5;0.0
26;76;6;0.0
26;76;7;0.0
26;76;8;0.0
27;76;1;0.0
27;76;2;0.0
27;76;3;0.0
27;76;4;0.0
27;76;5;0.0
27;76;6;0.0
27;76;7;0.0
27;76;8;0.0
28;76;1;0.0
28;76;2;0.0
28;76;3;0.0
28;76;4;0.0
28;76;5;0.0
28;76;6;0.0
28;76;7;0.0
28;76;8;0.0
29;76;1;0.0
29;76;2;0.0
29;76;3;0.0
29;76;4;0.0
29;76;5;0.0
29;76;6;0.0
29;76;7;0.0
29;76;8;0.0
30;76;1;0.0
30;76;2;0.0
30;76;3;0.0
30;76;4;0.0
30;76;5;0.0
30;76;6;0.0
30;76;7;0.0
30;76;8;0.0
31;76;1;0.0
31;76;2;0.0
31;76;3;0.0
31;76;4;0.0
31;76;5;0.0
31;76;6;0.0
31;76;7;0.0
31;76;8;0.0
32;76;1;0.0
32;76;2;0.0
32;76;3;0.0
32;76;4;0.0
32;76;5;0.0
32;76;6;0.0
32;76;7;0.0
32;76;8;0.0
33;76;1;0.0
33;76;2;0.0
33;76;3;0.0
33;76;4;0.0
33;76;5;0.0
33;76;6;0.0
33;76;7;0.0
33;76;8;0.0
34;76;1;0.0
34;76;2;0.0
34;76;3;0.0
34;76;4;0.0
34;76;5;0.0
34;76;6;0.0
34;76;7;0.0
34;76;8;0.0
35;76;1;0.0
35;76;2;0.0
35;76;3;0.0
35;76;4;0.0
35;76;5;0.0
35;76;6;0.0
35;76;7;0.0
35;76;8;0.0
36;76;1;0.0
36;76;2;0.0
36;76;3;0.0
36;76;4;0.0
36;76;5;0.0
36;76;6;0.0
36;76;7;0.0
36;76;8;0.0
37;76;1;0.0
37;76;2;0.0
37;76;3;0.0
37;76;4;0.0
37;76;5;0.0
37;76;6;0.0
37;76;7;0.0
37;76;8;0.0
38;76;1;0.0
38;76;2;0.0
38;76;3;0.0
38;76;4;0.0
38;76;5;0.0
38;76;6;0.0
38;76;7;0.0
38;76;8;0.0
39;76;1;0.0
39;76;2;0.0
39;76;3;0.0
39;76;4;0.0
39;76;5;0.0
39;76;6;0.0
39;76;7;0.0
39;76;8;0.0
40;76;1;0.0
40;76;2;0.0
40;76;3;0.0
40;76;4;0.0
40;76;5;0.0
40;76;6;0.0
40;76;7;0.0
40;76;8;0.0
41;76;1;0.0
41;76;2;0.0
41;76;3;0.0
41;76;4;0.0
41;76;5;0.0
41;76;6;0.0
41;76;7;0.0
41;76;8;0.0
42;76;1;0.0
42;76;2;0.0
42;76;3;0.0
42;76;4;0.0
42;76;5;0.0
42;76;6;0.0
42;76;7;0.0
42;76;8;0.0
43;76;1;0.0
43;76;2;0.0
43;76;3;0.0
43;76;4;0.0
43;76;5;0.0
43;76;6;0.0
43;76;7;0.0
43;76;8;0.0
44;76;1;0.0
44;76;2;0.0
44;76;3;0.0
44;76;4;0.0
44;76;5;0.0
44;76;6;0.0
44;76;7;0.0
44;76;8;0.0
45;76;1;0.0
45;76;2;0.0
45;76;3;0.0
45;76;4;0.0
45;76;5;0.0
45;76;6;0.0
45;76;7;0.0
45;76;8;0.0
46;76;1;0.0
46;76;2;0.0
46;76;3;0.0
46;76;4;0.0
46;76;5;0.0
46;76;6;0.0
46;76;7;0.0
46;76;8;0.0
47;76;1;-2.411793186955426e-17
47;76;2;-2.411793186955426e-17
47;76;3;-1.146210858632119e-16
47;76;4;-1.4070955407006309e-11
47;76;5;-2.411793186955426e-17
47;76;6;-2.411793186955426e-17
47;76;7;-2.411793186955426e-17
47;76;8;-2.411793186955426e-17
48;76;1;0.0
48;76;2;0.0
48;76;3;0.0
48;76;4;0.0
48;76;5;0.0
48;76;6;0.0
48;76;7;0.0
48;76;8;0.0
49;76;1;0.0
49;76;2;0.0
49;76;3;0.0
49;76;4;0.0
49;76;5;0.0
49;76;6;0.0
49;76;7;0.0
49;76;8;0.0
50;76;1;0.0
50;76;2;0.0
50;76;3;0.0
50;76;4;0.0
50;76;5;0.0
50;76;6;0.0
50;76;7;0.0
50;76;8;0.0
51;76;1;0.0
51;76;2;0.0
51;76;3;0.0
51;76;4;0.0
51;76;5;0.0
51;76;6;0.0
51;76;7;0.0
51;76;8;0.0
52;76;1;0.0
52;76;2;0.0
52;76;3;0.0
52;76;4;-2.6345128083522646e-13
52;76;5;0.0
52;76;6;0.0
52;76;7;0.0
52;76;8;0.0
53;76;1;0.0
53;76;2;0.0
53;76;3;0.0
53;76;4;0.0
53;76;5;0.0
53;76;6;0.0
53;76;7;0.0
53;76;8;0.0
54;76;1;0.0
54;76;2;0.0
54;76;3;0.0
54;76;4;-8.898772987414834e-15
54;76;5;0.0
54;76;6;0.0
54;76;7;0.0
54;76;8;0.0
55;76;1;0.0
55;76;2;0.0
55;76;3;0.0
55;76;4;0.0
55;76;5;0.0
55;76;6;0.0
55;76;7;0.0
55;76;8;0.0
56;76;1;0.0
56;76;2;0.0
56;76;3;0.0
56;76;4;0.0
56;76;5;0.0
56;76;6;0.0
56;76;7;0.0
56;76;8;0.0
57;76;1;0.0
57;76;2;0.0
57;76;3;0.0
57;76;4;0.0
57;76;5;0.0
57;76;6;0.0
57;76;7;0.0
57;76;8;0.0
58;76;1;0.0
58;76;2;0.0
58;76;3;0.0
58;76;4;0.0
58;76;5;0.0
58;76;6;0.0
58;76;7;0.0
58;76;8;0.0
59;76;1;0.0
59;76;2;0.0
59;76;3;0.0
59;76;4;0.0
59;76;5;0.0
59;76;6;0.0
59;76;7;0.0
59;76;8;0.0
1;77;1;0.0
1;77;2;0.0
1;77;3;0.0
1;77;4;0.0
1;77;5;0.0
1;77;6;0.0
1;77;7;0.0
1;77;8;0.0
2;77;1;0.0
2;77;2;0.0
2;77;3;0.0
2;77;4;0.0
2;77;5;0.0
2;77;6;0.0
2;77;7;0.0
2;77;8;0.0
3;77;1;0.0
3;77;2;0.0
3;77;3;0.0
3;77;4;0.0
3;77;5;0.0
3;77;6;0.0
3;77;7;0.0
3;77;8;0.0
4;77;1;0.0
4;77;2;0.0
4;77;3;0.0
4;77;4;0.0
4;77;5;0.0
4;77;6;0.0
4;77;7;0.0
4;77;8;0.0
5;77;1;0.0
5;77;2;0.0
5;77;3;0.0
5;77;4;0.0
5;77;5;0.0
5;77;6;0.0
5;77;7;0.0
5;77;8;0.0
6;77;1;0.0
6;77;2;0.0
6;77;3;0.0
6;77;4;0.0
6;77;5;0.0
6;77;6;0.0
6;77;7;0.0
6;77;8;0.0
7;77;1;0.0
7;77;2;0.0
7;77;3;0.0
7;77;4;0.0
7;77;5;0.0
7;77;6;0.0
7;77;7;0.0
7;77;8;0.0
8;77;1;0.0
8;77;2;0.0
8;77;3;0.0
8;77;4;0.0
8;77;5;0.0
8;77;6;0.0
8;77;7;0.0
8;77;8;0.0
9;77;1;0.0
9;77;2;0.0
9;77;3;0.0
9;77;4;0.0
9;77;5;0.0
9;77;6;0.0
9;77;7;0.0
9;77;8;0.0
10;77;1;0.0
10;77;2;0.0
10;77;3;0.0
10;77;4;0.0
10;77;5;0.0
10;77;6;0.0
10;77;7;0.0
10;77;8;0.0
11;77;1;0.0
11;77;2;0.0
11;77;3;0.0
11;77;4;0.0
11;77;5;0.0
11;77;6;0.0
11;77;7;0.0
11;77;8;0.0
12;77;1;0.0
12;77;2;0.0
12;77;3;0.0
12;77;4;0.0
12;77;5;0.0
12;77;6;0.0
12;77;7;0.0
12;77;8;0.0
13;77;1;0.0
13;77;2;0.0
13;77;3;0.0
13;77;4;0.0
13;77;5;0.0
13;77;6;0.0
13;77;7;0.0
13;77;8;0.0
14;77;1;0.0
14;77;2;0.0
14;77;3;0.0
14;77;4;0.0
14;77;5;0.0
14;77;6;0.0
14;77;7;0.0
14;77;8;0.0
15;77;1;0.0
15;77;2;0.0
15;77;3;0.0
15;77;4;0.0
15;77;5;0.0
15;77;6;0.0
15;77;7;0.0
15;77;8;0.0
16;77;1;0.0
16;77;2;0.0
16;77;3;0.0
16;77;4;0.0
16;77;5;0.0
16;77;6;0.0
16;77;7;0.0
16;77;8;0.0
17;77;1;-1.3971944625103472e-17
17;77;2;-1.3971944625103472e-17
17;77;3;-5.519893448901612e-17
17;77;4;-5.449632935367706e-16
17;77;5;-1.3971944625103472e-17
17;77;6;-1.3971944625103472e-17
17;77;7;-1.3971944625103472e-17
17;77;8;-1.3971944625103472e-17
18;77;1;0.0
18;77;2;0.0
18;77;3;0.0
18;77;4;0.0
18;77;5;0.0
18;77;6;0.0
18;77;7;0.0
18;77;8;0.0
19;77;1;0.0
19;77;2;0.0
19;77;3;0.0
19;77;4;0.0
19;77;5;0.0
19;77;6;0.0
19;77;7;0.0
19;77;8;0.0
20;77;1;0.0
20;77;2;0.0
20;77;3;-3.7478175852676107e-17
20;77;4;0.0
20;77;5;0.0
20;77;6;0.0
20;77;7;0.0
20;77;8;0.0
21;77;1;-1.5591967298075238e-17
21;77;2;-1.5591967298075238e-17
21;77;3;-5.91135232730506e-17
21;77;4;-9.061596907028386e-16
21;77;5;-1.5591967298075238e-17
21;77;6;-1.5591967298075238e-17
21;77;7;-1.5591967298075238e-17
21;77;8;-1.5591967298075238e-17
22;77;1;-3.469676810892937e-17
22;77;2;-3.469676810892937e-17
22;77;3;-1.501400678615808e-16
22;77;4;-0.0
22;77;5;-3.469676810892937e-17
22;77;6;-3.469676810892937e-17
22;77;7;-3.469676810892937e-17
22;77;8;-3.469676810892937e-17
23;77;1;0.0
23;77;2;0.0
23;77;3;0.0
23;77;4;0.0
23;77;5;0.0
23;77;6;0.0
23;77;7;0.0
23;77;8;0.0
24;77;1;0.0
24;77;2;0.0
24;77;3;0.0
24;77;4;0.0
24;77;5;0.0
24;77;6;0.0
24;77;7;0.0
24;77;8;0.0
25;77;1;0.0
25;77;2;0.0
25;77;3;0.0
25;77;4;0.0
25;77;5;0.0
25;77;6;0.0
25;77;7;0.0
25;77;8;0.0
26;77;1;0.0
26;77;2;0.0
26;77;3;0.0
26;77;4;0.0
26;77;5;0.0
26;77;6;0.0
26;77;7;0.0
26;77;8;0.0
27;77;1;0.0
27;77;2;0.0
27;77;3;0.0
27;77;4;0.0
27;77;5;0.0
27;77;6;0.0
27;77;7;0.0
27;77;8;0.0
28;77;1;0.0
28;77;2;0.0
28;77;3;0.0
28;77;4;0.0
28;77;5;0.0
28;77;6;0.0
28;77;7;0.0
28;77;8;0.0
29;77;1;0.0
29;77;2;0.0
29;77;3;0.0
29;77;4;0.0
29;77;5;0.0
29;77;6;0.0
29;77;7;0.0
29;77;8;0.0
30;77;1;0.0
30;77;2;0.0
30;77;3;0.0
30;77;4;0.0
30;77;5;0.0
30;77;6;0.0
30;77;7;0.0
30;77;8;0.0
31;77;1;0.0
31;77;2;0.0
31;77;3;0.0
31;77;4;0.0
31;77;5;0.0
31;77;6;0.0
31;77;7;0.0
31;77;8;0.0
32;77;1;0.0
32;77;2;0.0
32;77;3;0.0
32;77;4;0.0
32;77;5;0.0
32;77;6;0.0
32;77;7;0.0
32;77;8;0.0
33;77;1;0.0
33;77;2;0.0
33;77;3;0.0
33;77;4;0.0
33;77;5;0.0
33;77;6;0.0
33;77;7;0.0
33;77;8;0.0
34;77;1;0.0
34;77;2;0.0
34;77;3;0.0
34;77;4;0.0
34;77;5;0.0
34;77;6;0.0
34;77;7;0.0
34;77;8;0.0
35;77;1;0.0
35;77;2;0.0
35;77;3;0.0
35;77;4;0.0
35;77;5;0.0
35;77;6;0.0
35;77;7;0.0
35;77;8;0.0
36;77;1;0.0
36;77;2;0.0
36;77;3;0.0
36;77;4;0.0
36;77;5;0.0
36;77;6;0.0
36;77;7;0.0
36;77;8;0.0
37;77;1;0.0
37;77;2;0.0
37;77;3;0.0
37;77;4;0.0
37;77;5;0.0
37;77;6;0.0
37;77;7;0.0
37;77;8;0.0
38;77;1;0.0
38;77;2;0.0
38;77;3;0.0
38;77;4;0.0
38;77;5;0.0
38;77;6;0.0
38;77;7;0.0
38;77;8;0.0
39;77;1;0.0
39;77;2;0.0
39;77;3;0.0
39;77;4;0.0
39;77;5;0.0
39;77;6;0.0
39;77;7;0.0
39;77;8;0.0
40;77;1;0.0
40;77;2;0.0
40;77;3;0.0
40;77;4;0.0
40;77;5;0.0
40;77;6;0.0
40;77;7;0.0
40;77;8;0.0
41;77;1;0.0
41;77;2;0.0
41;77;3;0.0
41;77;4;0.0
41;77;5;0.0
41;77;6;0.0
41;77;7;0.0
41;77;8;0.0
42;77;1;0.0
42;77;2;0.0
42;77;3;0.0
42;77;4;0.0
42;77;5;0.0
42;77;6;0.0
42;77;7;0.0
42;77;8;0.0
43;77;1;0.0
43;77;2;0.0
43;77;3;0.0
43;77;4;0.0
43;77;5;0.0
43;77;6;0.0
43;77;7;0.0
43;77;8;0.0
44;77;1;0.0
44;77;2;0.0
44;77;3;0.0
44;77;4;0.0
44;77;5;0.0
44;77;6;0.0
44;77;7;0.0
44;77;8;0.0
45;77;1;0.0
45;77;2;0.0
45;77;3;0.0
45;77;4;0.0
45;77;5;0.0
45;77;6;0.0
45;77;7;0.0
45;77;8;0.0
46;77;1;0.0
46;77;2;0.0
46;77;3;0.0
46;77;4;0.0
46;77;5;0.0
46;77;6;0.0
46;77;7;0.0
46;77;8;0.0
47;77;1;-2.973725980435073e-17
47;77;2;-2.973725980435073e-17
47;77;3;-1.1988465327209785e-16
47;77;4;-1.4745742850249515e-15
47;77;5;-2.973725980435073e-17
47;77;6;-2.973725980435073e-17
47;77;7;-2.973725980435073e-17
47;77;8;-2.973725980435073e-17
48;77;1;0.0
48;77;2;0.0
48;77;3;0.0
48;77;4;0.0
48;77;5;0.0
48;77;6;0.0
48;77;7;0.0
48;77;8;0.0
49;77;1;0.0
49;77;2;0.0
49;77;3;0.0
49;77;4;0.0
49;77;5;0.0
49;77;6;0.0
49;77;7;0.0
49;77;8;0.0
50;77;1;0.0
50;77;2;0.0
50;77;3;0.0
50;77;4;0.0
50;77;5;0.0
50;77;6;0.0
50;77;7;0.0
50;77;8;0.0
51;77;1;0.0
51;77;2;0.0
51;77;3;0.0
51;77;4;0.0
51;77;5;0.0
51;77;6;0.0
51;77;7;0.0
51;77;8;0.0
52;77;1;0.0
52;77;2;0.0
52;77;3;0.0
52;77;4;-9.509777859585085e-16
52;77;5;0.0
52;77;6;0.0
52;77;7;0.0
52;77;8;0.0
53;77;1;0.0
53;77;2;0.0
53;77;3;0.0
53;77;4;0.0
53;77;5;0.0
53;77;6;0.0
53;77;7;0.0
53;77;8;0.0
54;77;1;0.0
54;77;2;0.0
54;77;3;0.0
54;77;4;-2.4108051691726595e-16
54;77;5;0.0
54;77;6;0.0
54;77;7;0.0
54;77;8;0.0
55;77;1;0.0
55;77;2;0.0
55;77;3;0.0
55;77;4;0.0
55;77;5;0.0
55;77;6;0.0
55;77;7;0.0
55;77;8;0.0
56;77;1;0.0
56;77;2;0.0
56;77;3;0.0
56;77;4;0.0
56;77;5;0.0
56;77;6;0.0
56;77;7;0.0
56;77;8;0.0
57;77;1;0.0
57;77;2;0.0
57;77;3;0.0
57;77;4;0.0
57;77;5;0.0
57;77;6;0.0
57;77;7;0.0
57;77;8;0.0
58;77;1;0.0
58;77;2;0.0
58;77;3;0.0
58;77;4;0.0
58;77;5;0.0
58;77;6;0.0
58;77;7;0.0
58;77;8;0.0
59;77;1;0.0
59;77;2;0.0
59;77;3;0.0
59;77;4;0.0
59;77;5;0.0
59;77;6;0.0
59;77;7;0.0
59;77;8;0.0
1;78;1;0.0
1;78;2;0.0
1;78;3;0.0
1;78;4;0.0
1;78;5;0.0
1;78;6;0.0
1;78;7;0.0
1;78;8;0.0
2;78;1;0.0
2;78;2;0.0
2;78;3;0.0
2;78;4;0.0
2;78;5;0.0
2;78;6;0.0
2;78;7;0.0
2;78;8;0.0
3;78;1;0.0
3;78;2;0.0
3;78;3;0.0
3;78;4;0.0
3;78;5;0.0
3;78;6;0.0
3;78;7;0.0
3;78;8;0.0
4;78;1;0.0
4;78;2;0.0
4;78;3;0.0
4;78;4;0.0
4;78;5;0.0
4;78;6;0.0
4;78;7;0.0
4;78;8;0.0
5;78;1;0.0
5;78;2;0.0
5;78;3;0.0
5;78;4;0.0
5;78;5;0.0
5;78;6;0.0
5;78;7;0.0
5;78;8;0.0
6;78;1;0.0
6;78;2;0.0
6;78;3;0.0
6;78;4;0.0
6;78;5;0.0
6;78;6;0.0
6;78;7;0.0
6;78;8;0.0
7;78;1;0.0
7;78;2;0.0
7;78;3;0.0
7;78;4;0.0
7;78;5;0.0
7;78;6;0.0
7;78;7;0.0
7;78;8;0.0
8;78;1;0.0
8;78;2;0.0
8;78;3;0.0
8;78;4;0.0
8;78;5;0.0
8;78;6;0.0
8;78;7;0.0
8;78;8;0.0
9;78;1;0.0
9;78;2;0.0
9;78;3;0.0
9;78;4;0.0
9;78;5;0.0
9;78;6;0.0
9;78;7;0.0
9;78;8;0.0
10;78;1;0.0
10;78;2;0.0
10;78;3;0.0
10;78;4;0.0
10;78;5;0.0
10;78;6;0.0
10;78;7;0.0
10;78;8;0.0
11;78;1;0.0
11;78;2;0.0
11;78;3;0.0
11;78;4;0.0
11;78;5;0.0
11;78;6;0.0
11;78;7;0.0
11;78;8;0.0
12;78;1;0.0
12;78;2;0.0
12;78;3;0.0
12;78;4;0.0
12;78;5;0.0
12;78;6;0.0
12;78;7;0.0
12;78;8;0.0
13;78;1;0.0
13;78;2;0.0
13;78;3;0.0
13;78;4;0.0
13;78;5;0.0
13;78;6;0.0
13;78;7;0.0
13;78;8;0.0
14;78;1;0.0
14;78;2;0.0
14;78;3;0.0
14;78;4;0.0
14;78;5;0.0
14;78;6;0.0
14;78;7;0.0
14;78;8;0.0
15;78;1;0.0
15;78;2;0.0
15;78;3;0.0
15;78;4;0.0
15;78;5;0.0
15;78;6;0.0
15;78;7;0.0
15;78;8;0.0
16;78;1;0.0
16;78;2;0.0
16;78;3;0.0
16;78;4;0.0
16;78;5;0.0
16;78;6;0.0
16;78;7;0.0
16;78;8;0.0
17;78;1;-1.62500377318129e-17
17;78;2;-1.62500377318129e-17
17;78;3;-6.208491122815577e-17
17;78;4;-2.0410427804221754e-11
17;78;5;-1.62500377318129e-17
17;78;6;-1.62500377318129e-17
17;78;7;-1.62500377318129e-17
17;78;8;-1.62500377318129e-17
18;78;1;0.0
18;78;2;0.0
18;78;3;0.0
18;78;4;0.0
18;78;5;0.0
18;78;6;0.0
18;78;7;0.0
18;78;8;0.0
19;78;1;0.0
19;78;2;0.0
19;78;3;0.0
19;78;4;0.0
19;78;5;0.0
19;78;6;0.0
19;78;7;0.0
19;78;8;0.0
20;78;1;0.0
20;78;2;0.0
20;78;3;-4.2467502771305963e-17
20;78;4;0.0
20;78;5;0.0
20;78;6;0.0
20;78;7;0.0
20;78;8;0.0
21;78;1;-1.8870482856191762e-17
21;78;2;-1.8870482856191762e-17
21;78;3;-7.000778328667392e-17
21;78;4;-0.9999999982178197
21;78;5;-1.8870482856191762e-17
21;78;6;-1.8870482856191762e-17
21;78;7;-1.8870482856191762e-17
21;78;8;-1.8870482856191762e-17
22;78;1;-3.786299034793227e-17
22;78;2;-3.786299034793227e-17
22;78;3;-1.6796527757033475e-16
22;78;4;-1.7631034410214852e-09
22;78;5;-3.786299034793227e-17
22;78;6;-3.786299034793227e-17
22;78;7;-3.786299034793227e-17
22;78;8;-3.786299034793227e-17
23;78;1;0.0
23;78;2;0.0
23;78;3;0.0
23;78;4;0.0
23;78;5;0.0
23;78;6;0.0
23;78;7;0.0
23;78;8;0.0
24;78;1;0.0
24;78;2;0.0
24;78;3;0.0
24;78;4;0.0
24;78;5;0.0
24;78;6;0.0
24;78;7;0.0
24;78;8;0.0
25;78;1;0.0
25;78;2;0.0
25;78;3;0.0
25;78;4;0.0
25;78;5;0.0
25;78;6;0.0
25;78;7;0.0
25;78;8;0.0
26;78;1;0.0
26;78;2;0.0
26;78;3;0.0
26;78;4;0.0
26;78;5;0.0
26;78;6;0.0
26;78;7;0.0
26;78;8;0.0
27;78;1;0.0
27;78;2;0.0
27;78;3;0.0
27;78;4;0.0
27;78;5;0.0
27;78;6;0.0
27;78;7;0.0
27;78;8;0.0
28;78;1;0.0
28;78;2;0.0
28;78;3;0.0
28;78;4;0.0
28;78;5;0.0
28;78;6;0.0
28;78;7;0.0
28;78;8;0.0
29;78;1;0.0
29;78;2;0.0
29;78;3;0.0
29;78;4;0.0
29;78;5;0.0
29;78;6;0.0
29;78;7;0.0
29;78;8;0.0
30;78;1;0.0
30;78;2;0.0
30;78;3;0.0
30;78;4;0.0
30;78;5;0.0
30;78;6;0.0
30;78;7;0.0
30;78;8;0.0
31;78;1;0.0
31;78;2;0.0
31;78;3;0.0
31;78;4;0.0
31;78;5;0.0
31;78;6;0.0
31;78;7;0.0
31;78;8;0.0
32;78;1;0.0
32;78;2;0.0
32;78;3;0.0
32;78;4;0.0
32;78;5;0.0
32;78;6;0.0
32;78;7;0.0
32;78;8;0.0
33;78;1;0.0
33;78;2;0.0
33;78;3;0.0
33;78;4;0.0
33;78;5;0.0
33;78;6;0.0
33;78;7;0.0
33;78;8;0.0
34;78;1;0.0
34;78;2;0.0
34;78;3;0.0
34;78;4;0.0
34;78;5;0.0
34;78;6;0.0
34;78;7;0.0
34;78;8;0.0
35;78;1;0.0
35;78;2;0.0
35;78;3;0.0
35;78;4;0.0
35;78;5;0.0
35;78;6;0.0
35;78;7;0.0
35;78;8;0.0
36;78;1;0.0
36;78;2;0.0
36;78;3;0.0
36;78;4;0.0
36;78;5;0.0
36;78;6;0.0
36;78;7;0.0
36;78;8;0.0
37;78;1;0.0
37;78;2;0.0
37;78;3;0.0
37;78;4;0.0
37;78;5;0.0
37;78;6;0.0
37;78;7;0.0
37;78;8;0.0
38;78;1;0.0
38;78;2;0.0
38;78;3;0.0
38;78;4;0.0
38;78;5;0.0
38;78;6;0.0
38;78;7;0.0
38;78;8;0.0
39;78;1;0.0
39;78;2;0.0
39;78;3;0.0
39;78;4;0.0
39;78;5;0.0
39;78;6;0.0
39;78;7;0.0
39;78;8;0.0
40;78;1;0.0
40;78;2;0.0
40;78;3;0.0
40;78;4;0.0
40;78;5;0.0
40;78;6;0.0
40;78;7;0.0
40;78;8;0.0
41;78;1;0.0
41;78;2;0.0
41;78;3;0.0
41;78;4;0.0
41;78;5;0.0
41;78;6;0.0
41;78;7;0.0
41;78;8;0.0
42;78;1;0.0
42;78;2;0.0
42;78;3;0.0
42;78;4;0.0
42;78;5;0.0
42;78;6;0.0
42;78;7;0.0
42;78;8;0.0
43;78;1;0.0
43;78;2;0.0
43;78;3;0.0
43;78;4;0.0
43;78;5;0.0
43;78;6;0.0
43;78;7;0.0
43;78;8;0.0
44;78;1;0.0
44;78;2;0.0
44;78;3;0.0
44;78;4;0.0
44;78;5;0.0
44;78;6;0.0
44;78;7;0.0
44;78;8;0.0
45;78;1;0.0
45;78;2;0.0
45;78;3;0.0
45;78;4;0.0
45;78;5;0.0
45;78;6;0.0
45;78;7;0.0
45;78;8;0.0
46;78;1;0.0
46;78;2;0.0
46;78;3;0.0
46;78;4;0.0
46;78;5;0.0
46;78;6;0.0
46;78;7;0.0
46;78;8;0.0
47;78;1;-3.6505042234991626e-17
47;78;2;-3.6505042234991626e-17
47;78;3;-1.3472971259387935e-16
47;78;4;-1.2762408326838664e-12
47;78;5;-3.6505042234991626e-17
47;78;6;-3.6505042234991626e-17
47;78;7;-3.6505042234991626e-17
47;78;8;-3.6505042234991626e-17
48;78;1;0.0
48;78;2;0.0
48;78;3;0.0
48;78;4;0.0
48;78;5;0.0
48;78;6;0.0
48;78;7;0.0
48;78;8;0.0
49;78;1;0.0
49;78;2;0.0
49;78;3;0.0
49;78;4;0.0
49;78;5;0.0
49;78;6;0.0
49;78;7;0.0
49;78;8;0.0
50;78;1;0.0
50;78;2;0.0
50;78;3;0.0
50;78;4;0.0
50;78;5;0.0
50;78;6;0.0
50;78;7;0.0
50;78;8;0.0
51;78;1;0.0
51;78;2;0.0
51;78;3;0.0
51;78;4;0.0
51;78;5;0.0
51;78;6;0.0
51;78;7;0.0
51;78;8;0.0
52;78;1;0.0
52;78;2;0.0
52;78;3;0.0
52;78;4;-2.6203044373783735e-13
52;78;5;0.0
52;78;6;0.0
52;78;7;0.0
52;78;8;0.0
53;78;1;0.0
53;78;2;0.0
53;78;3;0.0
53;78;4;0.0
53;78;5;0.0
53;78;6;0.0
53;78;7;0.0
53;78;8;0.0
54;78;1;0.0
54;78;2;0.0
54;78;3;0.0
54;78;4;-7.56405618884532e-15
54;78;5;0.0
54;78;6;0.0
54;78;7;0.0
54;78;8;0.0
55;78;1;0.0
55;78;2;0.0
55;78;3;0.0
55;78;4;0.0
55;78;5;0.0
55;78;6;0.0
55;78;7;0.0
55;78;8;0.0
56;78;1;0.0
56;78;2;0.0
56;78;3;0.0
56;78;4;0.0
56;78;5;0.0
56;78;6;0.0
56;78;7;0.0
56;78;8;0.0
57;78;1;0.0
57;78;2;0.0
57;78;3;0.0
57;78;4;0.0
57;78;5;0.0
57;78;6;0.0
57;78;7;0.0
57;78;8;0.0
58;78;1;0.0
58;78;2;0.0
58;78;3;0.0
58;78;4;0.0
58;78;5;0.0
58;78;6;0.0
58;78;7;0.0
58;78;8;0.0
59;78;1;0.0
59;78;2;0.0
59;78;3;0.0
59;78;4;0.0
59;78;5;0.0
59;78;6;0.0
59;78;7;0.0
59;78;8;0.0
1;79;1;0.0
1;79;2;0.0
1;79;3;0.0
1;79;4;0.0
1;79;5;0.0
1;79;6;0.0
1;79;7;0.0
1;79;8;0.0
2;79;1;0.0
2;79;2;0.0
2;79;3;0.0
2;79;4;0.0
2;79;5;0.0
2;79;6;0.0
2;79;7;0.0
2;79;8;0.0
3;79;1;0.0
3;79;2;0.0
3;79;3;0.0
3;79;4;0.0
3;79;5;0.0
3;79;6;0.0
3;79;7;0.0
3;79;8;0.0
4;79;1;0.0
4;79;2;0.0
4;79;3;0.0
4;79;4;0.0
4;79;5;0.0
4;79;6;0.0
4;79;7;0.0
4;79;8;0.0
5;79;1;0.0
5;79;2;0.0
5;79;3;0.0
5;79;4;0.0
5;79;5;0.0
5;79;6;0.0
5;79;7;0.0
5;79;8;0.0
6;79;1;0.0
6;79;2;0.0
6;79;3;0.0
6;79;4;0.0
6;79;5;0.0
6;79;6;0.0
6;79;7;0.0
6;79;8;0.0
7;79;1;0.0
7;79;2;0.0
7;79;3;0.0
7;79;4;0.0
7;79;5;0.0
7;79;6;0.0
7;79;7;0.0
7;79;8;0.0
8;79;1;0.0
8;79;2;0.0
8;79;3;0.0
8;79;4;0.0
8;79;5;0.0
8;79;6;0.0
8;79;7;0.0
8;79;8;0.0
9;79;1;0.0
9;79;2;0.0
9;79;3;0.0
9;79;4;0.0
9;79;5;0.0
9;79;6;0.0
9;79;7;0.0
9;79;8;0.0
10;79;1;0.0
10;79;2;0.0
10;79;3;0.0
10;79;4;0.0
10;79;5;0.0
10;79;6;0.0
10;79;7;0.0
10;79;8;0.0
11;79;1;0.0
11;79;2;0.0
11;79;3;0.0
11;79;4;0.0
11;79;5;0.0
11;79;6;0.0
11;79;7;0.0
11;79;8;0.0
12;79;1;0.0
12;79;2;0.0
12;79;3;0.0
12;79;4;0.0
12;79;5;0.0
12;79;6;0.0
12;79;7;0.0
12;79;8;0.0
13;79;1;0.0
13;79;2;0.0
13;79;3;0.0
13;79;4;0.0
13;79;5;0.0
13;79;6;0.0
13;79;7;0.0
13;79;8;0.0
14;79;1;0.0
14;79;2;0.0
14;79;3;0.0
14;79;4;0.0
14;79;5;0.0
14;79;6;0.0
14;79;7;0.0
14;79;8;0.0
15;79;1;0.0
15;79;2;0.0
15;79;3;0.0
15;79;4;0.0
15;79;5;0.0
15;79;6;0.0
15;79;7;0.0
15;79;8;0.0
16;79;1;0.0
16;79;2;0.0
16;79;3;0.0
16;79;4;0.0
16;79;5;0.0
16;79;6;0.0
16;79;7;0.0
16;79;8;0.0
17;79;1;-1.972246716657946e-17
17;79;2;-1.972246716657946e-17
17;79;3;-7.206340567280054e-17
17;79;4;-2.978051261994929e-11
17;79;5;-1.972246716657946e-17
17;79;6;-1.972246716657946e-17
17;79;7;-1.972246716657946e-17
17;79;8;-1.972246716657946e-17
18;79;1;0.0
18;79;2;0.0
18;79;3;0.0
18;79;4;0.0
18;79;5;0.0
18;79;6;0.0
18;79;7;0.0
18;79;8;0.0
19;79;1;0.0
19;79;2;0.0
19;79;3;0.0
19;79;4;0.0
19;79;5;0.0
19;79;6;0.0
19;79;7;0.0
19;79;8;0.0
20;79;1;0.0
20;79;2;0.0
20;79;3;-5.1557412907620667e-17
20;79;4;0.0
20;79;5;0.0
20;79;6;0.0
20;79;7;0.0
20;79;8;0.0
21;79;1;-2.4512766295007052e-17
21;79;2;-2.4512766295007052e-17
21;79;3;-8.622531284496284e-17
21;79;4;-0.9999999981342621
21;79;5;-2.4512766295007052e-17
21;79;6;-2.4512766295007052e-17
21;79;7;-2.4512766295007052e-17
21;79;8;-2.4512766295007052e-17
22;79;1;-4.352259471736681e-17
22;79;2;-4.352259471736681e-17
22;79;3;-2.0282402618188765e-16
22;79;4;-1.8343859764513581e-09
22;79;5;-4.352259471736681e-17
22;79;6;-4.352259471736681e-17
22;79;7;-4.352259471736681e-17
22;79;8;-4.352259471736681e-17
23;79;1;0.0
23;79;2;0.0
23;79;3;0.0
23;79;4;0.0
23;79;5;0.0
23;79;6;0.0
23;79;7;0.0
23;79;8;0.0
24;79;1;0.0
24;79;2;0.0
24;79;3;0.0
24;79;4;0.0
24;79;5;0.0
24;79;6;0.0
24;79;7;0.0
24;79;8;0.0
25;79;1;0.0
25;79;2;0.0
25;79;3;0.0
25;79;4;0.0
25;79;5;0.0
25;79;6;0.0
25;79;7;0.0
25;79;8;0.0
26;79;1;0.0
26;79;2;0.0
26;79;3;0.0
26;79;4;0.0
26;79;5;0.0
26;79;6;0.0
26;79;7;0.0
26;79;8;0.0
27;79;1;0.0
27;79;2;0.0
27;79;3;0.0
27;79;4;0.0
27;79;5;0.0
27;79;6;0.0
27;79;7;0.0
27;79;8;0.0
28;79;1;0.0
28;79;2;0.0
28;79;3;0.0
28;79;4;0.0
28;79;5;0.0
28;79;6;0.0
28;79;7;0.0
28;79;8;0.0
29;79;1;0.0
29;79;2;0.0
29;79;3;0.0
29;79;4;0.0
29;79;5;0.0
29;79;6;0.0
29;79;7;0.0
29;79;8;0.0
30;79;1;0.0
30;79;2;0.0
30;79;3;0.0
30;79;4;0.0
30;79;5;0.0
30;79;6;0.0
30;79;7;0.0
30;79;8;0.0
31;79;1;0.0
31;79;2;0.0
31;79;3;0.0
31;79;4;0.0
31;79;5;0.0
31;79;6;0.0
31;79;7;0.0
31;79;8;0.0
32;79;1;0.0
32;79;2;0.0
32;79;3;0.0
32;79;4;0.0
32;79;5;0.0
32;79;6;0.0
32;79;7;0.0
32;79;8;0.0
33;79;1;0.0
33;79;2;0.0
33;79;3;0.0
33;79;4;0.0
33;79;5;0.0
33;79;6;0.0
33;79;7;0.0
33;79;8;0.0
34;79;1;0.0
34;79;2;0.0
34;79;3;0.0
34;79;4;0.0
34;79;5;0.0
34;79;6;0.0
34;79;7;0.0
34;79;8;0.0
35;79;1;0.0
35;79;2;0.0
35;79;3;0.0
35;79;4;0.0
35;79;5;0.0
35;79;6;0.0
35;79;7;0.0
35;79;8;0.0
36;79;1;0.0
36;79;2;0.0
36;79;3;0.0
36;79;4;0.0
36;79;5;0.0
36;79;6;0.0
36;79;7;0.0
36;79;8;0.0
37;79;1;0.0
37;79;2;0.0
37;79;3;0.0
37;79;4;0.0
37;79;5;0.0
37;79;6;0.0
37;79;7;0.0
37;79;8;0.0
38;79;1;0.0
38;79;2;0.0
38;79;3;0.0
38;79;4;0.0
38;79;5;0.0
38;79;6;0.0
38;79;7;0.0
38;79;8;0.0
39;79;1;0.0
39;79;2;0.0
39;79;3;0.0
39;79;4;0.0
39;79;5;0.0
39;79;6;0.0
39;79;7;0.0
39;79;8;0.0
40;79;1;0.0
40;79;2;0.0
40;79;3;0.0
40;79;4;0.0
40;79;5;0.0
40;79;6;0.0
40;79;7;0.0
40;79;8;0.0
41;79;1;0.0
41;79;2;0.0
41;79;3;0.0
41;79;4;0.0
41;79;5;0.0
41;79;6;0.0
41;79;7;0.0
41;79;8;0.0
42;79;1;0.0
42;79;2;0.0
42;79;3;0.0
42;79;4;0.0
42;79;5;0.0
42;79;6;0.0
42;79;7;0.0
42;79;8;0.0
43;79;1;0.0
43;79;2;0.0
43;79;3;0.0
43;79;4;0.0
43;79;5;0.0
43;79;6;0.0
43;79;7;0.0
43;79;8;0.0
44;79;1;0.0
44;79;2;0.0
44;79;3;0.0
44;79;4;0.0
44;79;5;0.0
44;79;6;0.0
44;79;7;0.0
44;79;8;0.0
45;79;1;0.0
45;79;2;0.0
45;79;3;0.0
45;79;4;0.0
45;79;5;0.0
45;79;6;0.0
45;79;7;0.0
45;79;8;0.0
46;79;1;0.0
46;79;2;0.0
46;79;3;0.0
46;79;4;0.0
46;79;5;0.0
46;79;6;0.0
46;79;7;0.0
46;79;8;0.0
47;79;1;-4.7074057488289215e-17
47;79;2;-4.7074057488289215e-17
47;79;3;-1.5970345365101628e-16
47;79;4;-1.2648950632251809e-12
47;79;5;-4.7074057488289215e-17
47;79;6;-4.7074057488289215e-17
47;79;7;-4.7074057488289215e-17
47;79;8;-4.7074057488289215e-17
48;79;1;0.0
48;79;2;0.0
48;79;3;0.0
48;79;4;0.0
48;79;5;0.0
48;79;6;0.0
48;79;7;0.0
48;79;8;0.0
49;79;1;0.0
49;79;2;0.0
49;79;3;0.0
49;79;4;0.0
49;79;5;0.0
49;79;6;0.0
49;79;7;0.0
49;79;8;0.0
50;79;1;0.0
50;79;2;0.0
50;79;3;0.0
50;79;4;0.0
50;79;5;0.0
50;79;6;0.0
50;79;7;0.0
50;79;8;0.0
51;79;1;0.0
51;79;2;0.0
51;79;3;0.0
51;79;4;0.0
51;79;5;0.0
51;79;6;0.0
51;79;7;0.0
51;79;8;0.0
52;79;1;0.0
52;79;2;0.0
52;79;3;0.0
52;79;4;-2.69407155819595e-13
52;79;5;0.0
52;79;6;0.0
52;79;7;0.0
52;79;8;0.0
53;79;1;0.0
53;79;2;0.0
53;79;3;0.0
53;79;4;0.0
53;79;5;0.0
53;79;6;0.0
53;79;7;0.0
53;79;8;0.0
54;79;1;0.0
54;79;2;0.0
54;79;3;0.0
54;79;4;-7.523915954540689e-15
54;79;5;0.0
54;79;6;0.0
54;79;7;0.0
54;79;8;0.0
55;79;1;0.0
55;79;2;0.0
55;79;3;0.0
55;79;4;0.0
55;79;5;0.0
55;79;6;0.0
55;79;7;0.0
55;79;8;0.0
56;79;1;0.0
56;79;2;0.0
56;79;3;0.0
56;79;4;0.0
56;79;5;0.0
56;79;6;0.0
56;79;7;0.0
56;79;8;0.0
57;79;1;0.0
57;79;2;0.0
57;79;3;0.0
57;79;4;0.0
57;79;5;0.0
57;79;6;0.0
57;79;7;0.0
57;79;8;0.0
58;79;1;0.0
58;79;2;0.0
58;79;3;0.0
58;79;4;0.0
58;79;5;0.0
58;79;6;0.0
58;79;7;0.0
58;79;8;0.0
59;79;1;0.0
59;79;2;0.0
59;79;3;0.0
59;79;4;0.0
59;79;5;0.0
59;79;6;0.0
59;79;7;0.0
59;79;8;0.0
1;80;1;0.0
1;80;2;0.0
1;80;3;0.0
1;80;4;0.0
1;80;5;0.0
1;80;6;0.0
1;80;7;0.0
1;80;8;0.0
2;80;1;0.0
2;80;2;0.0
2;80;3;0.0
2;80;4;0.0
2;80;5;0.0
2;80;6;0.0
2;80;7;0.0
2;80;8;0.0
3;80;1;0.0
3;80;2;0.0
3;80;3;0.0
3;80;4;0.0
3;80;5;0.0
3;80;6;0.0
3;80;7;0.0
3;80;8;0.0
4;80;1;0.0
4;80;2;0.0
4;80;3;0.0
4;80;4;0.0
4;80;5;0.0
4;80;6;0.0
4;80;7;0.0
4;80;8;0.0
5;80;1;0.0
5;80;2;0.0
5;80;3;0.0
5;80;4;0.0
5;80;5;0.0
5;80;6;0.0
5;80;7;0.0
5;80;8;0.0
6;80;1;0.0
6;80;2;0.0
6;80;3;0.0
6;80;4;0.0
6;80;5;0.0
6;80;6;0.0
6;80;7;0.0
6;80;8;0.0
7;80;1;0.0
7;80;2;0.0
7;80;3;0.0
7;80;4;0.0
7;80;5;0.0
7;80;6;0.0
7;80;7;0.0
7;80;8;0.0
8;80;1;0.0
8;80;2;0.0
8;80;3;0.0
8;80;4;0.0
8;80;5;0.0
8;80;6;0.0
8;80;7;0.0
8;80;8;0.0
9;80;1;0.0
9;80;2;0.0
9;80;3;0.0
9;80;4;0.0
9;80;5;0.0
9;80;6;0.0
9;80;7;0.0
9;80;8;0.0
10;80;1;0.0
10;80;2;0.0
10;80;3;0.0
10;80;4;0.0
10;80;5;0.0
10;80;6;0.0
10;80;7;0.0
10;80;8;0.0
11;80;1;0.0
11;80;2;0.0
11;80;3;0.0
11;80;4;0.0
11;80;5;0.0
11;80;6;0.0
11;80;7;0.0
11;80;8;0.0
12;80;1;0.0
12;80;2;0.0
12;80;3;0.0
12;80;4;0.0
12;80;5;0.0
12;80;6;0.0
12;80;7;0.0
12;80;8;0.0
13;80;1;0.0
13;80;2;0.0
13;80;3;0.0
13;80;4;0.0
13;80;5;0.0
13;80;6;0.0
13;80;7;0.0
13;80;8;0.0
14;80;1;0.0
14;80;2;0.0
14;80;3;0.0
14;80;4;0.0
14;80;5;0.0
14;80;6;0.0
14;80;7;0.0
14;80;8;0.0
15;80;1;0.0
15;80;2;0.0
15;80;3;0.0
15;80;4;0.0
15;80;5;0.0
15;80;6;0.0
15;80;7;0.0
15;80;8;0.0
16;80;1;0.0
16;80;2;0.0
16;80;3;0.0
16;80;4;0.0
16;80;5;0.0
16;80;6;0.0
16;80;7;0.0
16;80;8;0.0
17;80;1;-2.8362325960752027e-17
17;80;2;-2.8362325960752027e-17
17;80;3;-1.0055781415005819e-16
17;80;4;-6.684683420262428e-16
17;80;5;-2.8362325960752027e-17
17;80;6;-2.8362325960752027e-17
17;80;7;-2.8362325960752027e-17
17;80;8;-2.8362325960752027e-17
18;80;1;0.0
18;80;2;0.0
18;80;3;0.0
18;80;4;0.0
18;80;5;0.0
18;80;6;0.0
18;80;7;0.0
18;80;8;0.0
19;80;1;0.0
19;80;2;0.0
19;80;3;0.0
19;80;4;0.0
19;80;5;0.0
19;80;6;0.0
19;80;7;0.0
19;80;8;0.0
20;80;1;0.0
20;80;2;0.0
20;80;3;5.30465163009899e-16
20;80;4;0.0
20;80;5;0.0
20;80;6;0.0
20;80;7;0.0
20;80;8;0.0
21;80;1;-4.042482798415736e-17
21;80;2;-4.042482798415736e-17
21;80;3;-1.3389736437795137e-16
21;80;4;-1.3188716471255681e-15
21;80;5;-4.042482798415736e-17
21;80;6;-4.042482798415736e-17
21;80;7;-4.042482798415736e-17
21;80;8;-4.042482798415736e-17
22;80;1;-7.498018313771265e-17
22;80;2;-7.498018313771265e-17
22;80;3;-3.062313438303433e-16
22;80;4;-0.0
22;80;5;-7.498018313771265e-17
22;80;6;-7.498018313771265e-17
22;80;7;-7.498018313771265e-17
22;80;8;-7.498018313771265e-17
23;80;1;0.0
23;80;2;0.0
23;80;3;0.0
23;80;4;0.0
23;80;5;0.0
23;80;6;0.0
23;80;7;0.0
23;80;8;0.0
24;80;1;0.0
24;80;2;0.0
24;80;3;0.0
24;80;4;0.0
24;80;5;0.0
24;80;6;0.0
24;80;7;0.0
24;80;8;0.0
25;80;1;0.0
25;80;2;0.0
25;80;3;0.0
25;80;4;0.0
25;80;5;0.0
25;80;6;0.0
25;80;7;0.0
25;80;8;0.0
26;80;1;0.0
26;80;2;0.0
26;80;3;0.0
26;80;4;0.0
26;80;5;0.0
26;80;6;0.0
26;80;7;0.0
26;80;8;0.0
27;80;1;0.0
27;80;2;0.0
27;80;3;0.0
27;80;4;0.0
27;80;5;0.0
27;80;6;0.0
27;80;7;0.0
27;80;8;0.0
28;80;1;0.0
28;80;2;0.0
28;80;3;0.0
28;80;4;0.0
28;80;5;0.0
28;80;6;0.0
28;80;7;0.0
28;80;8;0.0
29;80;1;0.0
29;80;2;0.0
29;80;3;0.0
29;80;4;0.0
29;80;5;0.0
29;80;6;0.0
29;80;7;0.0
29;80;8;0.0
30;80;1;0.0
30;80;2;0.0
30;80;3;0.0
30;80;4;0.0
30;80;5;0.0
30;80;6;0.0
30;80;7;0.0
30;80;8;0.0
31;80;1;0.0
31;80;2;0.0
31;80;3;0.0
31;80;4;0.0
31;80;5;0.0
31;80;6;0.0
31;80;7;0.0
31;80;8;0.0
32;80;1;0.0
32;80;2;0.0
32;80;3;0.0
32;80;4;0.0
32;80;5;0.0
32;80;6;0.0
32;80;7;0.0
32;80;8;0.0
33;80;1;0.0
33;80;2;0.0
33;80;3;0.0
33;80;4;0.0
33;80;5;0.0
33;80;6;0.0
33;80;7;0.0
33;80;8;0.0
34;80;1;0.0
34;80;2;0.0
34;80;3;0.0
34;80;4;0.0
34;80;5;0.0
34;80;6;0.0
34;80;7;0.0
34;80;8;0.0
35;80;1;0.0
35;80;2;0.0
35;80;3;0.0
35;80;4;0.0
35;80;5;0.0
35;80;6;0.0
35;80;7;0.0
35;80;8;0.0
36;80;1;0.0
36;80;2;0.0
36;80;3;0.0
36;80;4;0.0
36;80;5;0.0
36;80;6;0.0
36;80;7;0.0
36;80;8;0.0
37;80;1;0.0
37;80;2;0.0
37;80;3;0.0
37;80;4;0.0
37;80;5;0.0
37;80;6;0.0
37;80;7;0.0
37;80;8;0.0
38;80;1;0.0
38;80;2;0.0
38;80;3;0.0
38;80;4;0.0
38;80;5;0.0
38;80;6;0.0
38;80;7;0.0
38;80;8;0.0
39;80;1;0.0
39;80;2;0.0
39;80;3;0.0
39;80;4;0.0
39;80;5;0.0
39;80;6;0.0
39;80;7;0.0
39;80;8;0.0
40;80;1;0.0
40;80;2;0.0
40;80;3;0.0
40;80;4;0.0
40;80;5;0.0
40;80;6;0.0
40;80;7;0.0
40;80;8;0.0
41;80;1;0.0
41;80;2;0.0
41;80;3;0.0
41;80;4;0.0
41;80;5;0.0
41;80;6;0.0
41;80;7;0.0
41;80;8;0.0
42;80;1;0.0
42;80;2;0.0
42;80;3;0.0
42;80;4;0.0
42;80;5;0.0
42;80;6;0.0
42;80;7;0.0
42;80;8;0.0
43;80;1;0.0
43;80;2;0.0
43;80;3;0.0
43;80;4;0.0
43;80;5;0.0
43;80;6;0.0
43;80;7;0.0
43;80;8;0.0
44;80;1;0.0
44;80;2;0.0
44;80;3;0.0
44;80;4;0.0
44;80;5;0.0
44;80;6;0.0
44;80;7;0.0
44;80;8;0.0
45;80;1;0.0
45;80;2;0.0
45;80;3;0.0
45;80;4;0.0
45;80;5;0.0
45;80;6;0.0
45;80;7;0.0
45;80;8;0.0
46;80;1;0.0
46;80;2;0.0
46;80;3;0.0
46;80;4;0.0
46;80;5;0.0
46;80;6;0.0
46;80;7;0.0
46;80;8;0.0
47;80;1;-7.099706907466488e-17
47;80;2;-7.099706907466488e-17
47;80;3;-2.350327575691461e-16
47;80;4;-1.8933352470100367e-15
47;80;5;-7.099706907466488e-17
47;80;6;-7.099706907466488e-17
47;80;7;-7.099706907466488e-17
47;80;8;-7.099706907466488e-17
48;80;1;0.0
48;80;2;0.0
48;80;3;0.0
48;80;4;0.0
48;80;5;0.0
48;80;6;0.0
48;80;7;0.0
48;80;8;0.0
49;80;1;0.0
49;80;2;0.0
49;80;3;0.0
49;80;4;0.0
49;80;5;0.0
49;80;6;0.0
49;80;7;0.0
49;80;8;0.0
50;80;1;0.0
50;80;2;0.0
50;80;3;0.0
50;80;4;0.0
50;80;5;0.0
50;80;6;0.0
50;80;7;0.0
50;80;8;0.0
51;80;1;0.0
51;80;2;0.0
51;80;3;0.0
51;80;4;0.0
51;80;5;0.0
51;80;6;0.0
51;80;7;0.0
51;80;8;0.0
52;80;1;0.0
52;80;2;0.0
52;80;3;0.0
52;80;4;-1.1017841203660855e-15
52;80;5;0.0
52;80;6;0.0
52;80;7;0.0
52;80;8;0.0
53;80;1;0.0
53;80;2;0.0
53;80;3;0.0
53;80;4;0.0
53;80;5;0.0
53;80;6;0.0
53;80;7;0.0
53;80;8;0.0
54;80;1;0.0
54;80;2;0.0
54;80;3;0.0
54;80;4;2.6059154834001674e-12
54;80;5;0.0
54;80;6;0.0
54;80;7;0.0
54;80;8;0.0
55;80;1;0.0
55;80;2;0.0
55;80;3;0.0
55;80;4;0.0
55;80;5;0.0
55;80;6;0.0
55;80;7;0.0
55;80;8;0.0
56;80;1;0.0
56;80;2;0.0
56;80;3;0.0
56;80;4;0.0
56;80;5;0.0
56;80;6;0.0
56;80;7;0.0
56;80;8;0.0
57;80;1;0.0
57;80;2;0.0
57;80;3;0.0
57;80;4;0.0
57;80;5;0.0
57;80;6;0.0
57;80;7;0.0
57;80;8;0.0
58;80;1;0.0
58;80;2;0.0
58;80;3;0.0
58;80;4;0.0
58;80;5;0.0
58;80;6;0.0
58;80;7;0.0
58;80;8;0.0
59;80;1;0.0
59;80;2;0.0
59;80;3;0.0
59;80;4;0.0
59;80;5;0.0
59;80;6;0.0
59;80;7;0.0
59;80;8;0.0
1;81;1;0.0
1;81;2;0.0
1;81;3;0.0
1;81;4;0.0
1;81;5;0.0
1;81;6;0.0
1;81;7;0.0
1;81;8;0.0
2;81;1;0.0
2;81;2;0.0
2;81;3;0.0
2;81;4;0.0
2;81;5;0.0
2;81;6;0.0
2;81;7;0.0
2;81;8;0.0
3;81;1;0.0
3;81;2;0.0
3;81;3;0.0
3;81;4;0.0
3;81;5;0.0
3;81;6;0.0
3;81;7;0.0
3;81;8;0.0
4;81;1;0.0
4;81;2;0.0
4;81;3;0.0
4;81;4;0.0
4;81;5;0.0
4;81;6;0.0
4;81;7;0.0
4;81;8;0.0
5;81;1;0.0
5;81;2;0.0
5;81;3;0.0
5;81;4;0.0
5;81;5;0.0
5;81;6;0.0
5;81;7;0.0
5;81;8;0.0
6;81;1;0.0
6;81;2;0.0
6;81;3;0.0
6;81;4;0.0
6;81;5;0.0
6;81;6;0.0
6;81;7;0.0
6;81;8;0.0
7;81;1;0.0
7;81;2;0.0
7;81;3;0.0
7;81;4;0.0
7;81;5;0.0
7;81;6;0.0
7;81;7;0.0
7;81;8;0.0
8;81;1;0.0
8;81;2;0.0
8;81;3;0.0
8;81;4;0.0
8;81;5;0.0
8;81;6;0.0
8;81;7;0.0
8;81;8;0.0
9;81;1;0.0
9;81;2;0.0
9;81;3;0.0
9;81;4;0.0
9;81;5;0.0
9;81;6;0.0
9;81;7;0.0
9;81;8;0.0
10;81;1;0.0
10;81;2;0.0
10;81;3;0.0
10;81;4;0.0
10;81;5;0.0
10;81;6;0.0
10;81;7;0.0
10;81;8;0.0
11;81;1;0.0
11;81;2;0.0
11;81;3;0.0
11;81;4;0.0
11;81;5;0.0
11;81;6;0.0
11;81;7;0.0
11;81;8;0.0
12;81;1;0.0
12;81;2;0.0
12;81;3;0.0
12;81;4;0.0
12;81;5;0.0
12;81;6;0.0
12;81;7;0.0
12;81;8;0.0
13;81;1;0.0
13;81;2;0.0
13;81;3;0.0
13;81;4;0.0
13;81;5;0.0
13;81;6;0.0
13;81;7;0.0
13;81;8;0.0
14;81;1;0.0
14;81;2;0.0
14;81;3;0.0
14;81;4;0.0
14;81;5;0.0
14;81;6;0.0
14;81;7;0.0
14;81;8;0.0
15;81;1;0.0
15;81;2;0.0
15;81;3;0.0
15;81;4;0.0
15;81;5;0.0
15;81;6;0.0
15;81;7;0.0
15;81;8;0.0
16;81;1;0.0
16;81;2;0.0
16;81;3;0.0
16;81;4;0.0
16;81;5;0.0
16;81;6;0.0
16;81;7;0.0
16;81;8;0.0
17;81;1;0.0
17;81;2;0.0
17;81;3;0.0
17;81;4;-8.218794473817495e-12
17;81;5;0.0
17;81;6;0.0
17;81;7;0.0
17;81;8;0.0
18;81;1;0.0
18;81;2;0.0
18;81;3;0.0
18;81;4;0.0
18;81;5;0.0
18;81;6;0.0
18;81;7;0.0
18;81;8;0.0
19;81;1;0.0
19;81;2;0.0
19;81;3;0.0
19;81;4;0.0
19;81;5;0.0
19;81;6;0.0
19;81;7;0.0
19;81;8;0.0
20;81;1;0.0
20;81;2;0.0
20;81;3;0.0
20;81;4;0.0
20;81;5;0.0
20;81;6;0.0
20;81;7;0.0
20;81;8;0.0
21;81;1;0.0
21;81;2;0.0
21;81;3;0.0
21;81;4;-0.99999999900628
21;81;5;0.0
21;81;6;0.0
21;81;7;0.0
21;81;8;0.0
22;81;1;0.0
22;81;2;0.0
22;81;3;0.0
22;81;4;-9.496119446339435e-10
22;81;5;0.0
22;81;6;0.0
22;81;7;0.0
22;81;8;0.0
23;81;1;0.0
23;81;2;0.0
23;81;3;0.0
23;81;4;0.0
23;81;5;0.0
23;81;6;0.0
23;81;7;0.0
23;81;8;0.0
24;81;1;0.0
24;81;2;0.0
24;81;3;0.0
24;81;4;0.0
24;81;5;0.0
24;81;6;0.0
24;81;7;0.0
24;81;8;0.0
25;81;1;0.0
25;81;2;0.0
25;81;3;0.0
25;81;4;0.0
25;81;5;0.0
25;81;6;0.0
25;81;7;0.0
25;81;8;0.0
26;81;1;0.0
26;81;2;0.0
26;81;3;0.0
26;81;4;0.0
26;81;5;0.0
26;81;6;0.0
26;81;7;0.0
26;81;8;0.0
27;81;1;0.0
27;81;2;0.0
27;81;3;0.0
27;81;4;0.0
27;81;5;0.0
27;81;6;0.0
27;81;7;0.0
27;81;8;0.0
28;81;1;0.0
28;81;2;0.0
28;81;3;0.0
28;81;4;0.0
28;81;5;0.0
28;81;6;0.0
28;81;7;0.0
28;81;8;0.0
29;81;1;0.0
29;81;2;0.0
29;81;3;0.0
29;81;4;0.0
29;81;5;0.0
29;81;6;0.0
29;81;7;0.0
29;81;8;0.0
30;81;1;0.0
30;81;2;0.0
30;81;3;0.0
30;81;4;0.0
30;81;5;0.0
30;81;6;0.0
30;81;7;0.0
30;81;8;0.0
31;81;1;0.0
31;81;2;0.0
31;81;3;0.0
31;81;4;0.0
31;81;5;0.0
31;81;6;0.0
31;81;7;0.0
31;81;8;0.0
32;81;1;0.0
32;81;2;0.0
32;81;3;0.0
32;81;4;0.0
32;81;5;0.0
32;81;6;0.0
32;81;7;0.0
32;81;8;0.0
33;81;1;0.0
33;81;2;0.0
33;81;3;0.0
33;81;4;0.0
33;81;5;0.0
33;81;6;0.0
33;81;7;0.0
33;81;8;0.0
34;81;1;0.0
34;81;2;0.0
34;81;3;0.0
34;81;4;0.0
34;81;5;0.0
34;81;6;0.0
34;81;7;0.0
34;81;8;0.0
35;81;1;0.0
35;81;2;0.0
35;81;3;0.0
35;81;4;0.0
35;81;5;0.0
35;81;6;0.0
35;81;7;0.0
35;81;8;0.0
36;81;1;0.0
36;81;2;0.0
36;81;3;0.0
36;81;4;0.0
36;81;5;0.0
36;81;6;0.0
36;81;7;0.0
36;81;8;0.0
37;81;1;0.0
37;81;2;0.0
37;81;3;0.0
37;81;4;0.0
37;81;5;0.0
37;81;6;0.0
37;81;7;0.0
37;81;8;0.0
38;81;1;0.0
38;81;2;0.0
38;81;3;0.0
38;81;4;0.0
38;81;5;0.0
38;81;6;0.0
38;81;7;0.0
38;81;8;0.0
39;81;1;0.0
39;81;2;0.0
39;81;3;0.0
39;81;4;0.0
39;81;5;0.0
39;81;6;0.0
39;81;7;0.0
39;81;8;0.0
40;81;1;0.0
40;81;2;0.0
40;81;3;0.0
40;81;4;0.0
40;81;5;0.0
40;81;6;0.0
40;81;7;0.0
40;81;8;0.0
41;81;1;0.0
41;81;2;0.0
41;81;3;0.0
41;81;4;0.0
41;81;5;0.0
41;81;6;0.0
41;81;7;0.0
41;81;8;0.0
42;81;1;0.0
42;81;2;0.0
42;81;3;0.0
42;81;4;0.0
42;81;5;0.0
42;81;6;0.0
42;81;7;0.0
42;81;8;0.0
43;81;1;0.0
43;81;2;0.0
43;81;3;0.0
43;81;4;0.0
43;81;5;0.0
43;81;6;0.0
43;81;7;0.0
43;81;8;0.0
44;81;1;0.0
44;81;2;0.0
44;81;3;0.0
44;81;4;0.0
44;81;5;0.0
44;81;6;0.0
44;81;7;0.0
44;81;8;0.0
45;81;1;0.0
45;81;2;0.0
45;81;3;0.0
45;81;4;0.0
45;81;5;0.0
45;81;6;0.0
45;81;7;0.0
45;81;8;0.0
46;81;1;0.0
46;81;2;0.0
46;81;3;0.0
46;81;4;0.0
46;81;5;0.0
46;81;6;0.0
46;81;7;0.0
46;81;8;0.0
47;81;1;0.0
47;81;2;0.0
47;81;3;0.0
47;81;4;-3.6146960367267186e-11
47;81;5;0.0
47;81;6;0.0
47;81;7;0.0
47;81;8;0.0
48;81;1;0.0
48;81;2;0.0
48;81;3;0.0
48;81;4;0.0
48;81;5;0.0
48;81;6;0.0
48;81;7;0.0
48;81;8;0.0
49;81;1;0.0
49;81;2;0.0
49;81;3;0.0
49;81;4;0.0
49;81;5;0.0
49;81;6;0.0
49;81;7;0.0
49;81;8;0.0
50;81;1;0.0
50;81;2;0.0
50;81;3;0.0
50;81;4;0.0
50;81;5;0.0
50;81;6;0.0
50;81;7;0.0
50;81;8;0.0
51;81;1;0.0
51;81;2;0.0
51;81;3;0.0
51;81;4;0.0
51;81;5;0.0
51;81;6;0.0
51;81;7;0.0
51;81;8;0.0
52;81;1;0.0
52;81;2;0.0
52;81;3;0.0
52;81;4;-1.2117513016406363e-13
52;81;5;0.0
52;81;6;0.0
52;81;7;0.0
52;81;8;0.0
53;81;1;0.0
53;81;2;0.0
53;81;3;0.0
53;81;4;0.0
53;81;5;0.0
53;81;6;0.0
53;81;7;0.0
53;81;8;0.0
54;81;1;0.0
54;81;2;0.0
54;81;3;0.0
54;81;4;-9.006920369872294e-15
54;81;5;0.0
54;81;6;0.0
54;81;7;0.0
54;81;8;0.0
55;81;1;0.0
55;81;2;0.0
55;81;3;0.0
55;81;4;0.0
55;81;5;0.0
55;81;6;0.0
55;81;7;0.0
55;81;8;0.0
56;81;1;0.0
56;81;2;0.0
56;81;3;0.0
56;81;4;0.0
56;81;5;0.0
56;81;6;0.0
56;81;7;0.0
56;81;8;0.0
57;81;1;0.0
57;81;2;0.0
57;81;3;0.0
57;81;4;0.0
57;81;5;0.0
57;81;6;0.0
57;81;7;0.0
57;81;8;0.0
58;81;1;0.0
58;81;2;0.0
58;81;3;0.0
58;81;4;0.0
58;81;5;0.0
58;81;6;0.0
58;81;7;0.0
58;81;8;0.0
59;81;1;0.0
59;81;2;0.0
59;81;3;0.0
59;81;4;0.0
59;81;5;0.0
59;81;6;0.0
59;81;7;0.0
59;81;8;0.0
1;82;1;0.0
1;82;2;0.0
1;82;3;0.0
1;82;4;0.0
1;82;5;0.0
1;82;6;0.0
1;82;7;0.0
1;82;8;0.0
2;82;1;0.0
2;82;2;0.0
2;82;3;0.0
2;82;4;0.0
2;82;5;0.0
2;82;6;0.0
2;82;7;0.0
2;82;8;0.0
3;82;1;0.0
3;82;2;0.0
3;82;3;0.0
3;82;4;0.0
3;82;5;0.0
3;82;6;0.0
3;82;7;0.0
3;82;8;0.0
4;82;1;0.0
4;82;2;0.0
4;82;3;0.0
4;82;4;0.0
4;82;5;0.0
4;82;6;0.0
4;82;7;0.0
4;82;8;0.0
5;82;1;0.0
5;82;2;0.0
5;82;3;0.0
5;82;4;0.0
5;82;5;0.0
5;82;6;0.0
5;82;7;0.0
5;82;8;0.0
6;82;1;0.0
6;82;2;0.0
6;82;3;0.0
6;82;4;0.0
6;82;5;0.0
6;82;6;0.0
6;82;7;0.0
6;82;8;0.0
7;82;1;0.0
7;82;2;0.0
7;82;3;0.0
7;82;4;0.0
7;82;5;0.0
7;82;6;0.0
7;82;7;0.0
7;82;8;0.0
8;82;1;0.0
8;82;2;0.0
8;82;3;0.0
8;82;4;0.0
8;82;5;0.0
8;82;6;0.0
8;82;7;0.0
8;82;8;0.0
9;82;1;0.0
9;82;2;0.0
9;82;3;0.0
9;82;4;0.0
9;82;5;0.0
9;82;6;0.0
9;82;7;0.0
9;82;8;0.0
10;82;1;0.0
10;82;2;0.0
10;82;3;0.0
10;82;4;0.0
10;82;5;0.0
10;82;6;0.0
10;82;7;0.0
10;82;8;0.0
11;82;1;0.0
11;82;2;0.0
11;82;3;0.0
11;82;4;0.0
11;82;5;0.0
11;82;6;0.0
11;82;7;0.0
11;82;8;0.0
12;82;1;0.0
12;82;2;0.0
12;82;3;0.0
12;82;4;0.0
12;82;5;0.0
12;82;6;0.0
12;82;7;0.0
12;82;8;0.0
13;82;1;0.0
13;82;2;0.0
13;82;3;0.0
13;82;4;0.0
13;82;5;0.0
13;82;6;0.0
13;82;7;0.0
13;82;8;0.0
14;82;1;0.0
14;82;2;0.0
14;82;3;0.0
14;82;4;0.0
14;82;5;0.0
14;82;6;0.0
14;82;7;0.0
14;82;8;0.0
15;82;1;0.0
15;82;2;0.0
15;82;3;0.0
15;82;4;0.0
15;82;5;0.0
15;82;6;0.0
15;82;7;0.0
15;82;8;0.0
16;82;1;0.0
16;82;2;0.0
16;82;3;0.0
16;82;4;0.0
16;82;5;0.0
16;82;6;0.0
16;82;7;0.0
16;82;8;0.0
17;82;1;0.0
17;82;2;0.0
17;82;3;0.0
17;82;4;-8.960484908836763e-12
17;82;5;0.0
17;82;6;0.0
17;82;7;0.0
17;82;8;0.0
18;82;1;0.0
18;82;2;0.0
18;82;3;0.0
18;82;4;0.0
18;82;5;0.0
18;82;6;0.0
18;82;7;0.0
18;82;8;0.0
19;82;1;0.0
19;82;2;0.0
19;82;3;0.0
19;82;4;0.0
19;82;5;0.0
19;82;6;0.0
19;82;7;0.0
19;82;8;0.0
20;82;1;0.0
20;82;2;0.0
20;82;3;0.0
20;82;4;0.0
20;82;5;0.0
20;82;6;0.0
20;82;7;0.0
20;82;8;0.0
21;82;1;0.0
21;82;2;0.0
21;82;3;0.0
21;82;4;-0.9999999991596357
21;82;5;0.0
21;82;6;0.0
21;82;7;0.0
21;82;8;0.0
22;82;1;-1.8061703470635985e-17
22;82;2;-1.8061703470635985e-17
22;82;3;0.0
22;82;4;-8.038565368906347e-10
22;82;5;-1.8061703470635985e-17
22;82;6;-1.8061703470635985e-17
22;82;7;-1.8061703470635985e-17
22;82;8;-1.8061703470635985e-17
23;82;1;0.0
23;82;2;0.0
23;82;3;0.0
23;82;4;0.0
23;82;5;0.0
23;82;6;0.0
23;82;7;0.0
23;82;8;0.0
24;82;1;0.0
24;82;2;0.0
24;82;3;0.0
24;82;4;0.0
24;82;5;0.0
24;82;6;0.0
24;82;7;0.0
24;82;8;0.0
25;82;1;0.0
25;82;2;0.0
25;82;3;0.0
25;82;4;0.0
25;82;5;0.0
25;82;6;0.0
25;82;7;0.0
25;82;8;0.0
26;82;1;0.0
26;82;2;0.0
26;82;3;0.0
26;82;4;0.0
26;82;5;0.0
26;82;6;0.0
26;82;7;0.0
26;82;8;0.0
27;82;1;0.0
27;82;2;0.0
27;82;3;0.0
27;82;4;0.0
27;82;5;0.0
27;82;6;0.0
27;82;7;0.0
27;82;8;0.0
28;82;1;0.0
28;82;2;0.0
28;82;3;0.0
28;82;4;0.0
28;82;5;0.0
28;82;6;0.0
28;82;7;0.0
28;82;8;0.0
29;82;1;0.0
29;82;2;0.0
29;82;3;0.0
29;82;4;0.0
29;82;5;0.0
29;82;6;0.0
29;82;7;0.0
29;82;8;0.0
30;82;1;0.0
30;82;2;0.0
30;82;3;0.0
30;82;4;0.0
30;82;5;0.0
30;82;6;0.0
30;82;7;0.0
30;82;8;0.0
31;82;1;0.0
31;82;2;0.0
31;82;3;0.0
31;82;4;0.0
31;82;5;0.0
31;82;6;0.0
31;82;7;0.0
31;82;8;0.0
32;82;1;0.0
32;82;2;0.0
32;82;3;0.0
32;82;4;0.0
32;82;5;0.0
32;82;6;0.0
32;82;7;0.0
32;82;8;0.0
33;82;1;0.0
33;82;2;0.0
33;82;3;0.0
33;82;4;0.0
33;82;5;0.0
33;82;6;0.0
33;82;7;0.0
33;82;8;0.0
34;82;1;0.0
34;82;2;0.0
34;82;3;0.0
34;82;4;0.0
34;82;5;0.0
34;82;6;0.0
34;82;7;0.0
34;82;8;0.0
35;82;1;0.0
35;82;2;0.0
35;82;3;0.0
35;82;4;0.0
35;82;5;0.0
35;82;6;0.0
35;82;7;0.0
35;82;8;0.0
36;82;1;0.0
36;82;2;0.0
36;82;3;0.0
36;82;4;0.0
36;82;5;0.0
36;82;6;0.0
36;82;7;0.0
36;82;8;0.0
37;82;1;0.0
37;82;2;0.0
37;82;3;0.0
37;82;4;0.0
37;82;5;0.0
37;82;6;0.0
37;82;7;0.0
37;82;8;0.0
38;82;1;0.0
38;82;2;0.0
38;82;3;0.0
38;82;4;0.0
38;82;5;0.0
38;82;6;0.0
38;82;7;0.0
38;82;8;0.0
39;82;1;0.0
39;82;2;0.0
39;82;3;0.0
39;82;4;0.0
39;82;5;0.0
39;82;6;0.0
39;82;7;0.0
39;82;8;0.0
40;82;1;0.0
40;82;2;0.0
40;82;3;0.0
40;82;4;0.0
40;82;5;0.0
40;82;6;0.0
40;82;7;0.0
40;82;8;0.0
41;82;1;0.0
41;82;2;0.0
41;82;3;0.0
41;82;4;0.0
41;82;5;0.0
41;82;6;0.0
41;82;7;0.0
41;82;8;0.0
42;82;1;0.0
42;82;2;0.0
42;82;3;0.0
42;82;4;0.0
42;82;5;0.0
42;82;6;0.0
42;82;7;0.0
42;82;8;0.0
43;82;1;0.0
43;82;2;0.0
43;82;3;0.0
43;82;4;0.0
43;82;5;0.0
43;82;6;0.0
43;82;7;0.0
43;82;8;0.0
44;82;1;0.0
44;82;2;0.0
44;82;3;0.0
44;82;4;0.0
44;82;5;0.0
44;82;6;0.0
44;82;7;0.0
44;82;8;0.0
45;82;1;0.0
45;82;2;0.0
45;82;3;0.0
45;82;4;0.0
45;82;5;0.0
45;82;6;0.0
45;82;7;0.0
45;82;8;0.0
46;82;1;0.0
46;82;2;0.0
46;82;3;0.0
46;82;4;0.0
46;82;5;0.0
46;82;6;0.0
46;82;7;0.0
46;82;8;0.0
47;82;1;0.0
47;82;2;0.0
47;82;3;0.0
47;82;4;-2.4803256097131296e-11
47;82;5;0.0
47;82;6;0.0
47;82;7;0.0
47;82;8;0.0
48;82;1;0.0
48;82;2;0.0
48;82;3;0.0
48;82;4;0.0
48;82;5;0.0
48;82;6;0.0
48;82;7;0.0
48;82;8;0.0
49;82;1;0.0
49;82;2;0.0
49;82;3;0.0
49;82;4;0.0
49;82;5;0.0
49;82;6;0.0
49;82;7;0.0
49;82;8;0.0
50;82;1;0.0
50;82;2;0.0
50;82;3;0.0
50;82;4;0.0
50;82;5;0.0
50;82;6;0.0
50;82;7;0.0
50;82;8;0.0
51;82;1;0.0
51;82;2;0.0
51;82;3;0.0
51;82;4;0.0
51;82;5;0.0
51;82;6;0.0
51;82;7;0.0
51;82;8;0.0
52;82;1;0.0
52;82;2;0.0
52;82;3;0.0
52;82;4;-2.589779560496959e-13
52;82;5;0.0
52;82;6;0.0
52;82;7;0.0
52;82;8;0.0
53;82;1;0.0
53;82;2;0.0
53;82;3;0.0
53;82;4;0.0
53;82;5;0.0
53;82;6;0.0
53;82;7;0.0
53;82;8;0.0
54;82;1;0.0
54;82;2;0.0
54;82;3;0.0
54;82;4;-8.421396748755373e-15
54;82;5;0.0
54;82;6;0.0
54;82;7;0.0
54;82;8;0.0
55;82;1;0.0
55;82;2;0.0
55;82;3;0.0
55;82;4;0.0
55;82;5;0.0
55;82;6;0.0
55;82;7;0.0
55;82;8;0.0
56;82;1;0.0
56;82;2;0.0
56;82;3;0.0
56;82;4;0.0
56;82;5;0.0
56;82;6;0.0
56;82;7;0.0
56;82;8;0.0
57;82;1;0.0
57;82;2;0.0
57;82;3;0.0
57;82;4;0.0
57;82;5;0.0
57;82;6;0.0
57;82;7;0.0
57;82;8;0.0
58;82;1;0.0
58;82;2;0.0
58;82;3;0.0
58;82;4;0.0
58;82;5;0.0
58;82;6;0.0
58;82;7;0.0
58;82;8;0.0
59;82;1;0.0
59;82;2;0.0
59;82;3;0.0
59;82;4;0.0
59;82;5;0.0
59;82;6;0.0
59;82;7;0.0
59;82;8;0.0
1;83;1;0.0
1;83;2;0.0
1;83;3;0.0
1;83;4;0.0
1;83;5;0.0
1;83;6;0.0
1;83;7;0.0
1;83;8;0.0
2;83;1;0.0
2;83;2;0.0
2;83;3;0.0
2;83;4;0.0
2;83;5;0.0
2;83;6;0.0
2;83;7;0.0
2;83;8;0.0
3;83;1;0.0
3;83;2;0.0
3;83;3;0.0
3;83;4;0.0
3;83;5;0.0
3;83;6;0.0
3;83;7;0.0
3;83;8;0.0
4;83;1;0.0
4;83;2;0.0
4;83;3;0.0
4;83;4;0.0
4;83;5;0.0
4;83;6;0.0
4;83;7;0.0
4;83;8;0.0
5;83;1;0.0
5;83;2;0.0
5;83;3;0.0
5;83;4;0.0
5;83;5;0.0
5;83;6;0.0
5;83;7;0.0
5;83;8;0.0
6;83;1;0.0
6;83;2;0.0
6;83;3;0.0
6;83;4;0.0
6;83;5;0.0
6;83;6;0.0
6;83;7;0.0
6;83;8;0.0
7;83;1;0.0
7;83;2;0.0
7;83;3;0.0
7;83;4;0.0
7;83;5;0.0
7;83;6;0.0
7;83;7;0.0
7;83;8;0.0
8;83;1;0.0
8;83;2;0.0
8;83;3;0.0
8;83;4;0.0
8;83;5;0.0
8;83;6;0.0
8;83;7;0.0
8;83;8;0.0
9;83;1;0.0
9;83;2;0.0
9;83;3;0.0
9;83;4;0.0
9;83;5;0.0
9;83;6;0.0
9;83;7;0.0
9;83;8;0.0
10;83;1;0.0
10;83;2;0.0
10;83;3;0.0
10;83;4;0.0
10;83;5;0.0
10;83;6;0.0
10;83;7;0.0
10;83;8;0.0
11;83;1;0.0
11;83;2;0.0
11;83;3;0.0
11;83;4;0.0
11;83;5;0.0
11;83;6;0.0
11;83;7;0.0
11;83;8;0.0
12;83;1;0.0
12;83;2;0.0
12;83;3;0.0
12;83;4;0.0
12;83;5;0.0
12;83;6;0.0
12;83;7;0.0
12;83;8;0.0
13;83;1;0.0
13;83;2;0.0
13;83;3;0.0
13;83;4;0.0
13;83;5;0.0
13;83;6;0.0
13;83;7;0.0
13;83;8;0.0
14;83;1;0.0
14;83;2;0.0
14;83;3;0.0
14;83;4;0.0
14;83;5;0.0
14;83;6;0.0
14;83;7;0.0
14;83;8;0.0
15;83;1;0.0
15;83;2;0.0
15;83;3;0.0
15;83;4;0.0
15;83;5;0.0
15;83;6;0.0
15;83;7;0.0
15;83;8;0.0
16;83;1;0.0
16;83;2;0.0
16;83;3;0.0
16;83;4;0.0
16;83;5;0.0
16;83;6;0.0
16;83;7;0.0
16;83;8;0.0
17;83;1;-9.274267590381245e-18
17;83;2;-9.274267590381245e-18
17;83;3;-4.0022554540212955e-17
17;83;4;-8.055690554228073e-12
17;83;5;-9.274267590381245e-18
17;83;6;-9.274267590381245e-18
17;83;7;-9.274267590381245e-18
17;83;8;-9.274267590381245e-18
18;83;1;0.0
18;83;2;0.0
18;83;3;0.0
18;83;4;0.0
18;83;5;0.0
18;83;6;0.0
18;83;7;0.0
18;83;8;0.0
19;83;1;0.0
19;83;2;0.0
19;83;3;0.0
19;83;4;0.0
19;83;5;0.0
19;83;6;0.0
19;83;7;0.0
19;83;8;0.0
20;83;1;0.0
20;83;2;0.0
20;83;3;-3.010339953049643e-17
20;83;4;0.0
20;83;5;0.0
20;83;6;0.0
20;83;7;0.0
20;83;8;0.0
21;83;1;-1.0661459233431311e-17
21;83;2;-1.0661459233431311e-17
21;83;3;-4.008581467248092e-17
21;83;4;-0.9999999989993392
21;83;5;-1.0661459233431311e-17
21;83;6;-1.0661459233431311e-17
21;83;7;-1.0661459233431311e-17
21;83;8;-1.0661459233431311e-17
22;83;1;-2.3170529014143017e-17
22;83;2;-2.3170529014143017e-17
22;83;3;-1.0246703381402258e-16
22;83;4;-9.782281651382618e-10
22;83;5;-2.3170529014143017e-17
22;83;6;-2.3170529014143017e-17
22;83;7;-2.3170529014143017e-17
22;83;8;-2.3170529014143017e-17
23;83;1;0.0
23;83;2;0.0
23;83;3;0.0
23;83;4;0.0
23;83;5;0.0
23;83;6;0.0
23;83;7;0.0
23;83;8;0.0
24;83;1;0.0
24;83;2;0.0
24;83;3;0.0
24;83;4;0.0
24;83;5;0.0
24;83;6;0.0
24;83;7;0.0
24;83;8;0.0
25;83;1;0.0
25;83;2;0.0
25;83;3;0.0
25;83;4;0.0
25;83;5;0.0
25;83;6;0.0
25;83;7;0.0
25;83;8;0.0
26;83;1;0.0
26;83;2;0.0
26;83;3;0.0
26;83;4;0.0
26;83;5;0.0
26;83;6;0.0
26;83;7;0.0
26;83;8;0.0
27;83;1;0.0
27;83;2;0.0
27;83;3;0.0
27;83;4;0.0
27;83;5;0.0
27;83;6;0.0
27;83;7;0.0
27;83;8;0.0
28;83;1;0.0
28;83;2;0.0
28;83;3;0.0
28;83;4;0.0
28;83;5;0.0
28;83;6;0.0
28;83;7;0.0
28;83;8;0.0
29;83;1;0.0
29;83;2;0.0
29;83;3;0.0
29;83;4;0.0
29;83;5;0.0
29;83;6;0.0
29;83;7;0.0
29;83;8;0.0
30;83;1;0.0
30;83;2;0.0
30;83;3;0.0
30;83;4;0.0
30;83;5;0.0
30;83;6;0.0
30;83;7;0.0
30;83;8;0.0
31;83;1;0.0
31;83;2;0.0
31;83;3;0.0
31;83;4;0.0
31;83;5;0.0
31;83;6;0.0
31;83;7;0.0
31;83;8;0.0
32;83;1;0.0
32;83;2;0.0
32;83;3;0.0
32;83;4;0.0
32;83;5;0.0
32;83;6;0.0
32;83;7;0.0
32;83;8;0.0
33;83;1;0.0
33;83;2;0.0
33;83;3;0.0
33;83;4;0.0
33;83;5;0.0
33;83;6;0.0
33;83;7;0.0
33;83;8;0.0
34;83;1;0.0
34;83;2;0.0
34;83;3;0.0
34;83;4;0.0
34;83;5;0.0
34;83;6;0.0
34;83;7;0.0
34;83;8;0.0
35;83;1;0.0
35;83;2;0.0
35;83;3;0.0
35;83;4;0.0
35;83;5;0.0
35;83;6;0.0
35;83;7;0.0
35;83;8;0.0
36;83;1;0.0
36;83;2;0.0
36;83;3;0.0
36;83;4;0.0
36;83;5;0.0
36;83;6;0.0
36;83;7;0.0
36;83;8;0.0
37;83;1;0.0
37;83;2;0.0
37;83;3;0.0
37;83;4;0.0
37;83;5;0.0
37;83;6;0.0
37;83;7;0.0
37;83;8;0.0
38;83;1;0.0
38;83;2;0.0
38;83;3;0.0
38;83;4;0.0
38;83;5;0.0
38;83;6;0.0
38;83;7;0.0
38;83;8;0.0
39;83;1;0.0
39;83;2;0.0
39;83;3;0.0
39;83;4;0.0
39;83;5;0.0
39;83;6;0.0
39;83;7;0.0
39;83;8;0.0
40;83;1;0.0
40;83;2;0.0
40;83;3;0.0
40;83;4;0.0
40;83;5;0.0
40;83;6;0.0
40;83;7;0.0
40;83;8;0.0
41;83;1;0.0
41;83;2;0.0
41;83;3;0.0
41;83;4;0.0
41;83;5;0.0
41;83;6;0.0
41;83;7;0.0
41;83;8;0.0
42;83;1;0.0
42;83;2;0.0
42;83;3;0.0
42;83;4;0.0
42;83;5;0.0
42;83;6;0.0
42;83;7;0.0
42;83;8;0.0
43;83;1;0.0
43;83;2;0.0
43;83;3;0.0
43;83;4;0.0
43;83;5;0.0
43;83;6;0.0
43;83;7;0.0
43;83;8;0.0
44;83;1;0.0
44;83;2;0.0
44;83;3;0.0
44;83;4;0.0
44;83;5;0.0
44;83;6;0.0
44;83;7;0.0
44;83;8;0.0
45;83;1;0.0
45;83;2;0.0
45;83;3;0.0
45;83;4;0.0
45;83;5;0.0
45;83;6;0.0
45;83;7;0.0
45;83;8;0.0
46;83;1;0.0
46;83;2;0.0
46;83;3;0.0
46;83;4;0.0
46;83;5;0.0
46;83;6;0.0
46;83;7;0.0
46;83;8;0.0
47;83;1;-1.7148428261230835e-17
47;83;2;-1.7148428261230835e-17
47;83;3;-9.359381623307175e-17
47;83;4;-1.454473307890894e-11
47;83;5;-1.7148428261230835e-17
47;83;6;-1.7148428261230835e-17
47;83;7;-1.7148428261230835e-17
47;83;8;-1.7148428261230835e-17
48;83;1;0.0
48;83;2;0.0
48;83;3;0.0
48;83;4;0.0
48;83;5;0.0
48;83;6;0.0
48;83;7;0.0
48;83;8;0.0
49;83;1;0.0
49;83;2;0.0
49;83;3;0.0
49;83;4;0.0
49;83;5;0.0
49;83;6;0.0
49;83;7;0.0
49;83;8;0.0
50;83;1;0.0
50;83;2;0.0
50;83;3;0.0
50;83;4;0.0
50;83;5;0.0
50;83;6;0.0
50;83;7;0.0
50;83;8;0.0
51;83;1;0.0
51;83;2;0.0
51;83;3;0.0
51;83;4;0.0
51;83;5;0.0
51;83;6;0.0
51;83;7;0.0
51;83;8;0.0
52;83;1;0.0
52;83;2;0.0
52;83;3;0.0
52;83;4;-2.6137999903209795e-13
52;83;5;0.0
52;83;6;0.0
52;83;7;0.0
52;83;8;0.0
53;83;1;0.0
53;83;2;0.0
53;83;3;0.0
53;83;4;0.0
53;83;5;0.0
53;83;6;0.0
53;83;7;0.0
53;83;8;0.0
54;83;1;0.0
54;83;2;0.0
54;83;3;0.0
54;83;4;-7.957453707737374e-15
54;83;5;0.0
54;83;6;0.0
54;83;7;0.0
54;83;8;0.0
55;83;1;0.0
55;83;2;0.0
55;83;3;0.0
55;83;4;0.0
55;83;5;0.0
55;83;6;0.0
55;83;7;0.0
55;83;8;0.0
56;83;1;0.0
56;83;2;0.0
56;83;3;0.0
56;83;4;0.0
56;83;5;0.0
56;83;6;0.0
56;83;7;0.0
56;83;8;0.0
57;83;1;0.0
57;83;2;0.0
57;83;3;0.0
57;83;4;0.0
57;83;5;0.0
57;83;6;0.0
57;83;7;0.0
57;83;8;0.0
58;83;1;0.0
58;83;2;0.0
58;83;3;0.0
58;83;4;0.0
58;83;5;0.0
58;83;6;0.0
58;83;7;0.0
58;83;8;0.0
59;83;1;0.0
59;83;2;0.0
59;83;3;0.0
59;83;4;0.0
59;83;5;0.0
59;83;6;0.0
59;83;7;0.0
59;83;8;0.0
1;84;1;0.0
1;84;2;0.0
1;84;3;0.0
1;84;4;0.0
1;84;5;0.0
1;84;6;0.0
1;84;7;0.0
1;84;8;0.0
2;84;1;0.0
2;84;2;0.0
2;84;3;0.0
2;84;4;0.0
2;84;5;0.0
2;84;6;0.0
2;84;7;0.0
2;84;8;0.0
3;84;1;0.0
3;84;2;0.0
3;84;3;0.0
3;84;4;0.0
3;84;5;0.0
3;84;6;0.0
3;84;7;0.0
3;84;8;0.0
4;84;1;0.0
4;84;2;0.0
4;84;3;0.0
4;84;4;0.0
4;84;5;0.0
4;84;6;0.0
4;84;7;0.0
4;84;8;0.0
5;84;1;0.0
5;84;2;0.0
5;84;3;0.0
5;84;4;0.0
5;84;5;0.0
5;84;6;0.0
5;84;7;0.0
5;84;8;0.0
6;84;1;0.0
6;84;2;0.0
6;84;3;0.0
6;84;4;0.0
6;84;5;0.0
6;84;6;0.0
6;84;7;0.0
6;84;8;0.0
7;84;1;0.0
7;84;2;0.0
7;84;3;0.0
7;84;4;0.0
7;84;5;0.0
7;84;6;0.0
7;84;7;0.0
7;84;8;0.0
8;84;1;0.0
8;84;2;0.0
8;84;3;0.0
8;84;4;0.0
8;84;5;0.0
8;84;6;0.0
8;84;7;0.0
8;84;8;0.0
9;84;1;0.0
9;84;2;0.0
9;84;3;0.0
9;84;4;0.0
9;84;5;0.0
9;84;6;0.0
9;84;7;0.0
9;84;8;0.0
10;84;1;0.0
10;84;2;0.0
10;84;3;0.0
10;84;4;0.0
10;84;5;0.0
10;84;6;0.0
10;84;7;0.0
10;84;8;0.0
11;84;1;0.0
11;84;2;0.0
11;84;3;0.0
11;84;4;0.0
11;84;5;0.0
11;84;6;0.0
11;84;7;0.0
11;84;8;0.0
12;84;1;0.0
12;84;2;0.0
12;84;3;0.0
12;84;4;0.0
12;84;5;0.0
12;84;6;0.0
12;84;7;0.0
12;84;8;0.0
13;84;1;0.0
13;84;2;0.0
13;84;3;0.0
13;84;4;0.0
13;84;5;0.0
13;84;6;0.0
13;84;7;0.0
13;84;8;0.0
14;84;1;0.0
14;84;2;0.0
14;84;3;0.0
14;84;4;0.0
14;84;5;0.0
14;84;6;0.0
14;84;7;0.0
14;84;8;0.0
15;84;1;0.0
15;84;2;0.0
15;84;3;0.0
15;84;4;0.0
15;84;5;0.0
15;84;6;0.0
15;84;7;0.0
15;84;8;0.0
16;84;1;0.0
16;84;2;0.0
16;84;3;0.0
16;84;4;0.0
16;84;5;0.0
16;84;6;0.0
16;84;7;0.0
16;84;8;0.0
17;84;1;-1.10105386757006e-17
17;84;2;-1.10105386757006e-17
17;84;3;-5.080730306571565e-17
17;84;4;-8.057969381473965e-12
17;84;5;-1.10105386757006e-17
17;84;6;-1.10105386757006e-17
17;84;7;-1.10105386757006e-17
17;84;8;-1.10105386757006e-17
18;84;1;0.0
18;84;2;0.0
18;84;3;0.0
18;84;4;0.0
18;84;5;0.0
18;84;6;0.0
18;84;7;0.0
18;84;8;0.0
19;84;1;0.0
19;84;2;0.0
19;84;3;0.0
19;84;4;0.0
19;84;5;0.0
19;84;6;0.0
19;84;7;0.0
19;84;8;0.0
20;84;1;0.0
20;84;2;0.0
20;84;3;-3.601681917820881e-17
20;84;4;0.0
20;84;5;0.0
20;84;6;0.0
20;84;7;0.0
20;84;8;0.0
21;84;1;-1.1862748121941939e-17
21;84;2;-1.1862748121941939e-17
21;84;3;-5.328793294429721e-17
21;84;4;-0.9999999988261977
21;84;5;-1.1862748121941939e-17
21;84;6;-1.1862748121941939e-17
21;84;7;-1.1862748121941939e-17
21;84;8;-1.1862748121941939e-17
22;84;1;-2.632216537729916e-17
22;84;2;-2.632216537729916e-17
22;84;3;-1.3735473926651682e-16
22;84;4;-1.154794482260968e-09
22;84;5;-2.632216537729916e-17
22;84;6;-2.632216537729916e-17
22;84;7;-2.632216537729916e-17
22;84;8;-2.632216537729916e-17
23;84;1;0.0
23;84;2;0.0
23;84;3;0.0
23;84;4;0.0
23;84;5;0.0
23;84;6;0.0
23;84;7;0.0
23;84;8;0.0
24;84;1;0.0
24;84;2;0.0
24;84;3;0.0
24;84;4;0.0
24;84;5;0.0
24;84;6;0.0
24;84;7;0.0
24;84;8;0.0
25;84;1;0.0
25;84;2;0.0
25;84;3;0.0
25;84;4;0.0
25;84;5;0.0
25;84;6;0.0
25;84;7;0.0
25;84;8;0.0
26;84;1;0.0
26;84;2;0.0
26;84;3;0.0
26;84;4;0.0
26;84;5;0.0
26;84;6;0.0
26;84;7;0.0
26;84;8;0.0
27;84;1;0.0
27;84;2;0.0
27;84;3;0.0
27;84;4;0.0
27;84;5;0.0
27;84;6;0.0
27;84;7;0.0
27;84;8;0.0
28;84;1;0.0
28;84;2;0.0
28;84;3;0.0
28;84;4;0.0
28;84;5;0.0
28;84;6;0.0
28;84;7;0.0
28;84;8;0.0
29;84;1;0.0
29;84;2;0.0
29;84;3;0.0
29;84;4;0.0
29;84;5;0.0
29;84;6;0.0
29;84;7;0.0
29;84;8;0.0
30;84;1;0.0
30;84;2;0.0
30;84;3;0.0
30;84;4;0.0
30;84;5;0.0
30;84;6;0.0
30;84;7;0.0
30;84;8;0.0
31;84;1;0.0
31;84;2;0.0
31;84;3;0.0
31;84;4;0.0
31;84;5;0.0
31;84;6;0.0
31;84;7;0.0
31;84;8;0.0
32;84;1;0.0
32;84;2;0.0
32;84;3;0.0
32;84;4;0.0
32;84;5;0.0
32;84;6;0.0
32;84;7;0.0
32;84;8;0.0
33;84;1;0.0
33;84;2;0.0
33;84;3;0.0
33;84;4;0.0
33;84;5;0.0
33;84;6;0.0
33;84;7;0.0
33;84;8;0.0
34;84;1;0.0
34;84;2;0.0
34;84;3;0.0
34;84;4;0.0
34;84;5;0.0
34;84;6;0.0
34;84;7;0.0
34;84;8;0.0
35;84;1;0.0
35;84;2;0.0
35;84;3;0.0
35;84;4;0.0
35;84;5;0.0
35;84;6;0.0
35;84;7;0.0
35;84;8;0.0
36;84;1;0.0
36;84;2;0.0
36;84;3;0.0
36;84;4;0.0
36;84;5;0.0
36;84;6;0.0
36;84;7;0.0
36;84;8;0.0
37;84;1;0.0
37;84;2;0.0
37;84;3;0.0
37;84;4;0.0
37;84;5;0.0
37;84;6;0.0
37;84;7;0.0
37;84;8;0.0
38;84;1;0.0
38;84;2;0.0
38;84;3;0.0
38;84;4;0.0
38;84;5;0.0
38;84;6;0.0
38;84;7;0.0
38;84;8;0.0
39;84;1;0.0
39;84;2;0.0
39;84;3;0.0
39;84;4;0.0
39;84;5;0.0
39;84;6;0.0
39;84;7;0.0
39;84;8;0.0
40;84;1;0.0
40;84;2;0.0
40;84;3;0.0
40;84;4;0.0
40;84;5;0.0
40;84;6;0.0
40;84;7;0.0
40;84;8;0.0
41;84;1;0.0
41;84;2;0.0
41;84;3;0.0
41;84;4;0.0
41;84;5;0.0
41;84;6;0.0
41;84;7;0.0
41;84;8;0.0
42;84;1;0.0
42;84;2;0.0
42;84;3;0.0
42;84;4;0.0
42;84;5;0.0
42;84;6;0.0
42;84;7;0.0
42;84;8;0.0
43;84;1;0.0
43;84;2;0.0
43;84;3;0.0
43;84;4;0.0
43;84;5;0.0
43;84;6;0.0
43;84;7;0.0
43;84;8;0.0
44;84;1;0.0
44;84;2;0.0
44;84;3;0.0
44;84;4;0.0
44;84;5;0.0
44;84;6;0.0
44;84;7;0.0
44;84;8;0.0
45;84;1;0.0
45;84;2;0.0
45;84;3;0.0
45;84;4;0.0
45;84;5;0.0
45;84;6;0.0
45;84;7;0.0
45;84;8;0.0
46;84;1;0.0
46;84;2;0.0
46;84;3;0.0
46;84;4;0.0
46;84;5;0.0
46;84;6;0.0
46;84;7;0.0
46;84;8;0.0
47;84;1;-2.2237455996746074e-17
47;84;2;-2.2237455996746074e-17
47;84;3;-1.2443119912499638e-16
47;84;4;-1.407095646520854e-11
47;84;5;-2.2237455996746074e-17
47;84;6;-2.2237455996746074e-17
47;84;7;-2.2237455996746074e-17
47;84;8;-2.2237455996746074e-17
48;84;1;0.0
48;84;2;0.0
48;84;3;0.0
48;84;4;0.0
48;84;5;0.0
48;84;6;0.0
48;84;7;0.0
48;84;8;0.0
49;84;1;0.0
49;84;2;0.0
49;84;3;0.0
49;84;4;0.0
49;84;5;0.0
49;84;6;0.0
49;84;7;0.0
49;84;8;0.0
50;84;1;0.0
50;84;2;0.0
50;84;3;0.0
50;84;4;0.0
50;84;5;0.0
50;84;6;0.0
50;84;7;0.0
50;84;8;0.0
51;84;1;0.0
51;84;2;0.0
51;84;3;0.0
51;84;4;0.0
51;84;5;0.0
51;84;6;0.0
51;84;7;0.0
51;84;8;0.0
52;84;1;0.0
52;84;2;0.0
52;84;3;0.0
52;84;4;-2.634518732013902e-13
52;84;5;0.0
52;84;6;0.0
52;84;7;0.0
52;84;8;0.0
53;84;1;0.0
53;84;2;0.0
53;84;3;0.0
53;84;4;0.0
53;84;5;0.0
53;84;6;0.0
53;84;7;0.0
53;84;8;0.0
54;84;1;0.0
54;84;2;0.0
54;84;3;0.0
54;84;4;-8.898771895387791e-15
54;84;5;0.0
54;84;6;0.0
54;84;7;0.0
54;84;8;0.0
55;84;1;0.0
55;84;2;0.0
55;84;3;0.0
55;84;4;0.0
55;84;5;0.0
55;84;6;0.0
55;84;7;0.0
55;84;8;0.0
56;84;1;0.0
56;84;2;0.0
56;84;3;0.0
56;84;4;0.0
56;84;5;0.0
56;84;6;0.0
56;84;7;0.0
56;84;8;0.0
57;84;1;0.0
57;84;2;0.0
57;84;3;0.0
57;84;4;0.0
57;84;5;0.0
57;84;6;0.0
57;84;7;0.0
57;84;8;0.0
58;84;1;0.0
58;84;2;0.0
58;84;3;0.0
58;84;4;0.0
58;84;5;0.0
58;84;6;0.0
58;84;7;0.0
58;84;8;0.0
59;84;1;0.0
59;84;2;0.0
59;84;3;0.0
59;84;4;0.0
59;84;5;0.0
59;84;6;0.0
59;84;7;0.0
59;84;8;0.0
1;85;1;0.0
1;85;2;0.0
1;85;3;0.0
1;85;4;0.0
1;85;5;0.0
1;85;6;0.0
1;85;7;0.0
1;85;8;0.0
2;85;1;0.0
2;85;2;0.0
2;85;3;0.0
2;85;4;0.0
2;85;5;0.0
2;85;6;0.0
2;85;7;0.0
2;85;8;0.0
3;85;1;0.0
3;85;2;0.0
3;85;3;0.0
3;85;4;0.0
3;85;5;0.0
3;85;6;0.0
3;85;7;0.0
3;85;8;0.0
4;85;1;0.0
4;85;2;0.0
4;85;3;0.0
4;85;4;0.0
4;85;5;0.0
4;85;6;0.0
4;85;7;0.0
4;85;8;0.0
5;85;1;0.0
5;85;2;0.0
5;85;3;0.0
5;85;4;0.0
5;85;5;0.0
5;85;6;0.0
5;85;7;0.0
5;85;8;0.0
6;85;1;0.0
6;85;2;0.0
6;85;3;0.0
6;85;4;0.0
6;85;5;0.0
6;85;6;0.0
6;85;7;0.0
6;85;8;0.0
7;85;1;0.0
7;85;2;0.0
7;85;3;0.0
7;85;4;0.0
7;85;5;0.0
7;85;6;0.0
7;85;7;0.0
7;85;8;0.0
8;85;1;0.0
8;85;2;0.0
8;85;3;0.0
8;85;4;0.0
8;85;5;0.0
8;85;6;0.0
8;85;7;0.0
8;85;8;0.0
9;85;1;0.0
9;85;2;0.0
9;85;3;0.0
9;85;4;0.0
9;85;5;0.0
9;85;6;0.0
9;85;7;0.0
9;85;8;0.0
10;85;1;0.0
10;85;2;0.0
10;85;3;0.0
10;85;4;0.0
10;85;5;0.0
10;85;6;0.0
10;85;7;0.0
10;85;8;0.0
11;85;1;0.0
11;85;2;0.0
11;85;3;0.0
11;85;4;0.0
11;85;5;0.0
11;85;6;0.0
11;85;7;0.0
11;85;8;0.0
12;85;1;0.0
12;85;2;0.0
12;85;3;0.0
12;85;4;0.0
12;85;5;0.0
12;85;6;0.0
12;85;7;0.0
12;85;8;0.0
13;85;1;0.0
13;85;2;0.0
13;85;3;0.0
13;85;4;0.0
13;85;5;0.0
13;85;6;0.0
13;85;7;0.0
13;85;8;0.0
14;85;1;0.0
14;85;2;0.0
14;85;3;0.0
14;85;4;0.0
14;85;5;0.0
14;85;6;0.0
14;85;7;0.0
14;85;8;0.0
15;85;1;0.0
15;85;2;0.0
15;85;3;0.0
15;85;4;0.0
15;85;5;0.0
15;85;6;0.0
15;85;7;0.0
15;85;8;0.0
16;85;1;0.0
16;85;2;0.0
16;85;3;0.0
16;85;4;0.0
16;85;5;0.0
16;85;6;0.0
16;85;7;0.0
16;85;8;0.0
17;85;1;-1.2716042791420463e-17
17;85;2;-1.2716042791420463e-17
17;85;3;-5.783757597565115e-17
17;85;4;-6.98146344633468e-16
17;85;5;-1.2716042791420463e-17
17;85;6;-1.2716042791420463e-17
17;85;7;-1.2716042791420463e-17
17;85;8;-1.2716042791420463e-17
18;85;1;0.0
18;85;2;0.0
18;85;3;0.0
18;85;4;0.0
18;85;5;0.0
18;85;6;0.0
18;85;7;0.0
18;85;8;0.0
19;85;1;0.0
19;85;2;0.0
19;85;3;0.0
19;85;4;0.0
19;85;5;0.0
19;85;6;0.0
19;85;7;0.0
19;85;8;0.0
20;85;1;0.0
20;85;2;0.0
20;85;3;-3.495746041285957e-17
20;85;4;0.0
20;85;5;0.0
20;85;6;0.0
20;85;7;0.0
20;85;8;0.0
21;85;1;-1.3735653976451492e-17
21;85;2;-1.3735653976451492e-17
21;85;3;-6.367345087494286e-17
21;85;4;-1.2752893043772515e-15
21;85;5;-1.3735653976451492e-17
21;85;6;-1.3735653976451492e-17
21;85;7;-1.3735653976451492e-17
21;85;8;-1.3735653976451492e-17
22;85;1;-2.8403907473164445e-17
22;85;2;-2.8403907473164445e-17
22;85;3;-1.4173865452555702e-16
22;85;4;-0.0
22;85;5;-2.8403907473164445e-17
22;85;6;-2.8403907473164445e-17
22;85;7;-2.8403907473164445e-17
22;85;8;-2.8403907473164445e-17
23;85;1;0.0
23;85;2;0.0
23;85;3;0.0
23;85;4;0.0
23;85;5;0.0
23;85;6;0.0
23;85;7;0.0
23;85;8;0.0
24;85;1;0.0
24;85;2;0.0
24;85;3;0.0
24;85;4;0.0
24;85;5;0.0
24;85;6;0.0
24;85;7;0.0
24;85;8;0.0
25;85;1;0.0
25;85;2;0.0
25;85;3;0.0
25;85;4;0.0
25;85;5;0.0
25;85;6;0.0
25;85;7;0.0
25;85;8;0.0
26;85;1;0.0
26;85;2;0.0
26;85;3;0.0
26;85;4;0.0
26;85;5;0.0
26;85;6;0.0
26;85;7;0.0
26;85;8;0.0
27;85;1;0.0
27;85;2;0.0
27;85;3;0.0
27;85;4;0.0
27;85;5;0.0
27;85;6;0.0
27;85;7;0.0
27;85;8;0.0
28;85;1;0.0
28;85;2;0.0
28;85;3;0.0
28;85;4;0.0
28;85;5;0.0
28;85;6;0.0
28;85;7;0.0
28;85;8;0.0
29;85;1;0.0
29;85;2;0.0
29;85;3;0.0
29;85;4;0.0
29;85;5;0.0
29;85;6;0.0
29;85;7;0.0
29;85;8;0.0
30;85;1;0.0
30;85;2;0.0
30;85;3;0.0
30;85;4;0.0
30;85;5;0.0
30;85;6;0.0
30;85;7;0.0
30;85;8;0.0
31;85;1;0.0
31;85;2;0.0
31;85;3;0.0
31;85;4;0.0
31;85;5;0.0
31;85;6;0.0
31;85;7;0.0
31;85;8;0.0
32;85;1;0.0
32;85;2;0.0
32;85;3;0.0
32;85;4;0.0
32;85;5;0.0
32;85;6;0.0
32;85;7;0.0
32;85;8;0.0
33;85;1;0.0
33;85;2;0.0
33;85;3;0.0
33;85;4;0.0
33;85;5;0.0
33;85;6;0.0
33;85;7;0.0
33;85;8;0.0
34;85;1;0.0
34;85;2;0.0
34;85;3;0.0
34;85;4;0.0
34;85;5;0.0
34;85;6;0.0
34;85;7;0.0
34;85;8;0.0
35;85;1;0.0
35;85;2;0.0
35;85;3;0.0
35;85;4;0.0
35;85;5;0.0
35;85;6;0.0
35;85;7;0.0
35;85;8;0.0
36;85;1;0.0
36;85;2;0.0
36;85;3;0.0
36;85;4;0.0
36;85;5;0.0
36;85;6;0.0
36;85;7;0.0
36;85;8;0.0
37;85;1;0.0
37;85;2;0.0
37;85;3;0.0
37;85;4;0.0
37;85;5;0.0
37;85;6;0.0
37;85;7;0.0
37;85;8;0.0
38;85;1;0.0
38;85;2;0.0
38;85;3;0.0
38;85;4;0.0
38;85;5;0.0
38;85;6;0.0
38;85;7;0.0
38;85;8;0.0
39;85;1;0.0
39;85;2;0.0
39;85;3;0.0
39;85;4;0.0
39;85;5;0.0
39;85;6;0.0
39;85;7;0.0
39;85;8;0.0
40;85;1;0.0
40;85;2;0.0
40;85;3;0.0
40;85;4;0.0
40;85;5;0.0
40;85;6;0.0
40;85;7;0.0
40;85;8;0.0
41;85;1;0.0
41;85;2;0.0
41;85;3;0.0
41;85;4;0.0
41;85;5;0.0
41;85;6;0.0
41;85;7;0.0
41;85;8;0.0
42;85;1;0.0
42;85;2;0.0
42;85;3;0.0
42;85;4;0.0
42;85;5;0.0
42;85;6;0.0
42;85;7;0.0
42;85;8;0.0
43;85;1;0.0
43;85;2;0.0
43;85;3;0.0
43;85;4;0.0
43;85;5;0.0
43;85;6;0.0
43;85;7;0.0
43;85;8;0.0
44;85;1;0.0
44;85;2;0.0
44;85;3;0.0
44;85;4;0.0
44;85;5;0.0
44;85;6;0.0
44;85;7;0.0
44;85;8;0.0
45;85;1;0.0
45;85;2;0.0
45;85;3;0.0
45;85;4;0.0
45;85;5;0.0
45;85;6;0.0
45;85;7;0.0
45;85;8;0.0
46;85;1;0.0
46;85;2;0.0
46;85;3;0.0
46;85;4;0.0
46;85;5;0.0
46;85;6;0.0
46;85;7;0.0
46;85;8;0.0
47;85;1;-2.7382882142361958e-17
47;85;2;-2.7382882142361958e-17
47;85;3;-1.283842820919226e-16
47;85;4;-1.8722221782001064e-15
47;85;5;-2.7382882142361958e-17
47;85;6;-2.7382882142361958e-17
47;85;7;-2.7382882142361958e-17
47;85;8;-2.7382882142361958e-17
48;85;1;0.0
48;85;2;0.0
48;85;3;0.0
48;85;4;0.0
48;85;5;0.0
48;85;6;0.0
48;85;7;0.0
48;85;8;0.0
49;85;1;0.0
49;85;2;0.0
49;85;3;0.0
49;85;4;0.0
49;85;5;0.0
49;85;6;0.0
49;85;7;0.0
49;85;8;0.0
50;85;1;0.0
50;85;2;0.0
50;85;3;0.0
50;85;4;0.0
50;85;5;0.0
50;85;6;0.0
50;85;7;0.0
50;85;8;0.0
51;85;1;0.0
51;85;2;0.0
51;85;3;0.0
51;85;4;0.0
51;85;5;0.0
51;85;6;0.0
51;85;7;0.0
51;85;8;0.0
52;85;1;0.0
52;85;2;0.0
52;85;3;0.0
52;85;4;-1.199037696388636e-15
52;85;5;0.0
52;85;6;0.0
52;85;7;0.0
52;85;8;0.0
53;85;1;0.0
53;85;2;0.0
53;85;3;0.0
53;85;4;0.0
53;85;5;0.0
53;85;6;0.0
53;85;7;0.0
53;85;8;0.0
54;85;1;0.0
54;85;2;0.0
54;85;3;0.0
54;85;4;-3.004493230562338e-16
54;85;5;0.0
54;85;6;0.0
54;85;7;0.0
54;85;8;0.0
55;85;1;0.0
55;85;2;0.0
55;85;3;0.0
55;85;4;0.0
55;85;5;0.0
55;85;6;0.0
55;85;7;0.0
55;85;8;0.0
56;85;1;0.0
56;85;2;0.0
56;85;3;0.0
56;85;4;0.0
56;85;5;0.0
56;85;6;0.0
56;85;7;0.0
56;85;8;0.0
57;85;1;0.0
57;85;2;0.0
57;85;3;0.0
57;85;4;0.0
57;85;5;0.0
57;85;6;0.0
57;85;7;0.0
57;85;8;0.0
58;85;1;0.0
58;85;2;0.0
58;85;3;0.0
58;85;4;0.0
58;85;5;0.0
58;85;6;0.0
58;85;7;0.0
58;85;8;0.0
59;85;1;0.0
59;85;2;0.0
59;85;3;0.0
59;85;4;0.0
59;85;5;0.0
59;85;6;0.0
59;85;7;0.0
59;85;8;0.0
1;86;1;0.0
1;86;2;0.0
1;86;3;0.0
1;86;4;0.0
1;86;5;0.0
1;86;6;0.0
1;86;7;0.0
1;86;8;0.0
2;86;1;0.0
2;86;2;0.0
2;86;3;0.0
2;86;4;0.0
2;86;5;0.0
2;86;6;0.0
2;86;7;0.0
2;86;8;0.0
3;86;1;0.0
3;86;2;0.0
3;86;3;0.0
3;86;4;0.0
3;86;5;0.0
3;86;6;0.0
3;86;7;0.0
3;86;8;0.0
4;86;1;0.0
4;86;2;0.0
4;86;3;0.0
4;86;4;0.0
4;86;5;0.0
4;86;6;0.0
4;86;7;0.0
4;86;8;0.0
5;86;1;0.0
5;86;2;0.0
5;86;3;0.0
5;86;4;0.0
5;86;5;0.0
5;86;6;0.0
5;86;7;0.0
5;86;8;0.0
6;86;1;0.0
6;86;2;0.0
6;86;3;0.0
6;86;4;0.0
6;86;5;0.0
6;86;6;0.0
6;86;7;0.0
6;86;8;0.0
7;86;1;0.0
7;86;2;0.0
7;86;3;0.0
7;86;4;0.0
7;86;5;0.0
7;86;6;0.0
7;86;7;0.0
7;86;8;0.0
8;86;1;0.0
8;86;2;0.0
8;86;3;0.0
8;86;4;0.0
8;86;5;0.0
8;86;6;0.0
8;86;7;0.0
8;86;8;0.0
9;86;1;0.0
9;86;2;0.0
9;86;3;0.0
9;86;4;0.0
9;86;5;0.0
9;86;6;0.0
9;86;7;0.0
9;86;8;0.0
10;86;1;0.0
10;86;2;0.0
10;86;3;0.0
10;86;4;0.0
10;86;5;0.0
10;86;6;0.0
10;86;7;0.0
10;86;8;0.0
11;86;1;0.0
11;86;2;0.0
11;86;3;0.0
11;86;4;0.0
11;86;5;0.0
11;86;6;0.0
11;86;7;0.0
11;86;8;0.0
12;86;1;0.0
12;86;2;0.0
12;86;3;0.0
12;86;4;0.0
12;86;5;0.0
12;86;6;0.0
12;86;7;0.0
12;86;8;0.0
13;86;1;0.0
13;86;2;0.0
13;86;3;0.0
13;86;4;0.0
13;86;5;0.0
13;86;6;0.0
13;86;7;0.0
13;86;8;0.0
14;86;1;0.0
14;86;2;0.0
14;86;3;0.0
14;86;4;0.0
14;86;5;0.0
14;86;6;0.0
14;86;7;0.0
14;86;8;0.0
15;86;1;0.0
15;86;2;0.0
15;86;3;0.0
15;86;4;0.0
15;86;5;0.0
15;86;6;0.0
15;86;7;0.0
15;86;8;0.0
16;86;1;0.0
16;86;2;0.0
16;86;3;0.0
16;86;4;0.0
16;86;5;0.0
16;86;6;0.0
16;86;7;0.0
16;86;8;0.0
17;86;1;-1.4694912191891195e-17
17;86;2;-1.4694912191891195e-17
17;86;3;-6.355789620774543e-17
17;86;4;-2.0410432362754553e-11
17;86;5;-1.4694912191891195e-17
17;86;6;-1.4694912191891195e-17
17;86;7;-1.4694912191891195e-17
17;86;8;-1.4694912191891195e-17
18;86;1;0.0
18;86;2;0.0
18;86;3;0.0
18;86;4;0.0
18;86;5;0.0
18;86;6;0.0
18;86;7;0.0
18;86;8;0.0
19;86;1;0.0
19;86;2;0.0
19;86;3;0.0
19;86;4;0.0
19;86;5;0.0
19;86;6;0.0
19;86;7;0.0
19;86;8;0.0
20;86;1;0.0
20;86;2;0.0
20;86;3;-3.951342214675706e-17
20;86;4;0.0
20;86;5;0.0
20;86;6;0.0
20;86;7;0.0
20;86;8;0.0
21;86;1;-1.647369436352905e-17
21;86;2;-1.647369436352905e-17
21;86;3;-7.275247831575337e-17
21;86;4;-0.9999999982191664
21;86;5;-1.647369436352905e-17
21;86;6;-1.647369436352905e-17
21;86;7;-1.647369436352905e-17
21;86;8;-1.647369436352905e-17
22;86;1;-3.1394493540831246e-17
22;86;2;-3.1394493540831246e-17
22;86;3;-1.5907714981468704e-16
22;86;4;-1.7598615897895797e-09
22;86;5;-3.1394493540831246e-17
22;86;6;-3.1394493540831246e-17
22;86;7;-3.1394493540831246e-17
22;86;8;-3.1394493540831246e-17
23;86;1;0.0
23;86;2;0.0
23;86;3;0.0
23;86;4;0.0
23;86;5;0.0
23;86;6;0.0
23;86;7;0.0
23;86;8;0.0
24;86;1;0.0
24;86;2;0.0
24;86;3;0.0
24;86;4;0.0
24;86;5;0.0
24;86;6;0.0
24;86;7;0.0
24;86;8;0.0
25;86;1;0.0
25;86;2;0.0
25;86;3;0.0
25;86;4;0.0
25;86;5;0.0
25;86;6;0.0
25;86;7;0.0
25;86;8;0.0
26;86;1;0.0
26;86;2;0.0
26;86;3;0.0
26;86;4;0.0
26;86;5;0.0
26;86;6;0.0
26;86;7;0.0
26;86;8;0.0
27;86;1;0.0
27;86;2;0.0
27;86;3;0.0
27;86;4;0.0
27;86;5;0.0
27;86;6;0.0
27;86;7;0.0
27;86;8;0.0
28;86;1;0.0
28;86;2;0.0
28;86;3;0.0
28;86;4;0.0
28;86;5;0.0
28;86;6;0.0
28;86;7;0.0
28;86;8;0.0
29;86;1;0.0
29;86;2;0.0
29;86;3;0.0
29;86;4;0.0
29;86;5;0.0
29;86;6;0.0
29;86;7;0.0
29;86;8;0.0
30;86;1;0.0
30;86;2;0.0
30;86;3;0.0
30;86;4;0.0
30;86;5;0.0
30;86;6;0.0
30;86;7;0.0
30;86;8;0.0
31;86;1;0.0
31;86;2;0.0
31;86;3;0.0
31;86;4;0.0
31;86;5;0.0
31;86;6;0.0
31;86;7;0.0
31;86;8;0.0
32;86;1;0.0
32;86;2;0.0
32;86;3;0.0
32;86;4;0.0
32;86;5;0.0
32;86;6;0.0
32;86;7;0.0
32;86;8;0.0
33;86;1;0.0
33;86;2;0.0
33;86;3;0.0
33;86;4;0.0
33;86;5;0.0
33;86;6;0.0
33;86;7;0.0
33;86;8;0.0
34;86;1;0.0
34;86;2;0.0
34;86;3;0.0
34;86;4;0.0
34;86;5;0.0
34;86;6;0.0
34;86;7;0.0
34;86;8;0.0
35;86;1;0.0
35;86;2;0.0
35;86;3;0.0
35;86;4;0.0
35;86;5;0.0
35;86;6;0.0
35;86;7;0.0
35;86;8;0.0
36;86;1;0.0
36;86;2;0.0
36;86;3;0.0
36;86;4;0.0
36;86;5;0.0
36;86;6;0.0
36;86;7;0.0
36;86;8;0.0
37;86;1;0.0
37;86;2;0.0
37;86;3;0.0
37;86;4;0.0
37;86;5;0.0
37;86;6;0.0
37;86;7;0.0
37;86;8;0.0
38;86;1;0.0
38;86;2;0.0
38;86;3;0.0
38;86;4;0.0
38;86;5;0.0
38;86;6;0.0
38;86;7;0.0
38;86;8;0.0
39;86;1;0.0
39;86;2;0.0
39;86;3;0.0
39;86;4;0.0
39;86;5;0.0
39;86;6;0.0
39;86;7;0.0
39;86;8;0.0
40;86;1;0.0
40;86;2;0.0
40;86;3;0.0
40;86;4;0.0
40;86;5;0.0
40;86;6;0.0
40;86;7;0.0
40;86;8;0.0
41;86;1;0.0
41;86;2;0.0
41;86;3;0.0
41;86;4;0.0
41;86;5;0.0
41;86;6;0.0
41;86;7;0.0
41;86;8;0.0
42;86;1;0.0
42;86;2;0.0
42;86;3;0.0
42;86;4;0.0
42;86;5;0.0
42;86;6;0.0
42;86;7;0.0
42;86;8;0.0
43;86;1;0.0
43;86;2;0.0
43;86;3;0.0
43;86;4;0.0
43;86;5;0.0
43;86;6;0.0
43;86;7;0.0
43;86;8;0.0
44;86;1;0.0
44;86;2;0.0
44;86;3;0.0
44;86;4;0.0
44;86;5;0.0
44;86;6;0.0
44;86;7;0.0
44;86;8;0.0
45;86;1;0.0
45;86;2;0.0
45;86;3;0.0
45;86;4;0.0
45;86;5;0.0
45;86;6;0.0
45;86;7;0.0
45;86;8;0.0
46;86;1;0.0
46;86;2;0.0
46;86;3;0.0
46;86;4;0.0
46;86;5;0.0
46;86;6;0.0
46;86;7;0.0
46;86;8;0.0
47;86;1;-3.367219456260504e-17
47;86;2;-3.367219456260504e-17
47;86;3;-1.4014099983824542e-16
47;86;4;-1.2762454800459368e-12
47;86;5;-3.367219456260504e-17
47;86;6;-3.367219456260504e-17
47;86;7;-3.367219456260504e-17
47;86;8;-3.367219456260504e-17
48;86;1;0.0
48;86;2;0.0
48;86;3;0.0
48;86;4;0.0
48;86;5;0.0
48;86;6;0.0
48;86;7;0.0
48;86;8;0.0
49;86;1;0.0
49;86;2;0.0
49;86;3;0.0
49;86;4;0.0
49;86;5;0.0
49;86;6;0.0
49;86;7;0.0
49;86;8;0.0
50;86;1;0.0
50;86;2;0.0
50;86;3;0.0
50;86;4;0.0
50;86;5;0.0
50;86;6;0.0
50;86;7;0.0
50;86;8;0.0
51;86;1;0.0
51;86;2;0.0
51;86;3;0.0
51;86;4;0.0
51;86;5;0.0
51;86;6;0.0
51;86;7;0.0
51;86;8;0.0
52;86;1;0.0
52;86;2;0.0
52;86;3;0.0
52;86;4;-2.620309293881895e-13
52;86;5;0.0
52;86;6;0.0
52;86;7;0.0
52;86;8;0.0
53;86;1;0.0
53;86;2;0.0
53;86;3;0.0
53;86;4;0.0
53;86;5;0.0
53;86;6;0.0
53;86;7;0.0
53;86;8;0.0
54;86;1;0.0
54;86;2;0.0
54;86;3;0.0
54;86;4;-7.554420175063194e-15
54;86;5;0.0
54;86;6;0.0
54;86;7;0.0
54;86;8;0.0
55;86;1;0.0
55;86;2;0.0
55;86;3;0.0
55;86;4;0.0
55;86;5;0.0
55;86;6;0.0
55;86;7;0.0
55;86;8;0.0
56;86;1;0.0
56;86;2;0.0
56;86;3;0.0
56;86;4;0.0
56;86;5;0.0
56;86;6;0.0
56;86;7;0.0
56;86;8;0.0
57;86;1;0.0
57;86;2;0.0
57;86;3;0.0
57;86;4;0.0
57;86;5;0.0
57;86;6;0.0
57;86;7;0.0
57;86;8;0.0
58;86;1;0.0
58;86;2;0.0
58;86;3;0.0
58;86;4;0.0
58;86;5;0.0
58;86;6;0.0
58;86;7;0.0
58;86;8;0.0
59;86;1;0.0
59;86;2;0.0
59;86;3;0.0
59;86;4;0.0
59;86;5;0.0
59;86;6;0.0
59;86;7;0.0
59;86;8;0.0
1;87;1;0.0
1;87;2;0.0
1;87;3;0.0
1;87;4;0.0
1;87;5;0.0
1;87;6;0.0
1;87;7;0.0
1;87;8;0.0
2;87;1;0.0
2;87;2;0.0
2;87;3;0.0
2;87;4;0.0
2;87;5;0.0
2;87;6;0.0
2;87;7;0.0
2;87;8;0.0
3;87;1;0.0
3;87;2;0.0
3;87;3;0.0
3;87;4;0.0
3;87;5;0.0
3;87;6;0.0
3;87;7;0.0
3;87;8;0.0
4;87;1;0.0
4;87;2;0.0
4;87;3;0.0
4;87;4;0.0
4;87;5;0.0
4;87;6;0.0
4;87;7;0.0
4;87;8;0.0
5;87;1;0.0
5;87;2;0.0
5;87;3;0.0
5;87;4;0.0
5;87;5;0.0
5;87;6;0.0
5;87;7;0.0
5;87;8;0.0
6;87;1;0.0
6;87;2;0.0
6;87;3;0.0
6;87;4;0.0
6;87;5;0.0
6;87;6;0.0
6;87;7;0.0
6;87;8;0.0
7;87;1;0.0
7;87;2;0.0
7;87;3;0.0
7;87;4;0.0
7;87;5;0.0
7;87;6;0.0
7;87;7;0.0
7;87;8;0.0
8;87;1;0.0
8;87;2;0.0
8;87;3;0.0
8;87;4;0.0
8;87;5;0.0
8;87;6;0.0
8;87;7;0.0
8;87;8;0.0
9;87;1;0.0
9;87;2;0.0
9;87;3;0.0
9;87;4;0.0
9;87;5;0.0
9;87;6;0.0
9;87;7;0.0
9;87;8;0.0
10;87;1;0.0
10;87;2;0.0
10;87;3;0.0
10;87;4;0.0
10;87;5;0.0
10;87;6;0.0
10;87;7;0.0
10;87;8;0.0
11;87;1;0.0
11;87;2;0.0
11;87;3;0.0
11;87;4;0.0
11;87;5;0.0
11;87;6;0.0
11;87;7;0.0
11;87;8;0.0
12;87;1;0.0
12;87;2;0.0
12;87;3;0.0
12;87;4;0.0
12;87;5;0.0
12;87;6;0.0
12;87;7;0.0
12;87;8;0.0
13;87;1;0.0
13;87;2;0.0
13;87;3;0.0
13;87;4;0.0
13;87;5;0.0
13;87;6;0.0
13;87;7;0.0
13;87;8;0.0
14;87;1;0.0
14;87;2;0.0
14;87;3;0.0
14;87;4;0.0
14;87;5;0.0
14;87;6;0.0
14;87;7;0.0
14;87;8;0.0
15;87;1;0.0
15;87;2;0.0
15;87;3;0.0
15;87;4;0.0
15;87;5;0.0
15;87;6;0.0
15;87;7;0.0
15;87;8;0.0
16;87;1;0.0
16;87;2;0.0
16;87;3;0.0
16;87;4;0.0
16;87;5;0.0
16;87;6;0.0
16;87;7;0.0
16;87;8;0.0
17;87;1;-1.765795352939204e-17
17;87;2;-1.765795352939204e-17
17;87;3;-7.198494275988267e-17
17;87;4;-2.978052017920218e-11
17;87;5;-1.765795352939204e-17
17;87;6;-1.765795352939204e-17
17;87;7;-1.765795352939204e-17
17;87;8;-1.765795352939204e-17
18;87;1;0.0
18;87;2;0.0
18;87;3;0.0
18;87;4;0.0
18;87;5;0.0
18;87;6;0.0
18;87;7;0.0
18;87;8;0.0
19;87;1;0.0
19;87;2;0.0
19;87;3;0.0
19;87;4;0.0
19;87;5;0.0
19;87;6;0.0
19;87;7;0.0
19;87;8;0.0
20;87;1;0.0
20;87;2;0.0
20;87;3;-5.3487064626357357e-17
20;87;4;0.0
20;87;5;0.0
20;87;6;0.0
20;87;7;0.0
20;87;8;0.0
21;87;1;-2.1224193276049422e-17
21;87;2;-2.1224193276049422e-17
21;87;3;-8.611929050818975e-17
21;87;4;-0.9999999981416965
21;87;5;-2.1224193276049422e-17
21;87;6;-2.1224193276049422e-17
21;87;7;-2.1224193276049422e-17
21;87;8;-2.1224193276049422e-17
22;87;1;-3.521746369010699e-17
22;87;2;-3.521746369010699e-17
22;87;3;-2.0877226121262123e-16
22;87;4;-1.8286900882458212e-09
22;87;5;-3.521746369010699e-17
22;87;6;-3.521746369010699e-17
22;87;7;-3.521746369010699e-17
22;87;8;-3.521746369010699e-17
23;87;1;0.0
23;87;2;0.0
23;87;3;0.0
23;87;4;0.0
23;87;5;0.0
23;87;6;0.0
23;87;7;0.0
23;87;8;0.0
24;87;1;0.0
24;87;2;0.0
24;87;3;0.0
24;87;4;0.0
24;87;5;0.0
24;87;6;0.0
24;87;7;0.0
24;87;8;0.0
25;87;1;0.0
25;87;2;0.0
25;87;3;0.0
25;87;4;0.0
25;87;5;0.0
25;87;6;0.0
25;87;7;0.0
25;87;8;0.0
26;87;1;0.0
26;87;2;0.0
26;87;3;0.0
26;87;4;0.0
26;87;5;0.0
26;87;6;0.0
26;87;7;0.0
26;87;8;0.0
27;87;1;0.0
27;87;2;0.0
27;87;3;0.0
27;87;4;0.0
27;87;5;0.0
27;87;6;0.0
27;87;7;0.0
27;87;8;0.0
28;87;1;0.0
28;87;2;0.0
28;87;3;0.0
28;87;4;0.0
28;87;5;0.0
28;87;6;0.0
28;87;7;0.0
28;87;8;0.0
29;87;1;0.0
29;87;2;0.0
29;87;3;0.0
29;87;4;0.0
29;87;5;0.0
29;87;6;0.0
29;87;7;0.0
29;87;8;0.0
30;87;1;0.0
30;87;2;0.0
30;87;3;0.0
30;87;4;0.0
30;87;5;0.0
30;87;6;0.0
30;87;7;0.0
30;87;8;0.0
31;87;1;0.0
31;87;2;0.0
31;87;3;0.0
31;87;4;0.0
31;87;5;0.0
31;87;6;0.0
31;87;7;0.0
31;87;8;0.0
32;87;1;0.0
32;87;2;0.0
32;87;3;0.0
32;87;4;0.0
32;87;5;0.0
32;87;6;0.0
32;87;7;0.0
32;87;8;0.0
33;87;1;0.0
33;87;2;0.0
33;87;3;0.0
33;87;4;0.0
33;87;5;0.0
33;87;6;0.0
33;87;7;0.0
33;87;8;0.0
34;87;1;0.0
34;87;2;0.0
34;87;3;0.0
34;87;4;0.0
34;87;5;0.0
34;87;6;0.0
34;87;7;0.0
34;87;8;0.0
35;87;1;0.0
35;87;2;0.0
35;87;3;0.0
35;87;4;0.0
35;87;5;0.0
35;87;6;0.0
35;87;7;0.0
35;87;8;0.0
36;87;1;0.0
36;87;2;0.0
36;87;3;0.0
36;87;4;0.0
36;87;5;0.0
36;87;6;0.0
36;87;7;0.0
36;87;8;0.0
37;87;1;0.0
37;87;2;0.0
37;87;3;0.0
37;87;4;0.0
37;87;5;0.0
37;87;6;0.0
37;87;7;0.0
37;87;8;0.0
38;87;1;0.0
38;87;2;0.0
38;87;3;0.0
38;87;4;0.0
38;87;5;0.0
38;87;6;0.0
38;87;7;0.0
38;87;8;0.0
39;87;1;0.0
39;87;2;0.0
39;87;3;0.0
39;87;4;0.0
39;87;5;0.0
39;87;6;0.0
39;87;7;0.0
39;87;8;0.0
40;87;1;0.0
40;87;2;0.0
40;87;3;0.0
40;87;4;0.0
40;87;5;0.0
40;87;6;0.0
40;87;7;0.0
40;87;8;0.0
41;87;1;0.0
41;87;2;0.0
41;87;3;0.0
41;87;4;0.0
41;87;5;0.0
41;87;6;0.0
41;87;7;0.0
41;87;8;0.0
42;87;1;0.0
42;87;2;0.0
42;87;3;0.0
42;87;4;0.0
42;87;5;0.0
42;87;6;0.0
42;87;7;0.0
42;87;8;0.0
43;87;1;0.0
43;87;2;0.0
43;87;3;0.0
43;87;4;0.0
43;87;5;0.0
43;87;6;0.0
43;87;7;0.0
43;87;8;0.0
44;87;1;0.0
44;87;2;0.0
44;87;3;0.0
44;87;4;0.0
44;87;5;0.0
44;87;6;0.0
44;87;7;0.0
44;87;8;0.0
45;87;1;0.0
45;87;2;0.0
45;87;3;0.0
45;87;4;0.0
45;87;5;0.0
45;87;6;0.0
45;87;7;0.0
45;87;8;0.0
46;87;1;0.0
46;87;2;0.0
46;87;3;0.0
46;87;4;0.0
46;87;5;0.0
46;87;6;0.0
46;87;7;0.0
46;87;8;0.0
47;87;1;-4.359488651354432e-17
47;87;2;-4.359488651354432e-17
47;87;3;-1.5988174452355112e-16
47;87;4;-1.2649043506908118e-12
47;87;5;-4.359488651354432e-17
47;87;6;-4.359488651354432e-17
47;87;7;-4.359488651354432e-17
47;87;8;-4.359488651354432e-17
48;87;1;0.0
48;87;2;0.0
48;87;3;0.0
48;87;4;0.0
48;87;5;0.0
48;87;6;0.0
48;87;7;0.0
48;87;8;0.0
49;87;1;0.0
49;87;2;0.0
49;87;3;0.0
49;87;4;0.0
49;87;5;0.0
49;87;6;0.0
49;87;7;0.0
49;87;8;0.0
50;87;1;0.0
50;87;2;0.0
50;87;3;0.0
50;87;4;0.0
50;87;5;0.0
50;87;6;0.0
50;87;7;0.0
50;87;8;0.0
51;87;1;0.0
51;87;2;0.0
51;87;3;0.0
51;87;4;0.0
51;87;5;0.0
51;87;6;0.0
51;87;7;0.0
51;87;8;0.0
52;87;1;0.0
52;87;2;0.0
52;87;3;0.0
52;87;4;-2.6940812903356803e-13
52;87;5;0.0
52;87;6;0.0
52;87;7;0.0
52;87;8;0.0
53;87;1;0.0
53;87;2;0.0
53;87;3;0.0
53;87;4;0.0
53;87;5;0.0
53;87;6;0.0
53;87;7;0.0
53;87;8;0.0
54;87;1;0.0
54;87;2;0.0
54;87;3;0.0
54;87;4;-7.524115047905617e-15
54;87;5;0.0
54;87;6;0.0
54;87;7;0.0
54;87;8;0.0
55;87;1;0.0
55;87;2;0.0
55;87;3;0.0
55;87;4;0.0
55;87;5;0.0
55;87;6;0.0
55;87;7;0.0
55;87;8;0.0
56;87;1;0.0
56;87;2;0.0
56;87;3;0.0
56;87;4;0.0
56;87;5;0.0
56;87;6;0.0
56;87;7;0.0
56;87;8;0.0
57;87;1;0.0
57;87;2;0.0
57;87;3;0.0
57;87;4;0.0
57;87;5;0.0
57;87;6;0.0
57;87;7;0.0
57;87;8;0.0
58;87;1;0.0
58;87;2;0.0
58;87;3;0.0
58;87;4;0.0
58;87;5;0.0
58;87;6;0.0
58;87;7;0.0
58;87;8;0.0
59;87;1;0.0
59;87;2;0.0
59;87;3;0.0
59;87;4;0.0
59;87;5;0.0
59;87;6;0.0
59;87;7;0.0
59;87;8;0.0
1;88;1;0.0
1;88;2;0.0
1;88;3;0.0
1;88;4;0.0
1;88;5;0.0
1;88;6;0.0
1;88;7;0.0
1;88;8;0.0
2;88;1;0.0
2;88;2;0.0
2;88;3;0.0
2;88;4;0.0
2;88;5;0.0
2;88;6;0.0
2;88;7;0.0
2;88;8;0.0
3;88;1;0.0
3;88;2;0.0
3;88;3;0.0
3;88;4;0.0
3;88;5;0.0
3;88;6;0.0
3;88;7;0.0
3;88;8;0.0
4;88;1;0.0
4;88;2;0.0
4;88;3;0.0
4;88;4;0.0
4;88;5;0.0
4;88;6;0.0
4;88;7;0.0
4;88;8;0.0
5;88;1;0.0
5;88;2;0.0
5;88;3;0.0
5;88;4;0.0
5;88;5;0.0
5;88;6;0.0
5;88;7;0.0
5;88;8;0.0
6;88;1;0.0
6;88;2;0.0
6;88;3;0.0
6;88;4;0.0
6;88;5;0.0
6;88;6;0.0
6;88;7;0.0
6;88;8;0.0
7;88;1;0.0
7;88;2;0.0
7;88;3;0.0
7;88;4;0.0
7;88;5;0.0
7;88;6;0.0
7;88;7;0.0
7;88;8;0.0
8;88;1;0.0
8;88;2;0.0
8;88;3;0.0
8;88;4;0.0
8;88;5;0.0
8;88;6;0.0
8;88;7;0.0
8;88;8;0.0
9;88;1;0.0
9;88;2;0.0
9;88;3;0.0
9;88;4;0.0
9;88;5;0.0
9;88;6;0.0
9;88;7;0.0
9;88;8;0.0
10;88;1;0.0
10;88;2;0.0
10;88;3;0.0
10;88;4;0.0
10;88;5;0.0
10;88;6;0.0
10;88;7;0.0
10;88;8;0.0
11;88;1;0.0
11;88;2;0.0
11;88;3;0.0
11;88;4;0.0
11;88;5;0.0
11;88;6;0.0
11;88;7;0.0
11;88;8;0.0
12;88;1;0.0
12;88;2;0.0
12;88;3;0.0
12;88;4;0.0
12;88;5;0.0
12;88;6;0.0
12;88;7;0.0
12;88;8;0.0
13;88;1;0.0
13;88;2;0.0
13;88;3;0.0
13;88;4;0.0
13;88;5;0.0
13;88;6;0.0
13;88;7;0.0
13;88;8;0.0
14;88;1;0.0
14;88;2;0.0
14;88;3;0.0
14;88;4;0.0
14;88;5;0.0
14;88;6;0.0
14;88;7;0.0
14;88;8;0.0
15;88;1;0.0
15;88;2;0.0
15;88;3;0.0
15;88;4;0.0
15;88;5;0.0
15;88;6;0.0
15;88;7;0.0
15;88;8;0.0
16;88;1;0.0
16;88;2;0.0
16;88;3;0.0
16;88;4;0.0
16;88;5;0.0
16;88;6;0.0
16;88;7;0.0
16;88;8;0.0
17;88;1;-2.4967022074440537e-17
17;88;2;-2.4967022074440537e-17
17;88;3;-9.710797590620405e-17
17;88;4;-9.094636945868725e-16
17;88;5;-2.4967022074440537e-17
17;88;6;-2.4967022074440537e-17
17;88;7;-2.4967022074440537e-17
17;88;8;-2.4967022074440537e-17
18;88;1;0.0
18;88;2;0.0
18;88;3;0.0
18;88;4;0.0
18;88;5;0.0
18;88;6;0.0
18;88;7;0.0
18;88;8;0.0
19;88;1;0.0
19;88;2;0.0
19;88;3;0.0
19;88;4;0.0
19;88;5;0.0
19;88;6;0.0
19;88;7;0.0
19;88;8;0.0
20;88;1;0.0
20;88;2;0.0
20;88;3;4.401608620418705e-16
20;88;4;0.0
20;88;5;0.0
20;88;6;0.0
20;88;7;0.0
20;88;8;0.0
21;88;1;-3.4638717715104167e-17
21;88;2;-3.4638717715104167e-17
21;88;3;-1.273352040954837e-16
21;88;4;-1.7463767709112917e-15
21;88;5;-3.4638717715104167e-17
21;88;6;-3.4638717715104167e-17
21;88;7;-3.4638717715104167e-17
21;88;8;-3.4638717715104167e-17
22;88;1;-5.261962280580994e-17
22;88;2;-5.261962280580994e-17
22;88;3;-3.0212240574563905e-16
22;88;4;-0.0
22;88;5;-5.261962280580994e-17
22;88;6;-5.261962280580994e-17
22;88;7;-5.261962280580994e-17
22;88;8;-5.261962280580994e-17
23;88;1;0.0
23;88;2;0.0
23;88;3;0.0
23;88;4;0.0
23;88;5;0.0
23;88;6;0.0
23;88;7;0.0
23;88;8;0.0
24;88;1;0.0
24;88;2;0.0
24;88;3;0.0
24;88;4;0.0
24;88;5;0.0
24;88;6;0.0
24;88;7;0.0
24;88;8;0.0
25;88;1;0.0
25;88;2;0.0
25;88;3;0.0
25;88;4;0.0
25;88;5;0.0
25;88;6;0.0
25;88;7;0.0
25;88;8;0.0
26;88;1;0.0
26;88;2;0.0
26;88;3;0.0
26;88;4;0.0
26;88;5;0.0
26;88;6;0.0
26;88;7;0.0
26;88;8;0.0
27;88;1;0.0
27;88;2;0.0
27;88;3;0.0
27;88;4;0.0
27;88;5;0.0
27;88;6;0.0
27;88;7;0.0
27;88;8;0.0
28;88;1;0.0
28;88;2;0.0
28;88;3;0.0
28;88;4;0.0
28;88;5;0.0
28;88;6;0.0
28;88;7;0.0
28;88;8;0.0
29;88;1;0.0
29;88;2;0.0
29;88;3;0.0
29;88;4;0.0
29;88;5;0.0
29;88;6;0.0
29;88;7;0.0
29;88;8;0.0
30;88;1;0.0
30;88;2;0.0
30;88;3;0.0
30;88;4;0.0
30;88;5;0.0
30;88;6;0.0
30;88;7;0.0
30;88;8;0.0
31;88;1;0.0
31;88;2;0.0
31;88;3;0.0
31;88;4;0.0
31;88;5;0.0
31;88;6;0.0
31;88;7;0.0
31;88;8;0.0
32;88;1;0.0
32;88;2;0.0
32;88;3;0.0
32;88;4;0.0
32;88;5;0.0
32;88;6;0.0
32;88;7;0.0
32;88;8;0.0
33;88;1;0.0
33;88;2;0.0
33;88;3;0.0
33;88;4;0.0
33;88;5;0.0
33;88;6;0.0
33;88;7;0.0
33;88;8;0.0
34;88;1;0.0
34;88;2;0.0
34;88;3;0.0
34;88;4;0.0
34;88;5;0.0
34;88;6;0.0
34;88;7;0.0
34;88;8;0.0
35;88;1;0.0
35;88;2;0.0
35;88;3;0.0
35;88;4;0.0
35;88;5;0.0
35;88;6;0.0
35;88;7;0.0
35;88;8;0.0
36;88;1;0.0
36;88;2;0.0
36;88;3;0.0
36;88;4;0.0
36;88;5;0.0
36;88;6;0.0
36;88;7;0.0
36;88;8;0.0
37;88;1;0.0
37;88;2;0.0
37;88;3;0.0
37;88;4;0.0
37;88;5;0.0
37;88;6;0.0
37;88;7;0.0
37;88;8;0.0
38;88;1;0.0
38;88;2;0.0
38;88;3;0.0
38;88;4;0.0
38;88;5;0.0
38;88;6;0.0
38;88;7;0.0
38;88;8;0.0
39;88;1;0.0
39;88;2;0.0
39;88;3;0.0
39;88;4;0.0
39;88;5;0.0
39;88;6;0.0
39;88;7;0.0
39;88;8;0.0
40;88;1;0.0
40;88;2;0.0
40;88;3;0.0
40;88;4;0.0
40;88;5;0.0
40;88;6;0.0
40;88;7;0.0
40;88;8;0.0
41;88;1;0.0
41;88;2;0.0
41;88;3;0.0
41;88;4;0.0
41;88;5;0.0
41;88;6;0.0
41;88;7;0.0
41;88;8;0.0
42;88;1;0.0
42;88;2;0.0
42;88;3;0.0
42;88;4;0.0
42;88;5;0.0
42;88;6;0.0
42;88;7;0.0
42;88;8;0.0
43;88;1;0.0
43;88;2;0.0
43;88;3;0.0
43;88;4;0.0
43;88;5;0.0
43;88;6;0.0
43;88;7;0.0
43;88;8;0.0
44;88;1;0.0
44;88;2;0.0
44;88;3;0.0
44;88;4;0.0
44;88;5;0.0
44;88;6;0.0
44;88;7;0.0
44;88;8;0.0
45;88;1;0.0
45;88;2;0.0
45;88;3;0.0
45;88;4;0.0
45;88;5;0.0
45;88;6;0.0
45;88;7;0.0
45;88;8;0.0
46;88;1;0.0
46;88;2;0.0
46;88;3;0.0
46;88;4;0.0
46;88;5;0.0
46;88;6;0.0
46;88;7;0.0
46;88;8;0.0
47;88;1;-6.616364740015546e-17
47;88;2;-6.616364740015546e-17
47;88;3;-2.2642098753238477e-16
47;88;4;-2.549222989636659e-15
47;88;5;-6.616364740015546e-17
47;88;6;-6.616364740015546e-17
47;88;7;-6.616364740015546e-17
47;88;8;-6.616364740015546e-17
48;88;1;0.0
48;88;2;0.0
48;88;3;0.0
48;88;4;0.0
48;88;5;0.0
48;88;6;0.0
48;88;7;0.0
48;88;8;0.0
49;88;1;0.0
49;88;2;0.0
49;88;3;0.0
49;88;4;0.0
49;88;5;0.0
49;88;6;0.0
49;88;7;0.0
49;88;8;0.0
50;88;1;0.0
50;88;2;0.0
50;88;3;0.0
50;88;4;0.0
50;88;5;0.0
50;88;6;0.0
50;88;7;0.0
50;88;8;0.0
51;88;1;0.0
51;88;2;0.0
51;88;3;0.0
51;88;4;0.0
51;88;5;0.0
51;88;6;0.0
51;88;7;0.0
51;88;8;0.0
52;88;1;0.0
52;88;2;0.0
52;88;3;0.0
52;88;4;-1.4962612467880575e-15
52;88;5;0.0
52;88;6;0.0
52;88;7;0.0
52;88;8;0.0
53;88;1;0.0
53;88;2;0.0
53;88;3;0.0
53;88;4;0.0
53;88;5;0.0
53;88;6;0.0
53;88;7;0.0
53;88;8;0.0
54;88;1;0.0
54;88;2;0.0
54;88;3;0.0
54;88;4;2.4282797994601424e-12
54;88;5;0.0
54;88;6;0.0
54;88;7;0.0
54;88;8;0.0
55;88;1;0.0
55;88;2;0.0
55;88;3;0.0
55;88;4;0.0
55;88;5;0.0
55;88;6;0.0
55;88;7;0.0
55;88;8;0.0
56;88;1;0.0
56;88;2;0.0
56;88;3;0.0
56;88;4;0.0
56;88;5;0.0
56;88;6;0.0
56;88;7;0.0
56;88;8;0.0
57;88;1;0.0
57;88;2;0.0
57;88;3;0.0
57;88;4;0.0
57;88;5;0.0
57;88;6;0.0
57;88;7;0.0
57;88;8;0.0
58;88;1;0.0
58;88;2;0.0
58;88;3;0.0
58;88;4;0.0
58;88;5;0.0
58;88;6;0.0
58;88;7;0.0
58;88;8;0.0
59;88;1;0.0
59;88;2;0.0
59;88;3;0.0
59;88;4;0.0
59;88;5;0.0
59;88;6;0.0
59;88;7;0.0
59;88;8;0.0
1;89;1;0.0
1;89;2;0.0
1;89;3;0.0
1;89;4;0.0
1;89;5;0.0
1;89;6;0.0
1;89;7;0.0
1;89;8;0.0
2;89;1;0.0
2;89;2;0.0
2;89;3;0.0
2;89;4;0.0
2;89;5;0.0
2;89;6;0.0
2;89;7;0.0
2;89;8;0.0
3;89;1;0.0
3;89;2;0.0
3;89;3;0.0
3;89;4;0.0
3;89;5;0.0
3;89;6;0.0
3;89;7;0.0
3;89;8;0.0
4;89;1;0.0
4;89;2;0.0
4;89;3;0.0
4;89;4;0.0
4;89;5;0.0
4;89;6;0.0
4;89;7;0.0
4;89;8;0.0
5;89;1;0.0
5;89;2;0.0
5;89;3;0.0
5;89;4;0.0
5;89;5;0.0
5;89;6;0.0
5;89;7;0.0
5;89;8;0.0
6;89;1;0.0
6;89;2;0.0
6;89;3;0.0
6;89;4;0.0
6;89;5;0.0
6;89;6;0.0
6;89;7;0.0
6;89;8;0.0
7;89;1;0.0
7;89;2;0.0
7;89;3;0.0
7;89;4;0.0
7;89;5;0.0
7;89;6;0.0
7;89;7;0.0
7;89;8;0.0
8;89;1;0.0
8;89;2;0.0
8;89;3;0.0
8;89;4;0.0
8;89;5;0.0
8;89;6;0.0
8;89;7;0.0
8;89;8;0.0
9;89;1;0.0
9;89;2;0.0
9;89;3;0.0
9;89;4;0.0
9;89;5;0.0
9;89;6;0.0
9;89;7;0.0
9;89;8;0.0
10;89;1;0.0
10;89;2;0.0
10;89;3;0.0
10;89;4;0.0
10;89;5;0.0
10;89;6;0.0
10;89;7;0.0
10;89;8;0.0
11;89;1;0.0
11;89;2;0.0
11;89;3;0.0
11;89;4;0.0
11;89;5;0.0
11;89;6;0.0
11;89;7;0.0
11;89;8;0.0
12;89;1;0.0
12;89;2;0.0
12;89;3;0.0
12;89;4;0.0
12;89;5;0.0
12;89;6;0.0
12;89;7;0.0
12;89;8;0.0
13;89;1;0.0
13;89;2;0.0
13;89;3;0.0
13;89;4;0.0
13;89;5;0.0
13;89;6;0.0
13;89;7;0.0
13;89;8;0.0
14;89;1;0.0
14;89;2;0.0
14;89;3;0.0
14;89;4;0.0
14;89;5;0.0
14;89;6;0.0
14;89;7;0.0
14;89;8;0.0
15;89;1;0.0
15;89;2;0.0
15;89;3;0.0
15;89;4;0.0
15;89;5;0.0
15;89;6;0.0
15;89;7;0.0
15;89;8;0.0
16;89;1;0.0
16;89;2;0.0
16;89;3;0.0
16;89;4;0.0
16;89;5;0.0
16;89;6;0.0
16;89;7;0.0
16;89;8;0.0
17;89;1;0.0
17;89;2;0.0
17;89;3;0.0
17;89;4;-0.9999999995384626
17;89;5;0.0
17;89;6;0.0
17;89;7;0.0
17;89;8;0.0
18;89;1;0.0
18;89;2;0.0
18;89;3;0.0
18;89;4;0.0
18;89;5;0.0
18;89;6;0.0
18;89;7;0.0
18;89;8;0.0
19;89;1;0.0
19;89;2;0.0
19;89;3;0.0
19;89;4;0.0
19;89;5;0.0
19;89;6;0.0
19;89;7;0.0
19;89;8;0.0
20;89;1;0.0
20;89;2;0.0
20;89;3;0.0
20;89;4;0.0
20;89;5;0.0
20;89;6;0.0
20;89;7;0.0
20;89;8;0.0
21;89;1;0.0
21;89;2;0.0
21;89;3;0.0
21;89;4;-2.648234580311596e-13
21;89;5;0.0
21;89;6;0.0
21;89;7;0.0
21;89;8;0.0
22;89;1;0.0
22;89;2;0.0
22;89;3;0.0
22;89;4;-5.062616992290714e-14
22;89;5;0.0
22;89;6;0.0
22;89;7;0.0
22;89;8;0.0
23;89;1;0.0
23;89;2;0.0
23;89;3;0.0
23;89;4;0.0
23;89;5;0.0
23;89;6;0.0
23;89;7;0.0
23;89;8;0.0
24;89;1;0.0
24;89;2;0.0
24;89;3;0.0
24;89;4;0.0
24;89;5;0.0
24;89;6;0.0
24;89;7;0.0
24;89;8;0.0
25;89;1;0.0
25;89;2;0.0
25;89;3;0.0
25;89;4;0.0
25;89;5;0.0
25;89;6;0.0
25;89;7;0.0
25;89;8;0.0
26;89;1;0.0
26;89;2;0.0
26;89;3;0.0
26;89;4;0.0
26;89;5;0.0
26;89;6;0.0
26;89;7;0.0
26;89;8;0.0
27;89;1;0.0
27;89;2;0.0
27;89;3;0.0
27;89;4;0.0
27;89;5;0.0
27;89;6;0.0
27;89;7;0.0
27;89;8;0.0
28;89;1;0.0
28;89;2;0.0
28;89;3;0.0
28;89;4;0.0
28;89;5;0.0
28;89;6;0.0
28;89;7;0.0
28;89;8;0.0
29;89;1;0.0
29;89;2;0.0
29;89;3;0.0
29;89;4;0.0
29;89;5;0.0
29;89;6;0.0
29;89;7;0.0
29;89;8;0.0
30;89;1;0.0
30;89;2;0.0
30;89;3;0.0
30;89;4;0.0
30;89;5;0.0
30;89;6;0.0
30;89;7;0.0
30;89;8;0.0
31;89;1;0.0
31;89;2;0.0
31;89;3;0.0
31;89;4;0.0
31;89;5;0.0
31;89;6;0.0
31;89;7;0.0
31;89;8;0.0
32;89;1;0.0
32;89;2;0.0
32;89;3;0.0
32;89;4;0.0
32;89;5;0.0
32;89;6;0.0
32;89;7;0.0
32;89;8;0.0
33;89;1;0.0
33;89;2;0.0
33;89;3;0.0
33;89;4;0.0
33;89;5;0.0
33;89;6;0.0
33;89;7;0.0
33;89;8;0.0
34;89;1;0.0
34;89;2;0.0
34;89;3;0.0
34;89;4;0.0
34;89;5;0.0
34;89;6;0.0
34;89;7;0.0
34;89;8;0.0
35;89;1;0.0
35;89;2;0.0
35;89;3;0.0
35;89;4;0.0
35;89;5;0.0
35;89;6;0.0
35;89;7;0.0
35;89;8;0.0
36;89;1;0.0
36;89;2;0.0
36;89;3;0.0
36;89;4;0.0
36;89;5;0.0
36;89;6;0.0
36;89;7;0.0
36;89;8;0.0
37;89;1;0.0
37;89;2;0.0
37;89;3;0.0
37;89;4;0.0
37;89;5;0.0
37;89;6;0.0
37;89;7;0.0
37;89;8;0.0
38;89;1;0.0
38;89;2;0.0
38;89;3;0.0
38;89;4;0.0
38;89;5;0.0
38;89;6;0.0
38;89;7;0.0
38;89;8;0.0
39;89;1;0.0
39;89;2;0.0
39;89;3;0.0
39;89;4;0.0
39;89;5;0.0
39;89;6;0.0
39;89;7;0.0
39;89;8;0.0
40;89;1;0.0
40;89;2;0.0
40;89;3;0.0
40;89;4;0.0
40;89;5;0.0
40;89;6;0.0
40;89;7;0.0
40;89;8;0.0
41;89;1;0.0
41;89;2;0.0
41;89;3;0.0
41;89;4;0.0
41;89;5;0.0
41;89;6;0.0
41;89;7;0.0
41;89;8;0.0
42;89;1;0.0
42;89;2;0.0
42;89;3;0.0
42;89;4;0.0
42;89;5;0.0
42;89;6;0.0
42;89;7;0.0
42;89;8;0.0
43;89;1;0.0
43;89;2;0.0
43;89;3;0.0
43;89;4;0.0
43;89;5;0.0
43;89;6;0.0
43;89;7;0.0
43;89;8;0.0
44;89;1;0.0
44;89;2;0.0
44;89;3;0.0
44;89;4;0.0
44;89;5;0.0
44;89;6;0.0
44;89;7;0.0
44;89;8;0.0
45;89;1;0.0
45;89;2;0.0
45;89;3;0.0
45;89;4;0.0
45;89;5;0.0
45;89;6;0.0
45;89;7;0.0
45;89;8;0.0
46;89;1;0.0
46;89;2;0.0
46;89;3;0.0
46;89;4;0.0
46;89;5;0.0
46;89;6;0.0
46;89;7;0.0
46;89;8;0.0
47;89;1;0.0
47;89;2;0.0
47;89;3;0.0
47;89;4;-4.610251594446396e-10
47;89;5;0.0
47;89;6;0.0
47;89;7;0.0
47;89;8;0.0
48;89;1;0.0
48;89;2;0.0
48;89;3;0.0
48;89;4;0.0
48;89;5;0.0
48;89;6;0.0
48;89;7;0.0
48;89;8;0.0
49;89;1;0.0
49;89;2;0.0
49;89;3;0.0
49;89;4;0.0
49;89;5;0.0
49;89;6;0.0
49;89;7;0.0
49;89;8;0.0
50;89;1;0.0
50;89;2;0.0
50;89;3;0.0
50;89;4;0.0
50;89;5;0.0
50;89;6;0.0
50;89;7;0.0
50;89;8;0.0
51;89;1;0.0
51;89;2;0.0
51;89;3;0.0
51;89;4;0.0
51;89;5;0.0
51;89;6;0.0
51;89;7;0.0
51;89;8;0.0
52;89;1;0.0
52;89;2;0.0
52;89;3;0.0
52;89;4;-1.6118189713636838e-13
52;89;5;0.0
52;89;6;0.0
52;89;7;0.0
52;89;8;0.0
53;89;1;0.0
53;89;2;0.0
53;89;3;0.0
53;89;4;0.0
53;89;5;0.0
53;89;6;0.0
53;89;7;0.0
53;89;8;0.0
54;89;1;0.0
54;89;2;0.0
54;89;3;0.0
54;89;4;-9.303102667964581e-15
54;89;5;0.0
54;89;6;0.0
54;89;7;0.0
54;89;8;0.0
55;89;1;0.0
55;89;2;0.0
55;89;3;0.0
55;89;4;0.0
55;89;5;0.0
55;89;6;0.0
55;89;7;0.0
55;89;8;0.0
56;89;1;0.0
56;89;2;0.0
56;89;3;0.0
56;89;4;0.0
56;89;5;0.0
56;89;6;0.0
56;89;7;0.0
56;89;8;0.0
57;89;1;0.0
57;89;2;0.0
57;89;3;0.0
57;89;4;0.0
57;89;5;0.0
57;89;6;0.0
57;89;7;0.0
57;89;8;0.0
58;89;1;0.0
58;89;2;0.0
58;89;3;0.0
58;89;4;0.0
58;89;5;0.0
58;89;6;0.0
58;89;7;0.0
58;89;8;0.0
59;89;1;0.0
59;89;2;0.0
59;89;3;0.0
59;89;4;0.0
59;89;5;0.0
59;89;6;0.0
59;89;7;0.0
59;89;8;0.0
1;90;1;0.0
1;90;2;0.0
1;90;3;0.0
1;90;4;0.0
1;90;5;0.0
1;90;6;0.0
1;90;7;0.0
1;90;8;0.0
2;90;1;0.0
2;90;2;0.0
2;90;3;0.0
2;90;4;0.0
2;90;5;0.0
2;90;6;0.0
2;90;7;0.0
2;90;8;0.0
3;90;1;0.0
3;90;2;0.0
3;90;3;0.0
3;90;4;0.0
3;90;5;0.0
3;90;6;0.0
3;90;7;0.0
3;90;8;0.0
4;90;1;0.0
4;90;2;0.0
4;90;3;0.0
4;90;4;0.0
4;90;5;0.0
4;90;6;0.0
4;90;7;0.0
4;90;8;0.0
5;90;1;0.0
5;90;2;0.0
5;90;3;0.0
5;90;4;0.0
5;90;5;0.0
5;90;6;0.0
5;90;7;0.0
5;90;8;0.0
6;90;1;0.0
6;90;2;0.0
6;90;3;0.0
6;90;4;0.0
6;90;5;0.0
6;90;6;0.0
6;90;7;0.0
6;90;8;0.0
7;90;1;0.0
7;90;2;0.0
7;90;3;0.0
7;90;4;0.0
7;90;5;0.0
7;90;6;0.0
7;90;7;0.0
7;90;8;0.0
8;90;1;0.0
8;90;2;0.0
8;90;3;0.0
8;90;4;0.0
8;90;5;0.0
8;90;6;0.0
8;90;7;0.0
8;90;8;0.0
9;90;1;0.0
9;90;2;0.0
9;90;3;0.0
9;90;4;0.0
9;90;5;0.0
9;90;6;0.0
9;90;7;0.0
9;90;8;0.0
10;90;1;0.0
10;90;2;0.0
10;90;3;0.0
10;90;4;0.0
10;90;5;0.0
10;90;6;0.0
10;90;7;0.0
10;90;8;0.0
11;90;1;0.0
11;90;2;0.0
11;90;3;0.0
11;90;4;0.0
11;90;5;0.0
11;90;6;0.0
11;90;7;0.0
11;90;8;0.0
12;90;1;0.0
12;90;2;0.0
12;90;3;0.0
12;90;4;0.0
12;90;5;0.0
12;90;6;0.0
12;90;7;0.0
12;90;8;0.0
13;90;1;0.0
13;90;2;0.0
13;90;3;0.0
13;90;4;0.0
13;90;5;0.0
13;90;6;0.0
13;90;7;0.0
13;90;8;0.0
14;90;1;0.0
14;90;2;0.0
14;90;3;0.0
14;90;4;0.0
14;90;5;0.0
14;90;6;0.0
14;90;7;0.0
14;90;8;0.0
15;90;1;0.0
15;90;2;0.0
15;90;3;0.0
15;90;4;0.0
15;90;5;0.0
15;90;6;0.0
15;90;7;0.0
15;90;8;0.0
16;90;1;0.0
16;90;2;0.0
16;90;3;0.0
16;90;4;0.0
16;90;5;0.0
16;90;6;0.0
16;90;7;0.0
16;90;8;0.0
17;90;1;0.0
17;90;2;0.0
17;90;3;0.0
17;90;4;-0.9999999973874205
17;90;5;0.0
17;90;6;0.0
17;90;7;0.0
17;90;8;0.0
18;90;1;0.0
18;90;2;0.0
18;90;3;0.0
18;90;4;0.0
18;90;5;0.0
18;90;6;0.0
18;90;7;0.0
18;90;8;0.0
19;90;1;0.0
19;90;2;0.0
19;90;3;0.0
19;90;4;0.0
19;90;5;0.0
19;90;6;0.0
19;90;7;0.0
19;90;8;0.0
20;90;1;0.0
20;90;2;0.0
20;90;3;0.0
20;90;4;0.0
20;90;5;0.0
20;90;6;0.0
20;90;7;0.0
20;90;8;0.0
21;90;1;0.0
21;90;2;0.0
21;90;3;0.0
21;90;4;-3.2791077584902376e-13
21;90;5;0.0
21;90;6;0.0
21;90;7;0.0
21;90;8;0.0
22;90;1;-1.63922492596389e-17
22;90;2;-1.63922492596389e-17
22;90;3;0.0
22;90;4;-5.1514348342607263e-14
22;90;5;-1.63922492596389e-17
22;90;6;-1.63922492596389e-17
22;90;7;-1.63922492596389e-17
22;90;8;-1.63922492596389e-17
23;90;1;0.0
23;90;2;0.0
23;90;3;0.0
23;90;4;0.0
23;90;5;0.0
23;90;6;0.0
23;90;7;0.0
23;90;8;0.0
24;90;1;0.0
24;90;2;0.0
24;90;3;0.0
24;90;4;0.0
24;90;5;0.0
24;90;6;0.0
24;90;7;0.0
24;90;8;0.0
25;90;1;0.0
25;90;2;0.0
25;90;3;0.0
25;90;4;0.0
25;90;5;0.0
25;90;6;0.0
25;90;7;0.0
25;90;8;0.0
26;90;1;0.0
26;90;2;0.0
26;90;3;0.0
26;90;4;0.0
26;90;5;0.0
26;90;6;0.0
26;90;7;0.0
26;90;8;0.0
27;90;1;0.0
27;90;2;0.0
27;90;3;0.0
27;90;4;0.0
27;90;5;0.0
27;90;6;0.0
27;90;7;0.0
27;90;8;0.0
28;90;1;0.0
28;90;2;0.0
28;90;3;0.0
28;90;4;0.0
28;90;5;0.0
28;90;6;0.0
28;90;7;0.0
28;90;8;0.0
29;90;1;0.0
29;90;2;0.0
29;90;3;0.0
29;90;4;0.0
29;90;5;0.0
29;90;6;0.0
29;90;7;0.0
29;90;8;0.0
30;90;1;0.0
30;90;2;0.0
30;90;3;0.0
30;90;4;0.0
30;90;5;0.0
30;90;6;0.0
30;90;7;0.0
30;90;8;0.0
31;90;1;0.0
31;90;2;0.0
31;90;3;0.0
31;90;4;0.0
31;90;5;0.0
31;90;6;0.0
31;90;7;0.0
31;90;8;0.0
32;90;1;0.0
32;90;2;0.0
32;90;3;0.0
32;90;4;0.0
32;90;5;0.0
32;90;6;0.0
32;90;7;0.0
32;90;8;0.0
33;90;1;0.0
33;90;2;0.0
33;90;3;0.0
33;90;4;0.0
33;90;5;0.0
33;90;6;0.0
33;90;7;0.0
33;90;8;0.0
34;90;1;0.0
34;90;2;0.0
34;90;3;0.0
34;90;4;0.0
34;90;5;0.0
34;90;6;0.0
34;90;7;0.0
34;90;8;0.0
35;90;1;0.0
35;90;2;0.0
35;90;3;0.0
35;90;4;0.0
35;90;5;0.0
35;90;6;0.0
35;90;7;0.0
35;90;8;0.0
36;90;1;0.0
36;90;2;0.0
36;90;3;0.0
36;90;4;0.0
36;90;5;0.0
36;90;6;0.0
36;90;7;0.0
36;90;8;0.0
37;90;1;0.0
37;90;2;0.0
37;90;3;0.0
37;90;4;0.0
37;90;5;0.0
37;90;6;0.0
37;90;7;0.0
37;90;8;0.0
38;90;1;0.0
38;90;2;0.0
38;90;3;0.0
38;90;4;0.0
38;90;5;0.0
38;90;6;0.0
38;90;7;0.0
38;90;8;0.0
39;90;1;0.0
39;90;2;0.0
39;90;3;0.0
39;90;4;0.0
39;90;5;0.0
39;90;6;0.0
39;90;7;0.0
39;90;8;0.0
40;90;1;0.0
40;90;2;0.0
40;90;3;0.0
40;90;4;0.0
40;90;5;0.0
40;90;6;0.0
40;90;7;0.0
40;90;8;0.0
41;90;1;0.0
41;90;2;0.0
41;90;3;0.0
41;90;4;0.0
41;90;5;0.0
41;90;6;0.0
41;90;7;0.0
41;90;8;0.0
42;90;1;0.0
42;90;2;0.0
42;90;3;0.0
42;90;4;0.0
42;90;5;0.0
42;90;6;0.0
42;90;7;0.0
42;90;8;0.0
43;90;1;0.0
43;90;2;0.0
43;90;3;0.0
43;90;4;0.0
43;90;5;0.0
43;90;6;0.0
43;90;7;0.0
43;90;8;0.0
44;90;1;0.0
44;90;2;0.0
44;90;3;0.0
44;90;4;0.0
44;90;5;0.0
44;90;6;0.0
44;90;7;0.0
44;90;8;0.0
45;90;1;0.0
45;90;2;0.0
45;90;3;0.0
45;90;4;0.0
45;90;5;0.0
45;90;6;0.0
45;90;7;0.0
45;90;8;0.0
46;90;1;0.0
46;90;2;0.0
46;90;3;0.0
46;90;4;0.0
46;90;5;0.0
46;90;6;0.0
46;90;7;0.0
46;90;8;0.0
47;90;1;0.0
47;90;2;0.0
47;90;3;0.0
47;90;4;-2.611999806202353e-09
47;90;5;0.0
47;90;6;0.0
47;90;7;0.0
47;90;8;0.0
48;90;1;0.0
48;90;2;0.0
48;90;3;0.0
48;90;4;0.0
48;90;5;0.0
48;90;6;0.0
48;90;7;0.0
48;90;8;0.0
49;90;1;0.0
49;90;2;0.0
49;90;3;0.0
49;90;4;0.0
49;90;5;0.0
49;90;6;0.0
49;90;7;0.0
49;90;8;0.0
50;90;1;0.0
50;90;2;0.0
50;90;3;0.0
50;90;4;0.0
50;90;5;0.0
50;90;6;0.0
50;90;7;0.0
50;90;8;0.0
51;90;1;0.0
51;90;2;0.0
51;90;3;0.0
51;90;4;0.0
51;90;5;0.0
51;90;6;0.0
51;90;7;0.0
51;90;8;0.0
52;90;1;0.0
52;90;2;0.0
52;90;3;0.0
52;90;4;-3.1866136879188567e-13
52;90;5;0.0
52;90;6;0.0
52;90;7;0.0
52;90;8;0.0
53;90;1;0.0
53;90;2;0.0
53;90;3;0.0
53;90;4;0.0
53;90;5;0.0
53;90;6;0.0
53;90;7;0.0
53;90;8;0.0
54;90;1;0.0
54;90;2;0.0
54;90;3;0.0
54;90;4;-8.753595972172846e-15
54;90;5;0.0
54;90;6;0.0
54;90;7;0.0
54;90;8;0.0
55;90;1;0.0
55;90;2;0.0
55;90;3;0.0
55;90;4;0.0
55;90;5;0.0
55;90;6;0.0
55;90;7;0.0
55;90;8;0.0
56;90;1;0.0
56;90;2;0.0
56;90;3;0.0
56;90;4;0.0
56;90;5;0.0
56;90;6;0.0
56;90;7;0.0
56;90;8;0.0
57;90;1;0.0
57;90;2;0.0
57;90;3;0.0
57;90;4;0.0
57;90;5;0.0
57;90;6;0.0
57;90;7;0.0
57;90;8;0.0
58;90;1;0.0
58;90;2;0.0
58;90;3;0.0
58;90;4;0.0
58;90;5;0.0
58;90;6;0.0
58;90;7;0.0
58;90;8;0.0
59;90;1;0.0
59;90;2;0.0
59;90;3;0.0
59;90;4;0.0
59;90;5;0.0
59;90;6;0.0
59;90;7;0.0
59;90;8;0.0
1;91;1;0.0
1;91;2;0.0
1;91;3;0.0
1;91;4;0.0
1;91;5;0.0
1;91;6;0.0
1;91;7;0.0
1;91;8;0.0
2;91;1;0.0
2;91;2;0.0
2;91;3;0.0
2;91;4;0.0
2;91;5;0.0
2;91;6;0.0
2;91;7;0.0
2;91;8;0.0
3;91;1;0.0
3;91;2;0.0
3;91;3;0.0
3;91;4;0.0
3;91;5;0.0
3;91;6;0.0
3;91;7;0.0
3;91;8;0.0
4;91;1;0.0
4;91;2;0.0
4;91;3;0.0
4;91;4;0.0
4;91;5;0.0
4;91;6;0.0
4;91;7;0.0
4;91;8;0.0
5;91;1;0.0
5;91;2;0.0
5;91;3;0.0
5;91;4;0.0
5;91;5;0.0
5;91;6;0.0
5;91;7;0.0
5;91;8;0.0
6;91;1;0.0
6;91;2;0.0
6;91;3;0.0
6;91;4;0.0
6;91;5;0.0
6;91;6;0.0
6;91;7;0.0
6;91;8;0.0
7;91;1;0.0
7;91;2;0.0
7;91;3;0.0
7;91;4;0.0
7;91;5;0.0
7;91;6;0.0
7;91;7;0.0
7;91;8;0.0
8;91;1;0.0
8;91;2;0.0
8;91;3;0.0
8;91;4;0.0
8;91;5;0.0
8;91;6;0.0
8;91;7;0.0
8;91;8;0.0
9;91;1;0.0
9;91;2;0.0
9;91;3;0.0
9;91;4;0.0
9;91;5;0.0
9;91;6;0.0
9;91;7;0.0
9;91;8;0.0
10;91;1;0.0
10;91;2;0.0
10;91;3;0.0
10;91;4;0.0
10;91;5;0.0
10;91;6;0.0
10;91;7;0.0
10;91;8;0.0
11;91;1;0.0
11;91;2;0.0
11;91;3;0.0
11;91;4;0.0
11;91;5;0.0
11;91;6;0.0
11;91;7;0.0
11;91;8;0.0
12;91;1;0.0
12;91;2;0.0
12;91;3;0.0
12;91;4;0.0
12;91;5;0.0
12;91;6;0.0
12;91;7;0.0
12;91;8;0.0
13;91;1;0.0
13;91;2;0.0
13;91;3;0.0
13;91;4;0.0
13;91;5;0.0
13;91;6;0.0
13;91;7;0.0
13;91;8;0.0
14;91;1;0.0
14;91;2;0.0
14;91;3;0.0
14;91;4;0.0
14;91;5;0.0
14;91;6;0.0
14;91;7;0.0
14;91;8;0.0
15;91;1;0.0
15;91;2;0.0
15;91;3;0.0
15;91;4;0.0
15;91;5;0.0
15;91;6;0.0
15;91;7;0.0
15;91;8;0.0
16;91;1;0.0
16;91;2;0.0
16;91;3;0.0
16;91;4;0.0
16;91;5;0.0
16;91;6;0.0
16;91;7;0.0
16;91;8;0.0
17;91;1;-9.328171115339698e-18
17;91;2;-9.328171115339698e-18
17;91;3;-3.731312680856069e-17
17;91;4;-0.9999999974450829
17;91;5;-9.328171115339698e-18
17;91;6;-9.328171115339698e-18
17;91;7;-9.328171115339698e-18
17;91;8;-9.328171115339698e-18
18;91;1;0.0
18;91;2;0.0
18;91;3;0.0
18;91;4;0.0
18;91;5;0.0
18;91;6;0.0
18;91;7;0.0
18;91;8;0.0
19;91;1;0.0
19;91;2;0.0
19;91;3;0.0
19;91;4;0.0
19;91;5;0.0
19;91;6;0.0
19;91;7;0.0
19;91;8;0.0
20;91;1;0.0
20;91;2;0.0
20;91;3;-2.890342169685826e-17
20;91;4;0.0
20;91;5;0.0
20;91;6;0.0
20;91;7;0.0
20;91;8;0.0
21;91;1;-1.077477103768884e-17
21;91;2;-1.077477103768884e-17
21;91;3;-3.6231048096428945e-17
21;91;4;-2.9476540294473484e-13
21;91;5;-1.077477103768884e-17
21;91;6;-1.077477103768884e-17
21;91;7;-1.077477103768884e-17
21;91;8;-1.077477103768884e-17
22;91;1;-2.092997843384854e-17
22;91;2;-2.092997843384854e-17
22;91;3;-9.761202135303377e-17
22;91;4;-4.884981308350689e-14
22;91;5;-2.092997843384854e-17
22;91;6;-2.092997843384854e-17
22;91;7;-2.092997843384854e-17
22;91;8;-2.092997843384854e-17
23;91;1;0.0
23;91;2;0.0
23;91;3;0.0
23;91;4;0.0
23;91;5;0.0
23;91;6;0.0
23;91;7;0.0
23;91;8;0.0
24;91;1;0.0
24;91;2;0.0
24;91;3;0.0
24;91;4;0.0
24;91;5;0.0
24;91;6;0.0
24;91;7;0.0
24;91;8;0.0
25;91;1;0.0
25;91;2;0.0
25;91;3;0.0
25;91;4;0.0
25;91;5;0.0
25;91;6;0.0
25;91;7;0.0
25;91;8;0.0
26;91;1;0.0
26;91;2;0.0
26;91;3;0.0
26;91;4;0.0
26;91;5;0.0
26;91;6;0.0
26;91;7;0.0
26;91;8;0.0
27;91;1;0.0
27;91;2;0.0
27;91;3;0.0
27;91;4;0.0
27;91;5;0.0
27;91;6;0.0
27;91;7;0.0
27;91;8;0.0
28;91;1;0.0
28;91;2;0.0
28;91;3;0.0
28;91;4;0.0
28;91;5;0.0
28;91;6;0.0
28;91;7;0.0
28;91;8;0.0
29;91;1;0.0
29;91;2;0.0
29;91;3;0.0
29;91;4;0.0
29;91;5;0.0
29;91;6;0.0
29;91;7;0.0
29;91;8;0.0
30;91;1;0.0
30;91;2;0.0
30;91;3;0.0
30;91;4;0.0
30;91;5;0.0
30;91;6;0.0
30;91;7;0.0
30;91;8;0.0
31;91;1;0.0
31;91;2;0.0
31;91;3;0.0
31;91;4;0.0
31;91;5;0.0
31;91;6;0.0
31;91;7;0.0
31;91;8;0.0
32;91;1;0.0
32;91;2;0.0
32;91;3;0.0
32;91;4;0.0
32;91;5;0.0
32;91;6;0.0
32;91;7;0.0
32;91;8;0.0
33;91;1;0.0
33;91;2;0.0
33;91;3;0.0
33;91;4;0.0
33;91;5;0.0
33;91;6;0.0
33;91;7;0.0
33;91;8;0.0
34;91;1;0.0
34;91;2;0.0
34;91;3;0.0
34;91;4;0.0
34;91;5;0.0
34;91;6;0.0
34;91;7;0.0
34;91;8;0.0
35;91;1;0.0
35;91;2;0.0
35;91;3;0.0
35;91;4;0.0
35;91;5;0.0
35;91;6;0.0
35;91;7;0.0
35;91;8;0.0
36;91;1;0.0
36;91;2;0.0
36;91;3;0.0
36;91;4;0.0
36;91;5;0.0
36;91;6;0.0
36;91;7;0.0
36;91;8;0.0
37;91;1;0.0
37;91;2;0.0
37;91;3;0.0
37;91;4;0.0
37;91;5;0.0
37;91;6;0.0
37;91;7;0.0
37;91;8;0.0
38;91;1;0.0
38;91;2;0.0
38;91;3;0.0
38;91;4;0.0
38;91;5;0.0
38;91;6;0.0
38;91;7;0.0
38;91;8;0.0
39;91;1;0.0
39;91;2;0.0
39;91;3;0.0
39;91;4;0.0
39;91;5;0.0
39;91;6;0.0
39;91;7;0.0
39;91;8;0.0
40;91;1;0.0
40;91;2;0.0
40;91;3;0.0
40;91;4;0.0
40;91;5;0.0
40;91;6;0.0
40;91;7;0.0
40;91;8;0.0
41;91;1;0.0
41;91;2;0.0
41;91;3;0.0
41;91;4;0.0
41;91;5;0.0
41;91;6;0.0
41;91;7;0.0
41;91;8;0.0
42;91;1;0.0
42;91;2;0.0
42;91;3;0.0
42;91;4;0.0
42;91;5;0.0
42;91;6;0.0
42;91;7;0.0
42;91;8;0.0
43;91;1;0.0
43;91;2;0.0
43;91;3;0.0
43;91;4;0.0
43;91;5;0.0
43;91;6;0.0
43;91;7;0.0
43;91;8;0.0
44;91;1;0.0
44;91;2;0.0
44;91;3;0.0
44;91;4;0.0
44;91;5;0.0
44;91;6;0.0
44;91;7;0.0
44;91;8;0.0
45;91;1;0.0
45;91;2;0.0
45;91;3;0.0
45;91;4;0.0
45;91;5;0.0
45;91;6;0.0
45;91;7;0.0
45;91;8;0.0
46;91;1;0.0
46;91;2;0.0
46;91;3;0.0
46;91;4;0.0
46;91;5;0.0
46;91;6;0.0
46;91;7;0.0
46;91;8;0.0
47;91;1;-1.739317461747138e-17
47;91;2;-1.739317461747138e-17
47;91;3;-8.636654694426415e-17
47;91;4;-2.555181962905076e-09
47;91;5;-1.739317461747138e-17
47;91;6;-1.739317461747138e-17
47;91;7;-1.739317461747138e-17
47;91;8;-1.739317461747138e-17
48;91;1;0.0
48;91;2;0.0
48;91;3;0.0
48;91;4;0.0
48;91;5;0.0
48;91;6;0.0
48;91;7;0.0
48;91;8;0.0
49;91;1;0.0
49;91;2;0.0
49;91;3;0.0
49;91;4;0.0
49;91;5;0.0
49;91;6;0.0
49;91;7;0.0
49;91;8;0.0
50;91;1;0.0
50;91;2;0.0
50;91;3;0.0
50;91;4;0.0
50;91;5;0.0
50;91;6;0.0
50;91;7;0.0
50;91;8;0.0
51;91;1;0.0
51;91;2;0.0
51;91;3;0.0
51;91;4;0.0
51;91;5;0.0
51;91;6;0.0
51;91;7;0.0
51;91;8;0.0
52;91;1;0.0
52;91;2;0.0
52;91;3;0.0
52;91;4;-3.228131503704692e-13
52;91;5;0.0
52;91;6;0.0
52;91;7;0.0
52;91;8;0.0
53;91;1;0.0
53;91;2;0.0
53;91;3;0.0
53;91;4;0.0
53;91;5;0.0
53;91;6;0.0
53;91;7;0.0
53;91;8;0.0
54;91;1;0.0
54;91;2;0.0
54;91;3;0.0
54;91;4;-8.257376381011866e-15
54;91;5;0.0
54;91;6;0.0
54;91;7;0.0
54;91;8;0.0
55;91;1;0.0
55;91;2;0.0
55;91;3;0.0
55;91;4;0.0
55;91;5;0.0
55;91;6;0.0
55;91;7;0.0
55;91;8;0.0
56;91;1;0.0
56;91;2;0.0
56;91;3;0.0
56;91;4;0.0
56;91;5;0.0
56;91;6;0.0
56;91;7;0.0
56;91;8;0.0
57;91;1;0.0
57;91;2;0.0
57;91;3;0.0
57;91;4;0.0
57;91;5;0.0
57;91;6;0.0
57;91;7;0.0
57;91;8;0.0
58;91;1;0.0
58;91;2;0.0
58;91;3;0.0
58;91;4;0.0
58;91;5;0.0
58;91;6;0.0
58;91;7;0.0
58;91;8;0.0
59;91;1;0.0
59;91;2;0.0
59;91;3;0.0
59;91;4;0.0
59;91;5;0.0
59;91;6;0.0
59;91;7;0.0
59;91;8;0.0
1;92;1;0.0
1;92;2;0.0
1;92;3;0.0
1;92;4;0.0
1;92;5;0.0
1;92;6;0.0
1;92;7;0.0
1;92;8;0.0
2;92;1;0.0
2;92;2;0.0
2;92;3;0.0
2;92;4;0.0
2;92;5;0.0
2;92;6;0.0
2;92;7;0.0
2;92;8;0.0
3;92;1;0.0
3;92;2;0.0
3;92;3;0.0
3;92;4;0.0
3;92;5;0.0
3;92;6;0.0
3;92;7;0.0
3;92;8;0.0
4;92;1;0.0
4;92;2;0.0
4;92;3;0.0
4;92;4;0.0
4;92;5;0.0
4;92;6;0.0
4;92;7;0.0
4;92;8;0.0
5;92;1;0.0
5;92;2;0.0
5;92;3;0.0
5;92;4;0.0
5;92;5;0.0
5;92;6;0.0
5;92;7;0.0
5;92;8;0.0
6;92;1;0.0
6;92;2;0.0
6;92;3;0.0
6;92;4;0.0
6;92;5;0.0
6;92;6;0.0
6;92;7;0.0
6;92;8;0.0
7;92;1;0.0
7;92;2;0.0
7;92;3;0.0
7;92;4;0.0
7;92;5;0.0
7;92;6;0.0
7;92;7;0.0
7;92;8;0.0
8;92;1;0.0
8;92;2;0.0
8;92;3;0.0
8;92;4;0.0
8;92;5;0.0
8;92;6;0.0
8;92;7;0.0
8;92;8;0.0
9;92;1;0.0
9;92;2;0.0
9;92;3;0.0
9;92;4;0.0
9;92;5;0.0
9;92;6;0.0
9;92;7;0.0
9;92;8;0.0
10;92;1;0.0
10;92;2;0.0
10;92;3;0.0
10;92;4;0.0
10;92;5;0.0
10;92;6;0.0
10;92;7;0.0
10;92;8;0.0
11;92;1;0.0
11;92;2;0.0
11;92;3;0.0
11;92;4;0.0
11;92;5;0.0
11;92;6;0.0
11;92;7;0.0
11;92;8;0.0
12;92;1;0.0
12;92;2;0.0
12;92;3;0.0
12;92;4;0.0
12;92;5;0.0
12;92;6;0.0
12;92;7;0.0
12;92;8;0.0
13;92;1;0.0
13;92;2;0.0
13;92;3;0.0
13;92;4;0.0
13;92;5;0.0
13;92;6;0.0
13;92;7;0.0
13;92;8;0.0
14;92;1;0.0
14;92;2;0.0
14;92;3;0.0
14;92;4;0.0
14;92;5;0.0
14;92;6;0.0
14;92;7;0.0
14;92;8;0.0
15;92;1;0.0
15;92;2;0.0
15;92;3;0.0
15;92;4;0.0
15;92;5;0.0
15;92;6;0.0
15;92;7;0.0
15;92;8;0.0
16;92;1;0.0
16;92;2;0.0
16;92;3;0.0
16;92;4;0.0
16;92;5;0.0
16;92;6;0.0
16;92;7;0.0
16;92;8;0.0
17;92;1;-1.1145992713411848e-17
17;92;2;-1.1145992713411848e-17
17;92;3;-4.7550245312198516e-17
17;92;4;-0.9999999976062441
17;92;5;-1.1145992713411848e-17
17;92;6;-1.1145992713411848e-17
17;92;7;-1.1145992713411848e-17
17;92;8;-1.1145992713411848e-17
18;92;1;0.0
18;92;2;0.0
18;92;3;0.0
18;92;4;0.0
18;92;5;0.0
18;92;6;0.0
18;92;7;0.0
18;92;8;0.0
19;92;1;0.0
19;92;2;0.0
19;92;3;0.0
19;92;4;0.0
19;92;5;0.0
19;92;6;0.0
19;92;7;0.0
19;92;8;0.0
20;92;1;0.0
20;92;2;0.0
20;92;3;-3.39400280445715e-17
20;92;4;0.0
20;92;5;0.0
20;92;6;0.0
20;92;7;0.0
20;92;8;0.0
21;92;1;-1.2065252075117824e-17
21;92;2;-1.2065252075117824e-17
21;92;3;-4.827966723215779e-17
21;92;4;-2.9241024290136873e-13
21;92;5;-1.2065252075117824e-17
21;92;6;-1.2065252075117824e-17
21;92;7;-1.2065252075117824e-17
21;92;8;-1.2065252075117824e-17
22;92;1;-2.5249155286251117e-17
22;92;2;-2.5249155286251117e-17
22;92;3;-1.2973178533213442e-16
22;92;4;-4.707345624410664e-14
22;92;5;-2.5249155286251117e-17
22;92;6;-2.5249155286251117e-17
22;92;7;-2.5249155286251117e-17
22;92;8;-2.5249155286251117e-17
23;92;1;0.0
23;92;2;0.0
23;92;3;0.0
23;92;4;0.0
23;92;5;0.0
23;92;6;0.0
23;92;7;0.0
23;92;8;0.0
24;92;1;0.0
24;92;2;0.0
24;92;3;0.0
24;92;4;0.0
24;92;5;0.0
24;92;6;0.0
24;92;7;0.0
24;92;8;0.0
25;92;1;0.0
25;92;2;0.0
25;92;3;0.0
25;92;4;0.0
25;92;5;0.0
25;92;6;0.0
25;92;7;0.0
25;92;8;0.0
26;92;1;0.0
26;92;2;0.0
26;92;3;0.0
26;92;4;0.0
26;92;5;0.0
26;92;6;0.0
26;92;7;0.0
26;92;8;0.0
27;92;1;0.0
27;92;2;0.0
27;92;3;0.0
27;92;4;0.0
27;92;5;0.0
27;92;6;0.0
27;92;7;0.0
27;92;8;0.0
28;92;1;0.0
28;92;2;0.0
28;92;3;0.0
28;92;4;0.0
28;92;5;0.0
28;92;6;0.0
28;92;7;0.0
28;92;8;0.0
29;92;1;0.0
29;92;2;0.0
29;92;3;0.0
29;92;4;0.0
29;92;5;0.0
29;92;6;0.0
29;92;7;0.0
29;92;8;0.0
30;92;1;0.0
30;92;2;0.0
30;92;3;0.0
30;92;4;0.0
30;92;5;0.0
30;92;6;0.0
30;92;7;0.0
30;92;8;0.0
31;92;1;0.0
31;92;2;0.0
31;92;3;0.0
31;92;4;0.0
31;92;5;0.0
31;92;6;0.0
31;92;7;0.0
31;92;8;0.0
32;92;1;0.0
32;92;2;0.0
32;92;3;0.0
32;92;4;0.0
32;92;5;0.0
32;92;6;0.0
32;92;7;0.0
32;92;8;0.0
33;92;1;0.0
33;92;2;0.0
33;92;3;0.0
33;92;4;0.0
33;92;5;0.0
33;92;6;0.0
33;92;7;0.0
33;92;8;0.0
34;92;1;0.0
34;92;2;0.0
34;92;3;0.0
34;92;4;0.0
34;92;5;0.0
34;92;6;0.0
34;92;7;0.0
34;92;8;0.0
35;92;1;0.0
35;92;2;0.0
35;92;3;0.0
35;92;4;0.0
35;92;5;0.0
35;92;6;0.0
35;92;7;0.0
35;92;8;0.0
36;92;1;0.0
36;92;2;0.0
36;92;3;0.0
36;92;4;0.0
36;92;5;0.0
36;92;6;0.0
36;92;7;0.0
36;92;8;0.0
37;92;1;0.0
37;92;2;0.0
37;92;3;0.0
37;92;4;0.0
37;92;5;0.0
37;92;6;0.0
37;92;7;0.0
37;92;8;0.0
38;92;1;0.0
38;92;2;0.0
38;92;3;0.0
38;92;4;0.0
38;92;5;0.0
38;92;6;0.0
38;92;7;0.0
38;92;8;0.0
39;92;1;0.0
39;92;2;0.0
39;92;3;0.0
39;92;4;0.0
39;92;5;0.0
39;92;6;0.0
39;92;7;0.0
39;92;8;0.0
40;92;1;0.0
40;92;2;0.0
40;92;3;0.0
40;92;4;0.0
40;92;5;0.0
40;92;6;0.0
40;92;7;0.0
40;92;8;0.0
41;92;1;0.0
41;92;2;0.0
41;92;3;0.0
41;92;4;0.0
41;92;5;0.0
41;92;6;0.0
41;92;7;0.0
41;92;8;0.0
42;92;1;0.0
42;92;2;0.0
42;92;3;0.0
42;92;4;0.0
42;92;5;0.0
42;92;6;0.0
42;92;7;0.0
42;92;8;0.0
43;92;1;0.0
43;92;2;0.0
43;92;3;0.0
43;92;4;0.0
43;92;5;0.0
43;92;6;0.0
43;92;7;0.0
43;92;8;0.0
44;92;1;0.0
44;92;2;0.0
44;92;3;0.0
44;92;4;0.0
44;92;5;0.0
44;92;6;0.0
44;92;7;0.0
44;92;8;0.0
45;92;1;0.0
45;92;2;0.0
45;92;3;0.0
45;92;4;0.0
45;92;5;0.0
45;92;6;0.0
45;92;7;0.0
45;92;8;0.0
46;92;1;0.0
46;92;2;0.0
46;92;3;0.0
46;92;4;0.0
46;92;5;0.0
46;92;6;0.0
46;92;7;0.0
46;92;8;0.0
47;92;1;-2.2602213300738792e-17
47;92;2;-2.2602213300738792e-17
47;92;3;-1.1539088140126973e-16
47;92;4;-2.3935456602350297e-09
47;92;5;-2.2602213300738792e-17
47;92;6;-2.2602213300738792e-17
47;92;7;-2.2602213300738792e-17
47;92;8;-2.2602213300738792e-17
48;92;1;0.0
48;92;2;0.0
48;92;3;0.0
48;92;4;0.0
48;92;5;0.0
48;92;6;0.0
48;92;7;0.0
48;92;8;0.0
49;92;1;0.0
49;92;2;0.0
49;92;3;0.0
49;92;4;0.0
49;92;5;0.0
49;92;6;0.0
49;92;7;0.0
49;92;8;0.0
50;92;1;0.0
50;92;2;0.0
50;92;3;0.0
50;92;4;0.0
50;92;5;0.0
50;92;6;0.0
50;92;7;0.0
50;92;8;0.0
51;92;1;0.0
51;92;2;0.0
51;92;3;0.0
51;92;4;0.0
51;92;5;0.0
51;92;6;0.0
51;92;7;0.0
51;92;8;0.0
52;92;1;0.0
52;92;2;0.0
52;92;3;0.0
52;92;4;-3.2561598947132497e-13
52;92;5;0.0
52;92;6;0.0
52;92;7;0.0
52;92;8;0.0
53;92;1;0.0
53;92;2;0.0
53;92;3;0.0
53;92;4;0.0
53;92;5;0.0
53;92;6;0.0
53;92;7;0.0
53;92;8;0.0
54;92;1;0.0
54;92;2;0.0
54;92;3;0.0
54;92;4;-9.222687903177213e-15
54;92;5;0.0
54;92;6;0.0
54;92;7;0.0
54;92;8;0.0
55;92;1;0.0
55;92;2;0.0
55;92;3;0.0
55;92;4;0.0
55;92;5;0.0
55;92;6;0.0
55;92;7;0.0
55;92;8;0.0
56;92;1;0.0
56;92;2;0.0
56;92;3;0.0
56;92;4;0.0
56;92;5;0.0
56;92;6;0.0
56;92;7;0.0
56;92;8;0.0
57;92;1;0.0
57;92;2;0.0
57;92;3;0.0
57;92;4;0.0
57;92;5;0.0
57;92;6;0.0
57;92;7;0.0
57;92;8;0.0
58;92;1;0.0
58;92;2;0.0
58;92;3;0.0
58;92;4;0.0
58;92;5;0.0
58;92;6;0.0
58;92;7;0.0
58;92;8;0.0
59;92;1;0.0
59;92;2;0.0
59;92;3;0.0
59;92;4;0.0
59;92;5;0.0
59;92;6;0.0
59;92;7;0.0
59;92;8;0.0
1;93;1;0.0
1;93;2;0.0
1;93;3;0.0
1;93;4;0.0
1;93;5;0.0
1;93;6;0.0
1;93;7;0.0
1;93;8;0.0
2;93;1;0.0
2;93;2;0.0
2;93;3;0.0
2;93;4;0.0
2;93;5;0.0
2;93;6;0.0
2;93;7;0.0
2;93;8;0.0
3;93;1;0.0
3;93;2;0.0
3;93;3;0.0
3;93;4;0.0
3;93;5;0.0
3;93;6;0.0
3;93;7;0.0
3;93;8;0.0
4;93;1;0.0
4;93;2;0.0
4;93;3;0.0
4;93;4;0.0
4;93;5;0.0
4;93;6;0.0
4;93;7;0.0
4;93;8;0.0
5;93;1;0.0
5;93;2;0.0
5;93;3;0.0
5;93;4;0.0
5;93;5;0.0
5;93;6;0.0
5;93;7;0.0
5;93;8;0.0
6;93;1;0.0
6;93;2;0.0
6;93;3;0.0
6;93;4;0.0
6;93;5;0.0
6;93;6;0.0
6;93;7;0.0
6;93;8;0.0
7;93;1;0.0
7;93;2;0.0
7;93;3;0.0
7;93;4;0.0
7;93;5;0.0
7;93;6;0.0
7;93;7;0.0
7;93;8;0.0
8;93;1;0.0
8;93;2;0.0
8;93;3;0.0
8;93;4;0.0
8;93;5;0.0
8;93;6;0.0
8;93;7;0.0
8;93;8;0.0
9;93;1;0.0
9;93;2;0.0
9;93;3;0.0
9;93;4;0.0
9;93;5;0.0
9;93;6;0.0
9;93;7;0.0
9;93;8;0.0
10;93;1;0.0
10;93;2;0.0
10;93;3;0.0
10;93;4;0.0
10;93;5;0.0
10;93;6;0.0
10;93;7;0.0
10;93;8;0.0
11;93;1;0.0
11;93;2;0.0
11;93;3;0.0
11;93;4;0.0
11;93;5;0.0
11;93;6;0.0
11;93;7;0.0
11;93;8;0.0
12;93;1;0.0
12;93;2;0.0
12;93;3;0.0
12;93;4;0.0
12;93;5;0.0
12;93;6;0.0
12;93;7;0.0
12;93;8;0.0
13;93;1;0.0
13;93;2;0.0
13;93;3;0.0
13;93;4;0.0
13;93;5;0.0
13;93;6;0.0
13;93;7;0.0
13;93;8;0.0
14;93;1;0.0
14;93;2;0.0
14;93;3;0.0
14;93;4;0.0
14;93;5;0.0
14;93;6;0.0
14;93;7;0.0
14;93;8;0.0
15;93;1;0.0
15;93;2;0.0
15;93;3;0.0
15;93;4;0.0
15;93;5;0.0
15;93;6;0.0
15;93;7;0.0
15;93;8;0.0
16;93;1;0.0
16;93;2;0.0
16;93;3;0.0
16;93;4;0.0
16;93;5;0.0
16;93;6;0.0
16;93;7;0.0
16;93;8;0.0
17;93;1;-1.2992947649336992e-17
17;93;2;-1.2992947649336992e-17
17;93;3;-5.536898882952382e-17
17;93;4;-8.214740301020892e-16
17;93;5;-1.2992947649336992e-17
17;93;6;-1.2992947649336992e-17
17;93;7;-1.2992947649336992e-17
17;93;8;-1.2992947649336992e-17
18;93;1;0.0
18;93;2;0.0
18;93;3;0.0
18;93;4;0.0
18;93;5;0.0
18;93;6;0.0
18;93;7;0.0
18;93;8;0.0
19;93;1;0.0
19;93;2;0.0
19;93;3;0.0
19;93;4;0.0
19;93;5;0.0
19;93;6;0.0
19;93;7;0.0
19;93;8;0.0
20;93;1;0.0
20;93;2;0.0
20;93;3;-3.3733603739337164e-17
20;93;4;0.0
20;93;5;0.0
20;93;6;0.0
20;93;7;0.0
20;93;8;0.0
21;93;1;-1.4135084070325023e-17
21;93;2;-1.4135084070325023e-17
21;93;3;-5.959248954594842e-17
21;93;4;-1.4730610196610802e-15
21;93;5;-1.4135084070325023e-17
21;93;6;-1.4135084070325023e-17
21;93;7;-1.4135084070325023e-17
21;93;8;-1.4135084070325023e-17
22;93;1;-2.883084856375089e-17
22;93;2;-2.883084856375089e-17
22;93;3;-1.3943967535103424e-16
22;93;4;-0.0
22;93;5;-2.883084856375089e-17
22;93;6;-2.883084856375089e-17
22;93;7;-2.883084856375089e-17
22;93;8;-2.883084856375089e-17
23;93;1;0.0
23;93;2;0.0
23;93;3;0.0
23;93;4;0.0
23;93;5;0.0
23;93;6;0.0
23;93;7;0.0
23;93;8;0.0
24;93;1;0.0
24;93;2;0.0
24;93;3;0.0
24;93;4;0.0
24;93;5;0.0
24;93;6;0.0
24;93;7;0.0
24;93;8;0.0
25;93;1;0.0
25;93;2;0.0
25;93;3;0.0
25;93;4;0.0
25;93;5;0.0
25;93;6;0.0
25;93;7;0.0
25;93;8;0.0
26;93;1;0.0
26;93;2;0.0
26;93;3;0.0
26;93;4;0.0
26;93;5;0.0
26;93;6;0.0
26;93;7;0.0
26;93;8;0.0
27;93;1;0.0
27;93;2;0.0
27;93;3;0.0
27;93;4;0.0
27;93;5;0.0
27;93;6;0.0
27;93;7;0.0
27;93;8;0.0
28;93;1;0.0
28;93;2;0.0
28;93;3;0.0
28;93;4;0.0
28;93;5;0.0
28;93;6;0.0
28;93;7;0.0
28;93;8;0.0
29;93;1;0.0
29;93;2;0.0
29;93;3;0.0
29;93;4;0.0
29;93;5;0.0
29;93;6;0.0
29;93;7;0.0
29;93;8;0.0
30;93;1;0.0
30;93;2;0.0
30;93;3;0.0
30;93;4;0.0
30;93;5;0.0
30;93;6;0.0
30;93;7;0.0
30;93;8;0.0
31;93;1;0.0
31;93;2;0.0
31;93;3;0.0
31;93;4;0.0
31;93;5;0.0
31;93;6;0.0
31;93;7;0.0
31;93;8;0.0
32;93;1;0.0
32;93;2;0.0
32;93;3;0.0
32;93;4;0.0
32;93;5;0.0
32;93;6;0.0
32;93;7;0.0
32;93;8;0.0
33;93;1;0.0
33;93;2;0.0
33;93;3;0.0
33;93;4;0.0
33;93;5;0.0
33;93;6;0.0
33;93;7;0.0
33;93;8;0.0
34;93;1;0.0
34;93;2;0.0
34;93;3;0.0
34;93;4;0.0
34;93;5;0.0
34;93;6;0.0
34;93;7;0.0
34;93;8;0.0
35;93;1;0.0
35;93;2;0.0
35;93;3;0.0
35;93;4;0.0
35;93;5;0.0
35;93;6;0.0
35;93;7;0.0
35;93;8;0.0
36;93;1;0.0
36;93;2;0.0
36;93;3;0.0
36;93;4;0.0
36;93;5;0.0
36;93;6;0.0
36;93;7;0.0
36;93;8;0.0
37;93;1;0.0
37;93;2;0.0
37;93;3;0.0
37;93;4;0.0
37;93;5;0.0
37;93;6;0.0
37;93;7;0.0
37;93;8;0.0
38;93;1;0.0
38;93;2;0.0
38;93;3;0.0
38;93;4;0.0
38;93;5;0.0
38;93;6;0.0
38;93;7;0.0
38;93;8;0.0
39;93;1;0.0
39;93;2;0.0
39;93;3;0.0
39;93;4;0.0
39;93;5;0.0
39;93;6;0.0
39;93;7;0.0
39;93;8;0.0
40;93;1;0.0
40;93;2;0.0
40;93;3;0.0
40;93;4;0.0
40;93;5;0.0
40;93;6;0.0
40;93;7;0.0
40;93;8;0.0
41;93;1;0.0
41;93;2;0.0
41;93;3;0.0
41;93;4;0.0
41;93;5;0.0
41;93;6;0.0
41;93;7;0.0
41;93;8;0.0
42;93;1;0.0
42;93;2;0.0
42;93;3;0.0
42;93;4;0.0
42;93;5;0.0
42;93;6;0.0
42;93;7;0.0
42;93;8;0.0
43;93;1;0.0
43;93;2;0.0
43;93;3;0.0
43;93;4;0.0
43;93;5;0.0
43;93;6;0.0
43;93;7;0.0
43;93;8;0.0
44;93;1;0.0
44;93;2;0.0
44;93;3;0.0
44;93;4;0.0
44;93;5;0.0
44;93;6;0.0
44;93;7;0.0
44;93;8;0.0
45;93;1;0.0
45;93;2;0.0
45;93;3;0.0
45;93;4;0.0
45;93;5;0.0
45;93;6;0.0
45;93;7;0.0
45;93;8;0.0
46;93;1;0.0
46;93;2;0.0
46;93;3;0.0
46;93;4;0.0
46;93;5;0.0
46;93;6;0.0
46;93;7;0.0
46;93;8;0.0
47;93;1;-2.787277286058999e-17
47;93;2;-2.787277286058999e-17
47;93;3;-1.2143328305275078e-16
47;93;4;-2.0994086155887476e-15
47;93;5;-2.787277286058999e-17
47;93;6;-2.787277286058999e-17
47;93;7;-2.787277286058999e-17
47;93;8;-2.787277286058999e-17
48;93;1;0.0
48;93;2;0.0
48;93;3;0.0
48;93;4;0.0
48;93;5;0.0
48;93;6;0.0
48;93;7;0.0
48;93;8;0.0
49;93;1;0.0
49;93;2;0.0
49;93;3;0.0
49;93;4;0.0
49;93;5;0.0
49;93;6;0.0
49;93;7;0.0
49;93;8;0.0
50;93;1;0.0
50;93;2;0.0
50;93;3;0.0
50;93;4;0.0
50;93;5;0.0
50;93;6;0.0
50;93;7;0.0
50;93;8;0.0
51;93;1;0.0
51;93;2;0.0
51;93;3;0.0
51;93;4;0.0
51;93;5;0.0
51;93;6;0.0
51;93;7;0.0
51;93;8;0.0
52;93;1;0.0
52;93;2;0.0
52;93;3;0.0
52;93;4;-1.3409919509682386e-15
52;93;5;0.0
52;93;6;0.0
52;93;7;0.0
52;93;8;0.0
53;93;1;0.0
53;93;2;0.0
53;93;3;0.0
53;93;4;0.0
53;93;5;0.0
53;93;6;0.0
53;93;7;0.0
53;93;8;0.0
54;93;1;0.0
54;93;2;0.0
54;93;3;0.0
54;93;4;-3.347486514415254e-16
54;93;5;0.0
54;93;6;0.0
54;93;7;0.0
54;93;8;0.0
55;93;1;0.0
55;93;2;0.0
55;93;3;0.0
55;93;4;0.0
55;93;5;0.0
55;93;6;0.0
55;93;7;0.0
55;93;8;0.0
56;93;1;0.0
56;93;2;0.0
56;93;3;0.0
56;93;4;0.0
56;93;5;0.0
56;93;6;0.0
56;93;7;0.0
56;93;8;0.0
57;93;1;0.0
57;93;2;0.0
57;93;3;0.0
57;93;4;0.0
57;93;5;0.0
57;93;6;0.0
57;93;7;0.0
57;93;8;0.0
58;93;1;0.0
58;93;2;0.0
58;93;3;0.0
58;93;4;0.0
58;93;5;0.0
58;93;6;0.0
58;93;7;0.0
58;93;8;0.0
59;93;1;0.0
59;93;2;0.0
59;93;3;0.0
59;93;4;0.0
59;93;5;0.0
59;93;6;0.0
59;93;7;0.0
59;93;8;0.0
1;94;1;0.0
1;94;2;0.0
1;94;3;0.0
1;94;4;0.0
1;94;5;0.0
1;94;6;0.0
1;94;7;0.0
1;94;8;0.0
2;94;1;0.0
2;94;2;0.0
2;94;3;0.0
2;94;4;0.0
2;94;5;0.0
2;94;6;0.0
2;94;7;0.0
2;94;8;0.0
3;94;1;0.0
3;94;2;0.0
3;94;3;0.0
3;94;4;0.0
3;94;5;0.0
3;94;6;0.0
3;94;7;0.0
3;94;8;0.0
4;94;1;0.0
4;94;2;0.0
4;94;3;0.0
4;94;4;0.0
4;94;5;0.0
4;94;6;0.0
4;94;7;0.0
4;94;8;0.0
5;94;1;0.0
5;94;2;0.0
5;94;3;0.0
5;94;4;0.0
5;94;5;0.0
5;94;6;0.0
5;94;7;0.0
5;94;8;0.0
6;94;1;0.0
6;94;2;0.0
6;94;3;0.0
6;94;4;0.0
6;94;5;0.0
6;94;6;0.0
6;94;7;0.0
6;94;8;0.0
7;94;1;0.0
7;94;2;0.0
7;94;3;0.0
7;94;4;0.0
7;94;5;0.0
7;94;6;0.0
7;94;7;0.0
7;94;8;0.0
8;94;1;0.0
8;94;2;0.0
8;94;3;0.0
8;94;4;0.0
8;94;5;0.0
8;94;6;0.0
8;94;7;0.0
8;94;8;0.0
9;94;1;0.0
9;94;2;0.0
9;94;3;0.0
9;94;4;0.0
9;94;5;0.0
9;94;6;0.0
9;94;7;0.0
9;94;8;0.0
10;94;1;0.0
10;94;2;0.0
10;94;3;0.0
10;94;4;0.0
10;94;5;0.0
10;94;6;0.0
10;94;7;0.0
10;94;8;0.0
11;94;1;0.0
11;94;2;0.0
11;94;3;0.0
11;94;4;0.0
11;94;5;0.0
11;94;6;0.0
11;94;7;0.0
11;94;8;0.0
12;94;1;0.0
12;94;2;0.0
12;94;3;0.0
12;94;4;0.0
12;94;5;0.0
12;94;6;0.0
12;94;7;0.0
12;94;8;0.0
13;94;1;0.0
13;94;2;0.0
13;94;3;0.0
13;94;4;0.0
13;94;5;0.0
13;94;6;0.0
13;94;7;0.0
13;94;8;0.0
14;94;1;0.0
14;94;2;0.0
14;94;3;0.0
14;94;4;0.0
14;94;5;0.0
14;94;6;0.0
14;94;7;0.0
14;94;8;0.0
15;94;1;0.0
15;94;2;0.0
15;94;3;0.0
15;94;4;0.0
15;94;5;0.0
15;94;6;0.0
15;94;7;0.0
15;94;8;0.0
16;94;1;0.0
16;94;2;0.0
16;94;3;0.0
16;94;4;0.0
16;94;5;0.0
16;94;6;0.0
16;94;7;0.0
16;94;8;0.0
17;94;1;-1.5169124129120406e-17
17;94;2;-1.5169124129120406e-17
17;94;3;-6.264731054806904e-17
17;94;4;-0.9999999999823987
17;94;5;-1.5169124129120406e-17
17;94;6;-1.5169124129120406e-17
17;94;7;-1.5169124129120406e-17
17;94;8;-1.5169124129120406e-17
18;94;1;0.0
18;94;2;0.0
18;94;3;0.0
18;94;4;0.0
18;94;5;0.0
18;94;6;0.0
18;94;7;0.0
18;94;8;0.0
19;94;1;0.0
19;94;2;0.0
19;94;3;0.0
19;94;4;0.0
19;94;5;0.0
19;94;6;0.0
19;94;7;0.0
19;94;8;0.0
20;94;1;0.0
20;94;2;0.0
20;94;3;-4.6153355537807064e-17
20;94;4;0.0
20;94;5;0.0
20;94;6;0.0
20;94;7;0.0
20;94;8;0.0
21;94;1;-1.7142910616076294e-17
21;94;2;-1.7142910616076294e-17
21;94;3;-7.095890342724809e-17
21;94;4;-2.947154279264006e-13
21;94;5;-1.7142910616076294e-17
21;94;6;-1.7142910616076294e-17
21;94;7;-1.7142910616076294e-17
21;94;8;-1.7142910616076294e-17
22;94;1;-3.2108780821415485e-17
22;94;2;-3.2108780821415485e-17
22;94;3;-1.7813314636339128e-16
22;94;4;-4.796163466380676e-14
22;94;5;-3.2108780821415485e-17
22;94;6;-3.2108780821415485e-17
22;94;7;-3.2108780821415485e-17
22;94;8;-3.2108780821415485e-17
23;94;1;0.0
23;94;2;0.0
23;94;3;0.0
23;94;4;0.0
23;94;5;0.0
23;94;6;0.0
23;94;7;0.0
23;94;8;0.0
24;94;1;0.0
24;94;2;0.0
24;94;3;0.0
24;94;4;0.0
24;94;5;0.0
24;94;6;0.0
24;94;7;0.0
24;94;8;0.0
25;94;1;0.0
25;94;2;0.0
25;94;3;0.0
25;94;4;0.0
25;94;5;0.0
25;94;6;0.0
25;94;7;0.0
25;94;8;0.0
26;94;1;0.0
26;94;2;0.0
26;94;3;0.0
26;94;4;0.0
26;94;5;0.0
26;94;6;0.0
26;94;7;0.0
26;94;8;0.0
27;94;1;0.0
27;94;2;0.0
27;94;3;0.0
27;94;4;0.0
27;94;5;0.0
27;94;6;0.0
27;94;7;0.0
27;94;8;0.0
28;94;1;0.0
28;94;2;0.0
28;94;3;0.0
28;94;4;0.0
28;94;5;0.0
28;94;6;0.0
28;94;7;0.0
28;94;8;0.0
29;94;1;0.0
29;94;2;0.0
29;94;3;0.0
29;94;4;0.0
29;94;5;0.0
29;94;6;0.0
29;94;7;0.0
29;94;8;0.0
30;94;1;0.0
30;94;2;0.0
30;94;3;0.0
30;94;4;0.0
30;94;5;0.0
30;94;6;0.0
30;94;7;0.0
30;94;8;0.0
31;94;1;0.0
31;94;2;0.0
31;94;3;0.0
31;94;4;0.0
31;94;5;0.0
31;94;6;0.0
31;94;7;0.0
31;94;8;0.0
32;94;1;0.0
32;94;2;0.0
32;94;3;0.0
32;94;4;0.0
32;94;5;0.0
32;94;6;0.0
32;94;7;0.0
32;94;8;0.0
33;94;1;0.0
33;94;2;0.0
33;94;3;0.0
33;94;4;0.0
33;94;5;0.0
33;94;6;0.0
33;94;7;0.0
33;94;8;0.0
34;94;1;0.0
34;94;2;0.0
34;94;3;0.0
34;94;4;0.0
34;94;5;0.0
34;94;6;0.0
34;94;7;0.0
34;94;8;0.0
35;94;1;0.0
35;94;2;0.0
35;94;3;0.0
35;94;4;0.0
35;94;5;0.0
35;94;6;0.0
35;94;7;0.0
35;94;8;0.0
36;94;1;0.0
36;94;2;0.0
36;94;3;0.0
36;94;4;0.0
36;94;5;0.0
36;94;6;0.0
36;94;7;0.0
36;94;8;0.0
37;94;1;0.0
37;94;2;0.0
37;94;3;0.0
37;94;4;0.0
37;94;5;0.0
37;94;6;0.0
37;94;7;0.0
37;94;8;0.0
38;94;1;0.0
38;94;2;0.0
38;94;3;0.0
38;94;4;0.0
38;94;5;0.0
38;94;6;0.0
38;94;7;0.0
38;94;8;0.0
39;94;1;0.0
39;94;2;0.0
39;94;3;0.0
39;94;4;0.0
39;94;5;0.0
39;94;6;0.0
39;94;7;0.0
39;94;8;0.0
40;94;1;0.0
40;94;2;0.0
40;94;3;0.0
40;94;4;0.0
40;94;5;0.0
40;94;6;0.0
40;94;7;0.0
40;94;8;0.0
41;94;1;0.0
41;94;2;0.0
41;94;3;0.0
41;94;4;0.0
41;94;5;0.0
41;94;6;0.0
41;94;7;0.0
41;94;8;0.0
42;94;1;0.0
42;94;2;0.0
42;94;3;0.0
42;94;4;0.0
42;94;5;0.0
42;94;6;0.0
42;94;7;0.0
42;94;8;0.0
43;94;1;0.0
43;94;2;0.0
43;94;3;0.0
43;94;4;0.0
43;94;5;0.0
43;94;6;0.0
43;94;7;0.0
43;94;8;0.0
44;94;1;0.0
44;94;2;0.0
44;94;3;0.0
44;94;4;0.0
44;94;5;0.0
44;94;6;0.0
44;94;7;0.0
44;94;8;0.0
45;94;1;0.0
45;94;2;0.0
45;94;3;0.0
45;94;4;0.0
45;94;5;0.0
45;94;6;0.0
45;94;7;0.0
45;94;8;0.0
46;94;1;0.0
46;94;2;0.0
46;94;3;0.0
46;94;4;0.0
46;94;5;0.0
46;94;6;0.0
46;94;7;0.0
46;94;8;0.0
47;94;1;-3.429624209011268e-17
47;94;2;-3.429624209011268e-17
47;94;3;-1.362472250445102e-16
47;94;4;-1.9748484697407232e-12
47;94;5;-3.429624209011268e-17
47;94;6;-3.429624209011268e-17
47;94;7;-3.429624209011268e-17
47;94;8;-3.429624209011268e-17
48;94;1;0.0
48;94;2;0.0
48;94;3;0.0
48;94;4;0.0
48;94;5;0.0
48;94;6;0.0
48;94;7;0.0
48;94;8;0.0
49;94;1;0.0
49;94;2;0.0
49;94;3;0.0
49;94;4;0.0
49;94;5;0.0
49;94;6;0.0
49;94;7;0.0
49;94;8;0.0
50;94;1;0.0
50;94;2;0.0
50;94;3;0.0
50;94;4;0.0
50;94;5;0.0
50;94;6;0.0
50;94;7;0.0
50;94;8;0.0
51;94;1;0.0
51;94;2;0.0
51;94;3;0.0
51;94;4;0.0
51;94;5;0.0
51;94;6;0.0
51;94;7;0.0
51;94;8;0.0
52;94;1;0.0
52;94;2;0.0
52;94;3;0.0
52;94;4;-3.1839719923837096e-13
52;94;5;0.0
52;94;6;0.0
52;94;7;0.0
52;94;8;0.0
53;94;1;0.0
53;94;2;0.0
53;94;3;0.0
53;94;4;0.0
53;94;5;0.0
53;94;6;0.0
53;94;7;0.0
53;94;8;0.0
54;94;1;0.0
54;94;2;0.0
54;94;3;0.0
54;94;4;-7.860274947986259e-15
54;94;5;0.0
54;94;6;0.0
54;94;7;0.0
54;94;8;0.0
55;94;1;0.0
55;94;2;0.0
55;94;3;0.0
55;94;4;0.0
55;94;5;0.0
55;94;6;0.0
55;94;7;0.0
55;94;8;0.0
56;94;1;0.0
56;94;2;0.0
56;94;3;0.0
56;94;4;0.0
56;94;5;0.0
56;94;6;0.0
56;94;7;0.0
56;94;8;0.0
57;94;1;0.0
57;94;2;0.0
57;94;3;0.0
57;94;4;0.0
57;94;5;0.0
57;94;6;0.0
57;94;7;0.0
57;94;8;0.0
58;94;1;0.0
58;94;2;0.0
58;94;3;0.0
58;94;4;0.0
58;94;5;0.0
58;94;6;0.0
58;94;7;0.0
58;94;8;0.0
59;94;1;0.0
59;94;2;0.0
59;94;3;0.0
59;94;4;0.0
59;94;5;0.0
59;94;6;0.0
59;94;7;0.0
59;94;8;0.0
1;95;1;0.0
1;95;2;0.0
1;95;3;0.0
1;95;4;0.0
1;95;5;0.0
1;95;6;0.0
1;95;7;0.0
1;95;8;0.0
2;95;1;0.0
2;95;2;0.0
2;95;3;0.0
2;95;4;0.0
2;95;5;0.0
2;95;6;0.0
2;95;7;0.0
2;95;8;0.0
3;95;1;0.0
3;95;2;0.0
3;95;3;0.0
3;95;4;0.0
3;95;5;0.0
3;95;6;0.0
3;95;7;0.0
3;95;8;0.0
4;95;1;0.0
4;95;2;0.0
4;95;3;0.0
4;95;4;0.0
4;95;5;0.0
4;95;6;0.0
4;95;7;0.0
4;95;8;0.0
5;95;1;0.0
5;95;2;0.0
5;95;3;0.0
5;95;4;0.0
5;95;5;0.0
5;95;6;0.0
5;95;7;0.0
5;95;8;0.0
6;95;1;0.0
6;95;2;0.0
6;95;3;0.0
6;95;4;0.0
6;95;5;0.0
6;95;6;0.0
6;95;7;0.0
6;95;8;0.0
7;95;1;0.0
7;95;2;0.0
7;95;3;0.0
7;95;4;0.0
7;95;5;0.0
7;95;6;0.0
7;95;7;0.0
7;95;8;0.0
8;95;1;0.0
8;95;2;0.0
8;95;3;0.0
8;95;4;0.0
8;95;5;0.0
8;95;6;0.0
8;95;7;0.0
8;95;8;0.0
9;95;1;0.0
9;95;2;0.0
9;95;3;0.0
9;95;4;0.0
9;95;5;0.0
9;95;6;0.0
9;95;7;0.0
9;95;8;0.0
10;95;1;0.0
10;95;2;0.0
10;95;3;0.0
10;95;4;0.0
10;95;5;0.0
10;95;6;0.0
10;95;7;0.0
10;95;8;0.0
11;95;1;0.0
11;95;2;0.0
11;95;3;0.0
11;95;4;0.0
11;95;5;0.0
11;95;6;0.0
11;95;7;0.0
11;95;8;0.0
12;95;1;0.0
12;95;2;0.0
12;95;3;0.0
12;95;4;0.0
12;95;5;0.0
12;95;6;0.0
12;95;7;0.0
12;95;8;0.0
13;95;1;0.0
13;95;2;0.0
13;95;3;0.0
13;95;4;0.0
13;95;5;0.0
13;95;6;0.0
13;95;7;0.0
13;95;8;0.0
14;95;1;0.0
14;95;2;0.0
14;95;3;0.0
14;95;4;0.0
14;95;5;0.0
14;95;6;0.0
14;95;7;0.0
14;95;8;0.0
15;95;1;0.0
15;95;2;0.0
15;95;3;0.0
15;95;4;0.0
15;95;5;0.0
15;95;6;0.0
15;95;7;0.0
15;95;8;0.0
16;95;1;0.0
16;95;2;0.0
16;95;3;0.0
16;95;4;0.0
16;95;5;0.0
16;95;6;0.0
16;95;7;0.0
16;95;8;0.0
17;95;1;-1.8540573877925428e-17
17;95;2;-1.8540573877925428e-17
17;95;3;-7.196756137785513e-17
17;95;4;-0.9999999999904428
17;95;5;-1.8540573877925428e-17
17;95;6;-1.8540573877925428e-17
17;95;7;-1.8540573877925428e-17
17;95;8;-1.8540573877925428e-17
18;95;1;0.0
18;95;2;0.0
18;95;3;0.0
18;95;4;0.0
18;95;5;0.0
18;95;6;0.0
18;95;7;0.0
18;95;8;0.0
19;95;1;0.0
19;95;2;0.0
19;95;3;0.0
19;95;4;0.0
19;95;5;0.0
19;95;6;0.0
19;95;7;0.0
19;95;8;0.0
20;95;1;0.0
20;95;2;0.0
20;95;3;-5.0180633739451e-17
20;95;4;0.0
20;95;5;0.0
20;95;6;0.0
20;95;7;0.0
20;95;8;0.0
21;95;1;-2.2450148334145242e-17
21;95;2;-2.2450148334145242e-17
21;95;3;-8.604978929118237e-17
21;95;4;-2.9237777068482487e-13
21;95;5;-2.2450148334145242e-17
21;95;6;-2.2450148334145242e-17
21;95;7;-2.2450148334145242e-17
21;95;8;-2.2450148334145242e-17
22;95;1;-3.954156828463573e-17
22;95;2;-3.954156828463573e-17
22;95;3;-2.0068295978104239e-16
22;95;4;-5.3290705182007514e-14
22;95;5;-3.954156828463573e-17
22;95;6;-3.954156828463573e-17
22;95;7;-3.954156828463573e-17
22;95;8;-3.954156828463573e-17
23;95;1;0.0
23;95;2;0.0
23;95;3;0.0
23;95;4;0.0
23;95;5;0.0
23;95;6;0.0
23;95;7;0.0
23;95;8;0.0
24;95;1;0.0
24;95;2;0.0
24;95;3;0.0
24;95;4;0.0
24;95;5;0.0
24;95;6;0.0
24;95;7;0.0
24;95;8;0.0
25;95;1;0.0
25;95;2;0.0
25;95;3;0.0
25;95;4;0.0
25;95;5;0.0
25;95;6;0.0
25;95;7;0.0
25;95;8;0.0
26;95;1;0.0
26;95;2;0.0
26;95;3;0.0
26;95;4;0.0
26;95;5;0.0
26;95;6;0.0
26;95;7;0.0
26;95;8;0.0
27;95;1;0.0
27;95;2;0.0
27;95;3;0.0
27;95;4;0.0
27;95;5;0.0
27;95;6;0.0
27;95;7;0.0
27;95;8;0.0
28;95;1;0.0
28;95;2;0.0
28;95;3;0.0
28;95;4;0.0
28;95;5;0.0
28;95;6;0.0
28;95;7;0.0
28;95;8;0.0
29;95;1;0.0
29;95;2;0.0
29;95;3;0.0
29;95;4;0.0
29;95;5;0.0
29;95;6;0.0
29;95;7;0.0
29;95;8;0.0
30;95;1;0.0
30;95;2;0.0
30;95;3;0.0
30;95;4;0.0
30;95;5;0.0
30;95;6;0.0
30;95;7;0.0
30;95;8;0.0
31;95;1;0.0
31;95;2;0.0
31;95;3;0.0
31;95;4;0.0
31;95;5;0.0
31;95;6;0.0
31;95;7;0.0
31;95;8;0.0
32;95;1;0.0
32;95;2;0.0
32;95;3;0.0
32;95;4;0.0
32;95;5;0.0
32;95;6;0.0
32;95;7;0.0
32;95;8;0.0
33;95;1;0.0
33;95;2;0.0
33;95;3;0.0
33;95;4;0.0
33;95;5;0.0
33;95;6;0.0
33;95;7;0.0
33;95;8;0.0
34;95;1;0.0
34;95;2;0.0
34;95;3;0.0
34;95;4;0.0
34;95;5;0.0
34;95;6;0.0
34;95;7;0.0
34;95;8;0.0
35;95;1;0.0
35;95;2;0.0
35;95;3;0.0
35;95;4;0.0
35;95;5;0.0
35;95;6;0.0
35;95;7;0.0
35;95;8;0.0
36;95;1;0.0
36;95;2;0.0
36;95;3;0.0
36;95;4;0.0
36;95;5;0.0
36;95;6;0.0
36;95;7;0.0
36;95;8;0.0
37;95;1;0.0
37;95;2;0.0
37;95;3;0.0
37;95;4;0.0
37;95;5;0.0
37;95;6;0.0
37;95;7;0.0
37;95;8;0.0
38;95;1;0.0
38;95;2;0.0
38;95;3;0.0
38;95;4;0.0
38;95;5;0.0
38;95;6;0.0
38;95;7;0.0
38;95;8;0.0
39;95;1;0.0
39;95;2;0.0
39;95;3;0.0
39;95;4;0.0
39;95;5;0.0
39;95;6;0.0
39;95;7;0.0
39;95;8;0.0
40;95;1;0.0
40;95;2;0.0
40;95;3;0.0
40;95;4;0.0
40;95;5;0.0
40;95;6;0.0
40;95;7;0.0
40;95;8;0.0
41;95;1;0.0
41;95;2;0.0
41;95;3;0.0
41;95;4;0.0
41;95;5;0.0
41;95;6;0.0
41;95;7;0.0
41;95;8;0.0
42;95;1;0.0
42;95;2;0.0
42;95;3;0.0
42;95;4;0.0
42;95;5;0.0
42;95;6;0.0
42;95;7;0.0
42;95;8;0.0
43;95;1;0.0
43;95;2;0.0
43;95;3;0.0
43;95;4;0.0
43;95;5;0.0
43;95;6;0.0
43;95;7;0.0
43;95;8;0.0
44;95;1;0.0
44;95;2;0.0
44;95;3;0.0
44;95;4;0.0
44;95;5;0.0
44;95;6;0.0
44;95;7;0.0
44;95;8;0.0
45;95;1;0.0
45;95;2;0.0
45;95;3;0.0
45;95;4;0.0
45;95;5;0.0
45;95;6;0.0
45;95;7;0.0
45;95;8;0.0
46;95;1;0.0
46;95;2;0.0
46;95;3;0.0
46;95;4;0.0
46;95;5;0.0
46;95;6;0.0
46;95;7;0.0
46;95;8;0.0
47;95;1;-4.439548682607309e-17
47;95;2;-4.439548682607309e-17
47;95;3;-1.596275287645983e-16
47;95;4;-1.9919837542800206e-12
47;95;5;-4.439548682607309e-17
47;95;6;-4.439548682607309e-17
47;95;7;-4.439548682607309e-17
47;95;8;-4.439548682607309e-17
48;95;1;0.0
48;95;2;0.0
48;95;3;0.0
48;95;4;0.0
48;95;5;0.0
48;95;6;0.0
48;95;7;0.0
48;95;8;0.0
49;95;1;0.0
49;95;2;0.0
49;95;3;0.0
49;95;4;0.0
49;95;5;0.0
49;95;6;0.0
49;95;7;0.0
49;95;8;0.0
50;95;1;0.0
50;95;2;0.0
50;95;3;0.0
50;95;4;0.0
50;95;5;0.0
50;95;6;0.0
50;95;7;0.0
50;95;8;0.0
51;95;1;0.0
51;95;2;0.0
51;95;3;0.0
51;95;4;0.0
51;95;5;0.0
51;95;6;0.0
51;95;7;0.0
51;95;8;0.0
52;95;1;0.0
52;95;2;0.0
52;95;3;0.0
52;95;4;-3.2668151168563306e-13
52;95;5;0.0
52;95;6;0.0
52;95;7;0.0
52;95;8;0.0
53;95;1;0.0
53;95;2;0.0
53;95;3;0.0
53;95;4;0.0
53;95;5;0.0
53;95;6;0.0
53;95;7;0.0
53;95;8;0.0
54;95;1;0.0
54;95;2;0.0
54;95;3;0.0
54;95;4;-7.787133370857638e-15
54;95;5;0.0
54;95;6;0.0
54;95;7;0.0
54;95;8;0.0
55;95;1;0.0
55;95;2;0.0
55;95;3;0.0
55;95;4;0.0
55;95;5;0.0
55;95;6;0.0
55;95;7;0.0
55;95;8;0.0
56;95;1;0.0
56;95;2;0.0
56;95;3;0.0
56;95;4;0.0
56;95;5;0.0
56;95;6;0.0
56;95;7;0.0
56;95;8;0.0
57;95;1;0.0
57;95;2;0.0
57;95;3;0.0
57;95;4;0.0
57;95;5;0.0
57;95;6;0.0
57;95;7;0.0
57;95;8;0.0
58;95;1;0.0
58;95;2;0.0
58;95;3;0.0
58;95;4;0.0
58;95;5;0.0
58;95;6;0.0
58;95;7;0.0
58;95;8;0.0
59;95;1;0.0
59;95;2;0.0
59;95;3;0.0
59;95;4;0.0
59;95;5;0.0
59;95;6;0.0
59;95;7;0.0
59;95;8;0.0
1;96;1;0.0
1;96;2;0.0
1;96;3;0.0
1;96;4;0.0
1;96;5;0.0
1;96;6;0.0
1;96;7;0.0
1;96;8;0.0
2;96;1;0.0
2;96;2;0.0
2;96;3;0.0
2;96;4;0.0
2;96;5;0.0
2;96;6;0.0
2;96;7;0.0
2;96;8;0.0
3;96;1;0.0
3;96;2;0.0
3;96;3;0.0
3;96;4;0.0
3;96;5;0.0
3;96;6;0.0
3;96;7;0.0
3;96;8;0.0
4;96;1;0.0
4;96;2;0.0
4;96;3;0.0
4;96;4;0.0
4;96;5;0.0
4;96;6;0.0
4;96;7;0.0
4;96;8;0.0
5;96;1;0.0
5;96;2;0.0
5;96;3;0.0
5;96;4;0.0
5;96;5;0.0
5;96;6;0.0
5;96;7;0.0
5;96;8;0.0
6;96;1;0.0
6;96;2;0.0
6;96;3;0.0
6;96;4;0.0
6;96;5;0.0
6;96;6;0.0
6;96;7;0.0
6;96;8;0.0
7;96;1;0.0
7;96;2;0.0
7;96;3;0.0
7;96;4;0.0
7;96;5;0.0
7;96;6;0.0
7;96;7;0.0
7;96;8;0.0
8;96;1;0.0
8;96;2;0.0
8;96;3;0.0
8;96;4;0.0
8;96;5;0.0
8;96;6;0.0
8;96;7;0.0
8;96;8;0.0
9;96;1;0.0
9;96;2;0.0
9;96;3;0.0
9;96;4;0.0
9;96;5;0.0
9;96;6;0.0
9;96;7;0.0
9;96;8;0.0
10;96;1;0.0
10;96;2;0.0
10;96;3;0.0
10;96;4;0.0
10;96;5;0.0
10;96;6;0.0
10;96;7;0.0
10;96;8;0.0
11;96;1;0.0
11;96;2;0.0
11;96;3;0.0
11;96;4;0.0
11;96;5;0.0
11;96;6;0.0
11;96;7;0.0
11;96;8;0.0
12;96;1;0.0
12;96;2;0.0
12;96;3;0.0
12;96;4;0.0
12;96;5;0.0
12;96;6;0.0
12;96;7;0.0
12;96;8;0.0
13;96;1;0.0
13;96;2;0.0
13;96;3;0.0
13;96;4;0.0
13;96;5;0.0
13;96;6;0.0
13;96;7;0.0
13;96;8;0.0
14;96;1;0.0
14;96;2;0.0
14;96;3;0.0
14;96;4;0.0
14;96;5;0.0
14;96;6;0.0
14;96;7;0.0
14;96;8;0.0
15;96;1;0.0
15;96;2;0.0
15;96;3;0.0
15;96;4;0.0
15;96;5;0.0
15;96;6;0.0
15;96;7;0.0
15;96;8;0.0
16;96;1;0.0
16;96;2;0.0
16;96;3;0.0
16;96;4;0.0
16;96;5;0.0
16;96;6;0.0
16;96;7;0.0
16;96;8;0.0
17;96;1;-2.630169707445662e-17
17;96;2;-2.630169707445662e-17
17;96;3;-9.925518287399623e-17
17;96;4;-9.348155237607773e-16
17;96;5;-2.630169707445662e-17
17;96;6;-2.630169707445662e-17
17;96;7;-2.630169707445662e-17
17;96;8;-2.630169707445662e-17
18;96;1;0.0
18;96;2;0.0
18;96;3;0.0
18;96;4;0.0
18;96;5;0.0
18;96;6;0.0
18;96;7;0.0
18;96;8;0.0
19;96;1;0.0
19;96;2;0.0
19;96;3;0.0
19;96;4;0.0
19;96;5;0.0
19;96;6;0.0
19;96;7;0.0
19;96;8;0.0
20;96;1;0.0
20;96;2;0.0
20;96;3;5.736089692178567e-16
20;96;4;0.0
20;96;5;0.0
20;96;6;0.0
20;96;7;0.0
20;96;8;0.0
21;96;1;-3.6691253890213894e-17
21;96;2;-3.6691253890213894e-17
21;96;3;-1.3141655647678854e-16
21;96;4;-1.5325139653671471e-15
21;96;5;-3.6691253890213894e-17
21;96;6;-3.6691253890213894e-17
21;96;7;-3.6691253890213894e-17
21;96;8;-3.6691253890213894e-17
22;96;1;-6.323507419925325e-17
22;96;2;-6.323507419925325e-17
22;96;3;-3.109352306426735e-16
22;96;4;-0.0
22;96;5;-6.323507419925325e-17
22;96;6;-6.323507419925325e-17
22;96;7;-6.323507419925325e-17
22;96;8;-6.323507419925325e-17
23;96;1;0.0
23;96;2;0.0
23;96;3;0.0
23;96;4;0.0
23;96;5;0.0
23;96;6;0.0
23;96;7;0.0
23;96;8;0.0
24;96;1;0.0
24;96;2;0.0
24;96;3;0.0
24;96;4;0.0
24;96;5;0.0
24;96;6;0.0
24;96;7;0.0
24;96;8;0.0
25;96;1;0.0
25;96;2;0.0
25;96;3;0.0
25;96;4;0.0
25;96;5;0.0
25;96;6;0.0
25;96;7;0.0
25;96;8;0.0
26;96;1;0.0
26;96;2;0.0
26;96;3;0.0
26;96;4;0.0
26;96;5;0.0
26;96;6;0.0
26;96;7;0.0
26;96;8;0.0
27;96;1;0.0
27;96;2;0.0
27;96;3;0.0
27;96;4;0.0
27;96;5;0.0
27;96;6;0.0
27;96;7;0.0
27;96;8;0.0
28;96;1;0.0
28;96;2;0.0
28;96;3;0.0
28;96;4;0.0
28;96;5;0.0
28;96;6;0.0
28;96;7;0.0
28;96;8;0.0
29;96;1;0.0
29;96;2;0.0
29;96;3;0.0
29;96;4;0.0
29;96;5;0.0
29;96;6;0.0
29;96;7;0.0
29;96;8;0.0
30;96;1;0.0
30;96;2;0.0
30;96;3;0.0
30;96;4;0.0
30;96;5;0.0
30;96;6;0.0
30;96;7;0.0
30;96;8;0.0
31;96;1;0.0
31;96;2;0.0
31;96;3;0.0
31;96;4;0.0
31;96;5;0.0
31;96;6;0.0
31;96;7;0.0
31;96;8;0.0
32;96;1;0.0
32;96;2;0.0
32;96;3;0.0
32;96;4;0.0
32;96;5;0.0
32;96;6;0.0
32;96;7;0.0
32;96;8;0.0
33;96;1;0.0
33;96;2;0.0
33;96;3;0.0
33;96;4;0.0
33;96;5;0.0
33;96;6;0.0
33;96;7;0.0
33;96;8;0.0
34;96;1;0.0
34;96;2;0.0
34;96;3;0.0
34;96;4;0.0
34;96;5;0.0
34;96;6;0.0
34;96;7;0.0
34;96;8;0.0
35;96;1;0.0
35;96;2;0.0
35;96;3;0.0
35;96;4;0.0
35;96;5;0.0
35;96;6;0.0
35;96;7;0.0
35;96;8;0.0
36;96;1;0.0
36;96;2;0.0
36;96;3;0.0
36;96;4;0.0
36;96;5;0.0
36;96;6;0.0
36;96;7;0.0
36;96;8;0.0
37;96;1;0.0
37;96;2;0.0
37;96;3;0.0
37;96;4;0.0
37;96;5;0.0
37;96;6;0.0
37;96;7;0.0
37;96;8;0.0
38;96;1;0.0
38;96;2;0.0
38;96;3;0.0
38;96;4;0.0
38;96;5;0.0
38;96;6;0.0
38;96;7;0.0
38;96;8;0.0
39;96;1;0.0
39;96;2;0.0
39;96;3;0.0
39;96;4;0.0
39;96;5;0.0
39;96;6;0.0
39;96;7;0.0
39;96;8;0.0
40;96;1;0.0
40;96;2;0.0
40;96;3;0.0
40;96;4;0.0
40;96;5;0.0
40;96;6;0.0
40;96;7;0.0
40;96;8;0.0
41;96;1;0.0
41;96;2;0.0
41;96;3;0.0
41;96;4;0.0
41;96;5;0.0
41;96;6;0.0
41;96;7;0.0
41;96;8;0.0
42;96;1;0.0
42;96;2;0.0
42;96;3;0.0
42;96;4;0.0
42;96;5;0.0
42;96;6;0.0
42;96;7;0.0
42;96;8;0.0
43;96;1;0.0
43;96;2;0.0
43;96;3;0.0
43;96;4;0.0
43;96;5;0.0
43;96;6;0.0
43;96;7;0.0
43;96;8;0.0
44;96;1;0.0
44;96;2;0.0
44;96;3;0.0
44;96;4;0.0
44;96;5;0.0
44;96;6;0.0
44;96;7;0.0
44;96;8;0.0
45;96;1;0.0
45;96;2;0.0
45;96;3;0.0
45;96;4;0.0
45;96;5;0.0
45;96;6;0.0
45;96;7;0.0
45;96;8;0.0
46;96;1;0.0
46;96;2;0.0
46;96;3;0.0
46;96;4;0.0
46;96;5;0.0
46;96;6;0.0
46;96;7;0.0
46;96;8;0.0
47;96;1;-6.690072144007764e-17
47;96;2;-6.690072144007764e-17
47;96;3;-2.316315878522101e-16
47;96;4;-2.1782685571448466e-15
47;96;5;-6.690072144007764e-17
47;96;6;-6.690072144007764e-17
47;96;7;-6.690072144007764e-17
47;96;8;-6.690072144007764e-17
48;96;1;0.0
48;96;2;0.0
48;96;3;0.0
48;96;4;0.0
48;96;5;0.0
48;96;6;0.0
48;96;7;0.0
48;96;8;0.0
49;96;1;0.0
49;96;2;0.0
49;96;3;0.0
49;96;4;0.0
49;96;5;0.0
49;96;6;0.0
49;96;7;0.0
49;96;8;0.0
50;96;1;0.0
50;96;2;0.0
50;96;3;0.0
50;96;4;0.0
50;96;5;0.0
50;96;6;0.0
50;96;7;0.0
50;96;8;0.0
51;96;1;0.0
51;96;2;0.0
51;96;3;0.0
51;96;4;0.0
51;96;5;0.0
51;96;6;0.0
51;96;7;0.0
51;96;8;0.0
52;96;1;0.0
52;96;2;0.0
52;96;3;0.0
52;96;4;-1.2803919079424827e-15
52;96;5;0.0
52;96;6;0.0
52;96;7;0.0
52;96;8;0.0
53;96;1;0.0
53;96;2;0.0
53;96;3;0.0
53;96;4;0.0
53;96;5;0.0
53;96;6;0.0
53;96;7;0.0
53;96;8;0.0
54;96;1;0.0
54;96;2;0.0
54;96;3;0.0
54;96;4;-4.75353090223507e-12
54;96;5;0.0
54;96;6;0.0
54;96;7;0.0
54;96;8;0.0
55;96;1;0.0
55;96;2;0.0
55;96;3;0.0
55;96;4;0.0
55;96;5;0.0
55;96;6;0.0
55;96;7;0.0
55;96;8;0.0
56;96;1;0.0
56;96;2;0.0
56;96;3;0.0
56;96;4;0.0
56;96;5;0.0
56;96;6;0.0
56;96;7;0.0
56;96;8;0.0
57;96;1;0.0
57;96;2;0.0
57;96;3;0.0
57;96;4;0.0
57;96;5;0.0
57;96;6;0.0
57;96;7;0.0
57;96;8;0.0
58;96;1;0.0
58;96;2;0.0
58;96;3;0.0
58;96;4;0.0
58;96;5;0.0
58;96;6;0.0
58;96;7;0.0
58;96;8;0.0
59;96;1;0.0
59;96;2;0.0
59;96;3;0.0
59;96;4;0.0
59;96;5;0.0
59;96;6;0.0
59;96;7;0.0
59;96;8;0.0
1;97;1;0.0
1;97;2;0.0
1;97;3;0.0
1;97;4;0.0
1;97;5;0.0
1;97;6;0.0
1;97;7;0.0
1;97;8;0.0
2;97;1;0.0
2;97;2;0.0
2;97;3;0.0
2;97;4;0.0
2;97;5;0.0
2;97;6;0.0
2;97;7;0.0
2;97;8;0.0
3;97;1;0.0
3;97;2;0.0
3;97;3;0.0
3;97;4;0.0
3;97;5;0.0
3;97;6;0.0
3;97;7;0.0
3;97;8;0.0
4;97;1;0.0
4;97;2;0.0
4;97;3;0.0
4;97;4;0.0
4;97;5;0.0
4;97;6;0.0
4;97;7;0.0
4;97;8;0.0
5;97;1;0.0
5;97;2;0.0
5;97;3;0.0
5;97;4;0.0
5;97;5;0.0
5;97;6;0.0
5;97;7;0.0
5;97;8;0.0
6;97;1;0.0
6;97;2;0.0
6;97;3;0.0
6;97;4;0.0
6;97;5;0.0
6;97;6;0.0
6;97;7;0.0
6;97;8;0.0
7;97;1;0.0
7;97;2;0.0
7;97;3;0.0
7;97;4;0.0
7;97;5;0.0
7;97;6;0.0
7;97;7;0.0
7;97;8;0.0
8;97;1;0.0
8;97;2;0.0
8;97;3;0.0
8;97;4;0.0
8;97;5;0.0
8;97;6;0.0
8;97;7;0.0
8;97;8;0.0
9;97;1;0.0
9;97;2;0.0
9;97;3;0.0
9;97;4;0.0
9;97;5;0.0
9;97;6;0.0
9;97;7;0.0
9;97;8;0.0
10;97;1;0.0
10;97;2;0.0
10;97;3;0.0
10;97;4;0.0
10;97;5;0.0
10;97;6;0.0
10;97;7;0.0
10;97;8;0.0
11;97;1;0.0
11;97;2;0.0
11;97;3;0.0
11;97;4;0.0
11;97;5;0.0
11;97;6;0.0
11;97;7;0.0
11;97;8;0.0
12;97;1;0.0
12;97;2;0.0
12;97;3;0.0
12;97;4;0.0
12;97;5;0.0
12;97;6;0.0
12;97;7;0.0
12;97;8;0.0
13;97;1;0.0
13;97;2;0.0
13;97;3;0.0
13;97;4;0.0
13;97;5;0.0
13;97;6;0.0
13;97;7;0.0
13;97;8;0.0
14;97;1;0.0
14;97;2;0.0
14;97;3;0.0
14;97;4;0.0
14;97;5;0.0
14;97;6;0.0
14;97;7;0.0
14;97;8;0.0
15;97;1;0.0
15;97;2;0.0
15;97;3;0.0
15;97;4;0.0
15;97;5;0.0
15;97;6;0.0
15;97;7;0.0
15;97;8;0.0
16;97;1;0.0
16;97;2;0.0
16;97;3;0.0
16;97;4;0.0
16;97;5;0.0
16;97;6;0.0
16;97;7;0.0
16;97;8;0.0
17;97;1;0.0
17;97;2;0.0
17;97;3;0.0
17;97;4;-0.999999999550669
17;97;5;0.0
17;97;6;0.0
17;97;7;0.0
17;97;8;0.0
18;97;1;0.0
18;97;2;0.0
18;97;3;0.0
18;97;4;0.0
18;97;5;0.0
18;97;6;0.0
18;97;7;0.0
18;97;8;0.0
19;97;1;0.0
19;97;2;0.0
19;97;3;0.0
19;97;4;0.0
19;97;5;0.0
19;97;6;0.0
19;97;7;0.0
19;97;8;0.0
20;97;1;0.0
20;97;2;0.0
20;97;3;0.0
20;97;4;0.0
20;97;5;0.0
20;97;6;0.0
20;97;7;0.0
20;97;8;0.0
21;97;1;0.0
21;97;2;0.0
21;97;3;0.0
21;97;4;-2.649632563703198e-13
21;97;5;0.0
21;97;6;0.0
21;97;7;0.0
21;97;8;0.0
22;97;1;0.0
22;97;2;0.0
22;97;3;0.0
22;97;4;-5.062616992290714e-14
22;97;5;0.0
22;97;6;0.0
22;97;7;0.0
22;97;8;0.0
23;97;1;0.0
23;97;2;0.0
23;97;3;0.0
23;97;4;0.0
23;97;5;0.0
23;97;6;0.0
23;97;7;0.0
23;97;8;0.0
24;97;1;0.0
24;97;2;0.0
24;97;3;0.0
24;97;4;0.0
24;97;5;0.0
24;97;6;0.0
24;97;7;0.0
24;97;8;0.0
25;97;1;0.0
25;97;2;0.0
25;97;3;0.0
25;97;4;0.0
25;97;5;0.0
25;97;6;0.0
25;97;7;0.0
25;97;8;0.0
26;97;1;0.0
26;97;2;0.0
26;97;3;0.0
26;97;4;0.0
26;97;5;0.0
26;97;6;0.0
26;97;7;0.0
26;97;8;0.0
27;97;1;0.0
27;97;2;0.0
27;97;3;0.0
27;97;4;0.0
27;97;5;0.0
27;97;6;0.0
27;97;7;0.0
27;97;8;0.0
28;97;1;0.0
28;97;2;0.0
28;97;3;0.0
28;97;4;0.0
28;97;5;0.0
28;97;6;0.0
28;97;7;0.0
28;97;8;0.0
29;97;1;0.0
29;97;2;0.0
29;97;3;0.0
29;97;4;0.0
29;97;5;0.0
29;97;6;0.0
29;97;7;0.0
29;97;8;0.0
30;97;1;0.0
30;97;2;0.0
30;97;3;0.0
30;97;4;0.0
30;97;5;0.0
30;97;6;0.0
30;97;7;0.0
30;97;8;0.0
31;97;1;0.0
31;97;2;0.0
31;97;3;0.0
31;97;4;0.0
31;97;5;0.0
31;97;6;0.0
31;97;7;0.0
31;97;8;0.0
32;97;1;0.0
32;97;2;0.0
32;97;3;0.0
32;97;4;0.0
32;97;5;0.0
32;97;6;0.0
32;97;7;0.0
32;97;8;0.0
33;97;1;0.0
33;97;2;0.0
33;97;3;0.0
33;97;4;0.0
33;97;5;0.0
33;97;6;0.0
33;97;7;0.0
33;97;8;0.0
34;97;1;0.0
34;97;2;0.0
34;97;3;0.0
34;97;4;0.0
34;97;5;0.0
34;97;6;0.0
34;97;7;0.0
34;97;8;0.0
35;97;1;0.0
35;97;2;0.0
35;97;3;0.0
35;97;4;0.0
35;97;5;0.0
35;97;6;0.0
35;97;7;0.0
35;97;8;0.0
36;97;1;0.0
36;97;2;0.0
36;97;3;0.0
36;97;4;0.0
36;97;5;0.0
36;97;6;0.0
36;97;7;0.0
36;97;8;0.0
37;97;1;0.0
37;97;2;0.0
37;97;3;0.0
37;97;4;0.0
37;97;5;0.0
37;97;6;0.0
37;97;7;0.0
37;97;8;0.0
38;97;1;0.0
38;97;2;0.0
38;97;3;0.0
38;97;4;0.0
38;97;5;0.0
38;97;6;0.0
38;97;7;0.0
38;97;8;0.0
39;97;1;0.0
39;97;2;0.0
39;97;3;0.0
39;97;4;0.0
39;97;5;0.0
39;97;6;0.0
39;97;7;0.0
39;97;8;0.0
40;97;1;0.0
40;97;2;0.0
40;97;3;0.0
40;97;4;0.0
40;97;5;0.0
40;97;6;0.0
40;97;7;0.0
40;97;8;0.0
41;97;1;0.0
41;97;2;0.0
41;97;3;0.0
41;97;4;0.0
41;97;5;0.0
41;97;6;0.0
41;97;7;0.0
41;97;8;0.0
42;97;1;0.0
42;97;2;0.0
42;97;3;0.0
42;97;4;0.0
42;97;5;0.0
42;97;6;0.0
42;97;7;0.0
42;97;8;0.0
43;97;1;0.0
43;97;2;0.0
43;97;3;0.0
43;97;4;0.0
43;97;5;0.0
43;97;6;0.0
43;97;7;0.0
43;97;8;0.0
44;97;1;0.0
44;97;2;0.0
44;97;3;0.0
44;97;4;0.0
44;97;5;0.0
44;97;6;0.0
44;97;7;0.0
44;97;8;0.0
45;97;1;0.0
45;97;2;0.0
45;97;3;0.0
45;97;4;0.0
45;97;5;0.0
45;97;6;0.0
45;97;7;0.0
45;97;8;0.0
46;97;1;0.0
46;97;2;0.0
46;97;3;0.0
46;97;4;0.0
46;97;5;0.0
46;97;6;0.0
46;97;7;0.0
46;97;8;0.0
47;97;1;0.0
47;97;2;0.0
47;97;3;0.0
47;97;4;-4.488845731625345e-10
47;97;5;0.0
47;97;6;0.0
47;97;7;0.0
47;97;8;0.0
48;97;1;0.0
48;97;2;0.0
48;97;3;0.0
48;97;4;0.0
48;97;5;0.0
48;97;6;0.0
48;97;7;0.0
48;97;8;0.0
49;97;1;0.0
49;97;2;0.0
49;97;3;0.0
49;97;4;0.0
49;97;5;0.0
49;97;6;0.0
49;97;7;0.0
49;97;8;0.0
50;97;1;0.0
50;97;2;0.0
50;97;3;0.0
50;97;4;0.0
50;97;5;0.0
50;97;6;0.0
50;97;7;0.0
50;97;8;0.0
51;97;1;0.0
51;97;2;0.0
51;97;3;0.0
51;97;4;0.0
51;97;5;0.0
51;97;6;0.0
51;97;7;0.0
51;97;8;0.0
52;97;1;0.0
52;97;2;0.0
52;97;3;0.0
52;97;4;-1.6153371736106636e-13
52;97;5;0.0
52;97;6;0.0
52;97;7;0.0
52;97;8;0.0
53;97;1;0.0
53;97;2;0.0
53;97;3;0.0
53;97;4;0.0
53;97;5;0.0
53;97;6;0.0
53;97;7;0.0
53;97;8;0.0
54;97;1;0.0
54;97;2;0.0
54;97;3;0.0
54;97;4;-9.312286491141157e-15
54;97;5;0.0
54;97;6;0.0
54;97;7;0.0
54;97;8;0.0
55;97;1;0.0
55;97;2;0.0
55;97;3;0.0
55;97;4;0.0
55;97;5;0.0
55;97;6;0.0
55;97;7;0.0
55;97;8;0.0
56;97;1;0.0
56;97;2;0.0
56;97;3;0.0
56;97;4;0.0
56;97;5;0.0
56;97;6;0.0
56;97;7;0.0
56;97;8;0.0
57;97;1;0.0
57;97;2;0.0
57;97;3;0.0
57;97;4;0.0
57;97;5;0.0
57;97;6;0.0
57;97;7;0.0
57;97;8;0.0
58;97;1;0.0
58;97;2;0.0
58;97;3;0.0
58;97;4;0.0
58;97;5;0.0
58;97;6;0.0
58;97;7;0.0
58;97;8;0.0
59;97;1;0.0
59;97;2;0.0
59;97;3;0.0
59;97;4;0.0
59;97;5;0.0
59;97;6;0.0
59;97;7;0.0
59;97;8;0.0
1;98;1;0.0
1;98;2;0.0
1;98;3;0.0
1;98;4;0.0
1;98;5;0.0
1;98;6;0.0
1;98;7;0.0
1;98;8;0.0
2;98;1;0.0
2;98;2;0.0
2;98;3;0.0
2;98;4;0.0
2;98;5;0.0
2;98;6;0.0
2;98;7;0.0
2;98;8;0.0
3;98;1;0.0
3;98;2;0.0
3;98;3;0.0
3;98;4;0.0
3;98;5;0.0
3;98;6;0.0
3;98;7;0.0
3;98;8;0.0
4;98;1;0.0
4;98;2;0.0
4;98;3;0.0
4;98;4;0.0
4;98;5;0.0
4;98;6;0.0
4;98;7;0.0
4;98;8;0.0
5;98;1;0.0
5;98;2;0.0
5;98;3;0.0
5;98;4;0.0
5;98;5;0.0
5;98;6;0.0
5;98;7;0.0
5;98;8;0.0
6;98;1;0.0
6;98;2;0.0
6;98;3;0.0
6;98;4;0.0
6;98;5;0.0
6;98;6;0.0
6;98;7;0.0
6;98;8;0.0
7;98;1;0.0
7;98;2;0.0
7;98;3;0.0
7;98;4;0.0
7;98;5;0.0
7;98;6;0.0
7;98;7;0.0
7;98;8;0.0
8;98;1;0.0
8;98;2;0.0
8;98;3;0.0
8;98;4;0.0
8;98;5;0.0
8;98;6;0.0
8;98;7;0.0
8;98;8;0.0
9;98;1;0.0
9;98;2;0.0
9;98;3;0.0
9;98;4;0.0
9;98;5;0.0
9;98;6;0.0
9;98;7;0.0
9;98;8;0.0
10;98;1;0.0
10;98;2;0.0
10;98;3;0.0
10;98;4;0.0
10;98;5;0.0
10;98;6;0.0
10;98;7;0.0
10;98;8;0.0
11;98;1;0.0
11;98;2;0.0
11;98;3;0.0
11;98;4;0.0
11;98;5;0.0
11;98;6;0.0
11;98;7;0.0
11;98;8;0.0
12;98;1;0.0
12;98;2;0.0
12;98;3;0.0
12;98;4;0.0
12;98;5;0.0
12;98;6;0.0
12;98;7;0.0
12;98;8;0.0
13;98;1;0.0
13;98;2;0.0
13;98;3;0.0
13;98;4;0.0
13;98;5;0.0
13;98;6;0.0
13;98;7;0.0
13;98;8;0.0
14;98;1;0.0
14;98;2;0.0
14;98;3;0.0
14;98;4;0.0
14;98;5;0.0
14;98;6;0.0
14;98;7;0.0
14;98;8;0.0
15;98;1;0.0
15;98;2;0.0
15;98;3;0.0
15;98;4;0.0
15;98;5;0.0
15;98;6;0.0
15;98;7;0.0
15;98;8;0.0
16;98;1;0.0
16;98;2;0.0
16;98;3;0.0
16;98;4;0.0
16;98;5;0.0
16;98;6;0.0
16;98;7;0.0
16;98;8;0.0
17;98;1;0.0
17;98;2;0.0
17;98;3;0.0
17;98;4;-0.9999999973913778
17;98;5;0.0
17;98;6;0.0
17;98;7;0.0
17;98;8;0.0
18;98;1;0.0
18;98;2;0.0
18;98;3;0.0
18;98;4;0.0
18;98;5;0.0
18;98;6;0.0
18;98;7;0.0
18;98;8;0.0
19;98;1;0.0
19;98;2;0.0
19;98;3;0.0
19;98;4;0.0
19;98;5;0.0
19;98;6;0.0
19;98;7;0.0
19;98;8;0.0
20;98;1;0.0
20;98;2;0.0
20;98;3;0.0
20;98;4;0.0
20;98;5;0.0
20;98;6;0.0
20;98;7;0.0
20;98;8;0.0
21;98;1;0.0
21;98;2;0.0
21;98;3;0.0
21;98;4;-3.2792874203036227e-13
21;98;5;0.0
21;98;6;0.0
21;98;7;0.0
21;98;8;0.0
22;98;1;-2.3273155773113176e-17
22;98;2;-2.3273155773113176e-17
22;98;3;0.0
22;98;4;-5.1514348342607263e-14
22;98;5;-2.3273155773113176e-17
22;98;6;-2.3273155773113176e-17
22;98;7;-2.3273155773113176e-17
22;98;8;-2.3273155773113176e-17
23;98;1;0.0
23;98;2;0.0
23;98;3;0.0
23;98;4;0.0
23;98;5;0.0
23;98;6;0.0
23;98;7;0.0
23;98;8;0.0
24;98;1;0.0
24;98;2;0.0
24;98;3;0.0
24;98;4;0.0
24;98;5;0.0
24;98;6;0.0
24;98;7;0.0
24;98;8;0.0
25;98;1;0.0
25;98;2;0.0
25;98;3;0.0
25;98;4;0.0
25;98;5;0.0
25;98;6;0.0
25;98;7;0.0
25;98;8;0.0
26;98;1;0.0
26;98;2;0.0
26;98;3;0.0
26;98;4;0.0
26;98;5;0.0
26;98;6;0.0
26;98;7;0.0
26;98;8;0.0
27;98;1;0.0
27;98;2;0.0
27;98;3;0.0
27;98;4;0.0
27;98;5;0.0
27;98;6;0.0
27;98;7;0.0
27;98;8;0.0
28;98;1;0.0
28;98;2;0.0
28;98;3;0.0
28;98;4;0.0
28;98;5;0.0
28;98;6;0.0
28;98;7;0.0
28;98;8;0.0
29;98;1;0.0
29;98;2;0.0
29;98;3;0.0
29;98;4;0.0
29;98;5;0.0
29;98;6;0.0
29;98;7;0.0
29;98;8;0.0
30;98;1;0.0
30;98;2;0.0
30;98;3;0.0
30;98;4;0.0
30;98;5;0.0
30;98;6;0.0
30;98;7;0.0
30;98;8;0.0
31;98;1;0.0
31;98;2;0.0
31;98;3;0.0
31;98;4;0.0
31;98;5;0.0
31;98;6;0.0
31;98;7;0.0
31;98;8;0.0
32;98;1;0.0
32;98;2;0.0
32;98;3;0.0
32;98;4;0.0
32;98;5;0.0
32;98;6;0.0
32;98;7;0.0
32;98;8;0.0
33;98;1;0.0
33;98;2;0.0
33;98;3;0.0
33;98;4;0.0
33;98;5;0.0
33;98;6;0.0
33;98;7;0.0
33;98;8;0.0
34;98;1;0.0
34;98;2;0.0
34;98;3;0.0
34;98;4;0.0
34;98;5;0.0
34;98;6;0.0
34;98;7;0.0
34;98;8;0.0
35;98;1;0.0
35;98;2;0.0
35;98;3;0.0
35;98;4;0.0
35;98;5;0.0
35;98;6;0.0
35;98;7;0.0
35;98;8;0.0
36;98;1;0.0
36;98;2;0.0
36;98;3;0.0
36;98;4;0.0
36;98;5;0.0
36;98;6;0.0
36;98;7;0.0
36;98;8;0.0
37;98;1;0.0
37;98;2;0.0
37;98;3;0.0
37;98;4;0.0
37;98;5;0.0
37;98;6;0.0
37;98;7;0.0
37;98;8;0.0
38;98;1;0.0
38;98;2;0.0
38;98;3;0.0
38;98;4;0.0
38;98;5;0.0
38;98;6;0.0
38;98;7;0.0
38;98;8;0.0
39;98;1;0.0
39;98;2;0.0
39;98;3;0.0
39;98;4;0.0
39;98;5;0.0
39;98;6;0.0
39;98;7;0.0
39;98;8;0.0
40;98;1;0.0
40;98;2;0.0
40;98;3;0.0
40;98;4;0.0
40;98;5;0.0
40;98;6;0.0
40;98;7;0.0
40;98;8;0.0
41;98;1;0.0
41;98;2;0.0
41;98;3;0.0
41;98;4;0.0
41;98;5;0.0
41;98;6;0.0
41;98;7;0.0
41;98;8;0.0
42;98;1;0.0
42;98;2;0.0
42;98;3;0.0
42;98;4;0.0
42;98;5;0.0
42;98;6;0.0
42;98;7;0.0
42;98;8;0.0
43;98;1;0.0
43;98;2;0.0
43;98;3;0.0
43;98;4;0.0
43;98;5;0.0
43;98;6;0.0
43;98;7;0.0
43;98;8;0.0
44;98;1;0.0
44;98;2;0.0
44;98;3;0.0
44;98;4;0.0
44;98;5;0.0
44;98;6;0.0
44;98;7;0.0
44;98;8;0.0
45;98;1;0.0
45;98;2;0.0
45;98;3;0.0
45;98;4;0.0
45;98;5;0.0
45;98;6;0.0
45;98;7;0.0
45;98;8;0.0
46;98;1;0.0
46;98;2;0.0
46;98;3;0.0
46;98;4;0.0
46;98;5;0.0
46;98;6;0.0
46;98;7;0.0
46;98;8;0.0
47;98;1;0.0
47;98;2;0.0
47;98;3;0.0
47;98;4;-2.6075169268788626e-09
47;98;5;0.0
47;98;6;0.0
47;98;7;0.0
47;98;8;0.0
48;98;1;0.0
48;98;2;0.0
48;98;3;0.0
48;98;4;0.0
48;98;5;0.0
48;98;6;0.0
48;98;7;0.0
48;98;8;0.0
49;98;1;0.0
49;98;2;0.0
49;98;3;0.0
49;98;4;0.0
49;98;5;0.0
49;98;6;0.0
49;98;7;0.0
49;98;8;0.0
50;98;1;0.0
50;98;2;0.0
50;98;3;0.0
50;98;4;0.0
50;98;5;0.0
50;98;6;0.0
50;98;7;0.0
50;98;8;0.0
51;98;1;0.0
51;98;2;0.0
51;98;3;0.0
51;98;4;0.0
51;98;5;0.0
51;98;6;0.0
51;98;7;0.0
51;98;8;0.0
52;98;1;0.0
52;98;2;0.0
52;98;3;0.0
52;98;4;-3.188775640809261e-13
52;98;5;0.0
52;98;6;0.0
52;98;7;0.0
52;98;8;0.0
53;98;1;0.0
53;98;2;0.0
53;98;3;0.0
53;98;4;0.0
53;98;5;0.0
53;98;6;0.0
53;98;7;0.0
53;98;8;0.0
54;98;1;0.0
54;98;2;0.0
54;98;3;0.0
54;98;4;-8.759144310785405e-15
54;98;5;0.0
54;98;6;0.0
54;98;7;0.0
54;98;8;0.0
55;98;1;0.0
55;98;2;0.0
55;98;3;0.0
55;98;4;0.0
55;98;5;0.0
55;98;6;0.0
55;98;7;0.0
55;98;8;0.0
56;98;1;0.0
56;98;2;0.0
56;98;3;0.0
56;98;4;0.0
56;98;5;0.0
56;98;6;0.0
56;98;7;0.0
56;98;8;0.0
57;98;1;0.0
57;98;2;0.0
57;98;3;0.0
57;98;4;0.0
57;98;5;0.0
57;98;6;0.0
57;98;7;0.0
57;98;8;0.0
58;98;1;0.0
58;98;2;0.0
58;98;3;0.0
58;98;4;0.0
58;98;5;0.0
58;98;6;0.0
58;98;7;0.0
58;98;8;0.0
59;98;1;0.0
59;98;2;0.0
59;98;3;0.0
59;98;4;0.0
59;98;5;0.0
59;98;6;0.0
59;98;7;0.0
59;98;8;0.0
1;99;1;0.0
1;99;2;0.0
1;99;3;0.0
1;99;4;0.0
1;99;5;0.0
1;99;6;0.0
1;99;7;0.0
1;99;8;0.0
2;99;1;0.0
2;99;2;0.0
2;99;3;0.0
2;99;4;0.0
2;99;5;0.0
2;99;6;0.0
2;99;7;0.0
2;99;8;0.0
3;99;1;0.0
3;99;2;0.0
3;99;3;0.0
3;99;4;0.0
3;99;5;0.0
3;99;6;0.0
3;99;7;0.0
3;99;8;0.0
4;99;1;0.0
4;99;2;0.0
4;99;3;0.0
4;99;4;0.0
4;99;5;0.0
4;99;6;0.0
4;99;7;0.0
4;99;8;0.0
5;99;1;0.0
5;99;2;0.0
5;99;3;0.0
5;99;4;0.0
5;99;5;0.0
5;99;6;0.0
5;99;7;0.0
5;99;8;0.0
6;99;1;0.0
6;99;2;0.0
6;99;3;0.0
6;99;4;0.0
6;99;5;0.0
6;99;6;0.0
6;99;7;0.0
6;99;8;0.0
7;99;1;0.0
7;99;2;0.0
7;99;3;0.0
7;99;4;0.0
7;99;5;0.0
7;99;6;0.0
7;99;7;0.0
7;99;8;0.0
8;99;1;0.0
8;99;2;0.0
8;99;3;0.0
8;99;4;0.0
8;99;5;0.0
8;99;6;0.0
8;99;7;0.0
8;99;8;0.0
9;99;1;0.0
9;99;2;0.0
9;99;3;0.0
9;99;4;0.0
9;99;5;0.0
9;99;6;0.0
9;99;7;0.0
9;99;8;0.0
10;99;1;0.0
10;99;2;0.0
10;99;3;0.0
10;99;4;0.0
10;99;5;0.0
10;99;6;0.0
10;99;7;0.0
10;99;8;0.0
11;99;1;0.0
11;99;2;0.0
11;99;3;0.0
11;99;4;0.0
11;99;5;0.0
11;99;6;0.0
11;99;7;0.0
11;99;8;0.0
12;99;1;0.0
12;99;2;0.0
12;99;3;0.0
12;99;4;0.0
12;99;5;0.0
12;99;6;0.0
12;99;7;0.0
12;99;8;0.0
13;99;1;0.0
13;99;2;0.0
13;99;3;0.0
13;99;4;0.0
13;99;5;0.0
13;99;6;0.0
13;99;7;0.0
13;99;8;0.0
14;99;1;0.0
14;99;2;0.0
14;99;3;0.0
14;99;4;0.0
14;99;5;0.0
14;99;6;0.0
14;99;7;0.0
14;99;8;0.0
15;99;1;0.0
15;99;2;0.0
15;99;3;0.0
15;99;4;0.0
15;99;5;0.0
15;99;6;0.0
15;99;7;0.0
15;99;8;0.0
16;99;1;0.0
16;99;2;0.0
16;99;3;0.0
16;99;4;0.0
16;99;5;0.0
16;99;6;0.0
16;99;7;0.0
16;99;8;0.0
17;99;1;-9.82020716344294e-18
17;99;2;-9.82020716344294e-18
17;99;3;-3.7384206913680966e-17
17;99;4;-0.9999999974443179
17;99;5;-9.82020716344294e-18
17;99;6;-9.82020716344294e-18
17;99;7;-9.82020716344294e-18
17;99;8;-9.82020716344294e-18
18;99;1;0.0
18;99;2;0.0
18;99;3;0.0
18;99;4;0.0
18;99;5;0.0
18;99;6;0.0
18;99;7;0.0
18;99;8;0.0
19;99;1;0.0
19;99;2;0.0
19;99;3;0.0
19;99;4;0.0
19;99;5;0.0
19;99;6;0.0
19;99;7;0.0
19;99;8;0.0
20;99;1;0.0
20;99;2;0.0
20;99;3;-2.973199477877444e-17
20;99;4;0.0
20;99;5;0.0
20;99;6;0.0
20;99;7;0.0
20;99;8;0.0
21;99;1;-1.1395348146954095e-17
21;99;2;-1.1395348146954095e-17
21;99;3;-3.632000857624231e-17
21;99;4;-2.947743821013331e-13
21;99;5;-1.1395348146954095e-17
21;99;6;-1.1395348146954095e-17
21;99;7;-1.1395348146954095e-17
21;99;8;-1.1395348146954095e-17
22;99;1;-3.217568640551313e-17
22;99;2;-3.217568640551313e-17
22;99;3;-1.0099971994821041e-16
22;99;4;-4.884981308350689e-14
22;99;5;-3.217568640551313e-17
22;99;6;-3.217568640551313e-17
22;99;7;-3.217568640551313e-17
22;99;8;-3.217568640551313e-17
23;99;1;0.0
23;99;2;0.0
23;99;3;0.0
23;99;4;0.0
23;99;5;0.0
23;99;6;0.0
23;99;7;0.0
23;99;8;0.0
24;99;1;0.0
24;99;2;0.0
24;99;3;0.0
24;99;4;0.0
24;99;5;0.0
24;99;6;0.0
24;99;7;0.0
24;99;8;0.0
25;99;1;0.0
25;99;2;0.0
25;99;3;0.0
25;99;4;0.0
25;99;5;0.0
25;99;6;0.0
25;99;7;0.0
25;99;8;0.0
26;99;1;0.0
26;99;2;0.0
26;99;3;0.0
26;99;4;0.0
26;99;5;0.0
26;99;6;0.0
26;99;7;0.0
26;99;8;0.0
27;99;1;0.0
27;99;2;0.0
27;99;3;0.0
27;99;4;0.0
27;99;5;0.0
27;99;6;0.0
27;99;7;0.0
27;99;8;0.0
28;99;1;0.0
28;99;2;0.0
28;99;3;0.0
28;99;4;0.0
28;99;5;0.0
28;99;6;0.0
28;99;7;0.0
28;99;8;0.0
29;99;1;0.0
29;99;2;0.0
29;99;3;0.0
29;99;4;0.0
29;99;5;0.0
29;99;6;0.0
29;99;7;0.0
29;99;8;0.0
30;99;1;0.0
30;99;2;0.0
30;99;3;0.0
30;99;4;0.0
30;99;5;0.0
30;99;6;0.0
30;99;7;0.0
30;99;8;0.0
31;99;1;0.0
31;99;2;0.0
31;99;3;0.0
31;99;4;0.0
31;99;5;0.0
31;99;6;0.0
31;99;7;0.0
31;99;8;0.0
32;99;1;0.0
32;99;2;0.0
32;99;3;0.0
32;99;4;0.0
32;99;5;0.0
32;99;6;0.0
32;99;7;0.0
32;99;8;0.0
33;99;1;0.0
33;99;2;0.0
33;99;3;0.0
33;99;4;0.0
33;99;5;0.0
33;99;6;0.0
33;99;7;0.0
33;99;8;0.0
34;99;1;0.0
34;99;2;0.0
34;99;3;0.0
34;99;4;0.0
34;99;5;0.0
34;99;6;0.0
34;99;7;0.0
34;99;8;0.0
35;99;1;0.0
35;99;2;0.0
35;99;3;0.0
35;99;4;0.0
35;99;5;0.0
35;99;6;0.0
35;99;7;0.0
35;99;8;0.0
36;99;1;0.0
36;99;2;0.0
36;99;3;0.0
36;99;4;0.0
36;99;5;0.0
36;99;6;0.0
36;99;7;0.0
36;99;8;0.0
37;99;1;0.0
37;99;2;0.0
37;99;3;0.0
37;99;4;0.0
37;99;5;0.0
37;99;6;0.0
37;99;7;0.0
37;99;8;0.0
38;99;1;0.0
38;99;2;0.0
38;99;3;0.0
38;99;4;0.0
38;99;5;0.0
38;99;6;0.0
38;99;7;0.0
38;99;8;0.0
39;99;1;0.0
39;99;2;0.0
39;99;3;0.0
39;99;4;0.0
39;99;5;0.0
39;99;6;0.0
39;99;7;0.0
39;99;8;0.0
40;99;1;0.0
40;99;2;0.0
40;99;3;0.0
40;99;4;0.0
40;99;5;0.0
40;99;6;0.0
40;99;7;0.0
40;99;8;0.0
41;99;1;0.0
41;99;2;0.0
41;99;3;0.0
41;99;4;0.0
41;99;5;0.0
41;99;6;0.0
41;99;7;0.0
41;99;8;0.0
42;99;1;0.0
42;99;2;0.0
42;99;3;0.0
42;99;4;0.0
42;99;5;0.0
42;99;6;0.0
42;99;7;0.0
42;99;8;0.0
43;99;1;0.0
43;99;2;0.0
43;99;3;0.0
43;99;4;0.0
43;99;5;0.0
43;99;6;0.0
43;99;7;0.0
43;99;8;0.0
44;99;1;0.0
44;99;2;0.0
44;99;3;0.0
44;99;4;0.0
44;99;5;0.0
44;99;6;0.0
44;99;7;0.0
44;99;8;0.0
45;99;1;0.0
45;99;2;0.0
45;99;3;0.0
45;99;4;0.0
45;99;5;0.0
45;99;6;0.0
45;99;7;0.0
45;99;8;0.0
46;99;1;0.0
46;99;2;0.0
46;99;3;0.0
46;99;4;0.0
46;99;5;0.0
46;99;6;0.0
46;99;7;0.0
46;99;8;0.0
47;99;1;-1.7377057626233952e-17
47;99;2;-1.7377057626233952e-17
47;99;3;-8.600454721000505e-17
47;99;4;-2.5570167860598293e-09
47;99;5;-1.7377057626233952e-17
47;99;6;-1.7377057626233952e-17
47;99;7;-1.7377057626233952e-17
47;99;8;-1.7377057626233952e-17
48;99;1;0.0
48;99;2;0.0
48;99;3;0.0
48;99;4;0.0
48;99;5;0.0
48;99;6;0.0
48;99;7;0.0
48;99;8;0.0
49;99;1;0.0
49;99;2;0.0
49;99;3;0.0
49;99;4;0.0
49;99;5;0.0
49;99;6;0.0
49;99;7;0.0
49;99;8;0.0
50;99;1;0.0
50;99;2;0.0
50;99;3;0.0
50;99;4;0.0
50;99;5;0.0
50;99;6;0.0
50;99;7;0.0
50;99;8;0.0
51;99;1;0.0
51;99;2;0.0
51;99;3;0.0
51;99;4;0.0
51;99;5;0.0
51;99;6;0.0
51;99;7;0.0
51;99;8;0.0
52;99;1;0.0
52;99;2;0.0
52;99;3;0.0
52;99;4;-3.2274786557075736e-13
52;99;5;0.0
52;99;6;0.0
52;99;7;0.0
52;99;8;0.0
53;99;1;0.0
53;99;2;0.0
53;99;3;0.0
53;99;4;0.0
53;99;5;0.0
53;99;6;0.0
53;99;7;0.0
53;99;8;0.0
54;99;1;0.0
54;99;2;0.0
54;99;3;0.0
54;99;4;-8.257513019797778e-15
54;99;5;0.0
54;99;6;0.0
54;99;7;0.0
54;99;8;0.0
55;99;1;0.0
55;99;2;0.0
55;99;3;0.0
55;99;4;0.0
55;99;5;0.0
55;99;6;0.0
55;99;7;0.0
55;99;8;0.0
56;99;1;0.0
56;99;2;0.0
56;99;3;0.0
56;99;4;0.0
56;99;5;0.0
56;99;6;0.0
56;99;7;0.0
56;99;8;0.0
57;99;1;0.0
57;99;2;0.0
57;99;3;0.0
57;99;4;0.0
57;99;5;0.0
57;99;6;0.0
57;99;7;0.0
57;99;8;0.0
58;99;1;0.0
58;99;2;0.0
58;99;3;0.0
58;99;4;0.0
58;99;5;0.0
58;99;6;0.0
58;99;7;0.0
58;99;8;0.0
59;99;1;0.0
59;99;2;0.0
59;99;3;0.0
59;99;4;0.0
59;99;5;0.0
59;99;6;0.0
59;99;7;0.0
59;99;8;0.0
1;100;1;0.0
1;100;2;0.0
1;100;3;0.0
1;100;4;0.0
1;100;5;0.0
1;100;6;0.0
1;100;7;0.0
1;100;8;0.0
2;100;1;0.0
2;100;2;0.0
2;100;3;0.0
2;100;4;0.0
2;100;5;0.0
2;100;6;0.0
2;100;7;0.0
2;100;8;0.0
3;100;1;0.0
3;100;2;0.0
3;100;3;0.0
3;100;4;0.0
3;100;5;0.0
3;100;6;0.0
3;100;7;0.0
3;100;8;0.0
4;100;1;0.0
4;100;2;0.0
4;100;3;0.0
4;100;4;0.0
4;100;5;0.0
4;100;6;0.0
4;100;7;0.0
4;100;8;0.0
5;100;1;0.0
5;100;2;0.0
5;100;3;0.0
5;100;4;0.0
5;100;5;0.0
5;100;6;0.0
5;100;7;0.0
5;100;8;0.0
6;100;1;0.0
6;100;2;0.0
6;100;3;0.0
6;100;4;0.0
6;100;5;0.0
6;100;6;0.0
6;100;7;0.0
6;100;8;0.0
7;100;1;0.0
7;100;2;0.0
7;100;3;0.0
7;100;4;0.0
7;100;5;0.0
7;100;6;0.0
7;100;7;0.0
7;100;8;0.0
8;100;1;0.0
8;100;2;0.0
8;100;3;0.0
8;100;4;0.0
8;100;5;0.0
8;100;6;0.0
8;100;7;0.0
8;100;8;0.0
9;100;1;0.0
9;100;2;0.0
9;100;3;0.0
9;100;4;0.0
9;100;5;0.0
9;100;6;0.0
9;100;7;0.0
9;100;8;0.0
10;100;1;0.0
10;100;2;0.0
10;100;3;0.0
10;100;4;0.0
10;100;5;0.0
10;100;6;0.0
10;100;7;0.0
10;100;8;0.0
11;100;1;0.0
11;100;2;0.0
11;100;3;0.0
11;100;4;0.0
11;100;5;0.0
11;100;6;0.0
11;100;7;0.0
11;100;8;0.0
12;100;1;0.0
12;100;2;0.0
12;100;3;0.0
12;100;4;0.0
12;100;5;0.0
12;100;6;0.0
12;100;7;0.0
12;100;8;0.0
13;100;1;0.0
13;100;2;0.0
13;100;3;0.0
13;100;4;0.0
13;100;5;0.0
13;100;6;0.0
13;100;7;0.0
13;100;8;0.0
14;100;1;0.0
14;100;2;0.0
14;100;3;0.0
14;100;4;0.0
14;100;5;0.0
14;100;6;0.0
14;100;7;0.0
14;100;8;0.0
15;100;1;0.0
15;100;2;0.0
15;100;3;0.0
15;100;4;0.0
15;100;5;0.0
15;100;6;0.0
15;100;7;0.0
15;100;8;0.0
16;100;1;0.0
16;100;2;0.0
16;100;3;0.0
16;100;4;0.0
16;100;5;0.0
16;100;6;0.0
16;100;7;0.0
16;100;8;0.0
17;100;1;-1.1769336956749668e-17
17;100;2;-1.1769336956749668e-17
17;100;3;-4.74526208795404e-17
17;100;4;-0.9999999975996959
17;100;5;-1.1769336956749668e-17
17;100;6;-1.1769336956749668e-17
17;100;7;-1.1769336956749668e-17
17;100;8;-1.1769336956749668e-17
18;100;1;0.0
18;100;2;0.0
18;100;3;0.0
18;100;4;0.0
18;100;5;0.0
18;100;6;0.0
18;100;7;0.0
18;100;8;0.0
19;100;1;0.0
19;100;2;0.0
19;100;3;0.0
19;100;4;0.0
19;100;5;0.0
19;100;6;0.0
19;100;7;0.0
19;100;8;0.0
20;100;1;0.0
20;100;2;0.0
20;100;3;-3.4681107975378035e-17
20;100;4;0.0
20;100;5;0.0
20;100;6;0.0
20;100;7;0.0
20;100;8;0.0
21;100;1;-1.2803973804445607e-17
21;100;2;-1.2803973804445607e-17
21;100;3;-4.8052477906433375e-17
21;100;4;-2.9241858031160224e-13
21;100;5;-1.2803973804445607e-17
21;100;6;-1.2803973804445607e-17
21;100;7;-1.2803973804445607e-17
21;100;8;-1.2803973804445607e-17
22;100;1;-3.945848709197504e-17
22;100;2;-3.945848709197504e-17
22;100;3;-1.35933537072818e-16
22;100;4;-4.707345624410664e-14
22;100;5;-3.945848709197504e-17
22;100;6;-3.945848709197504e-17
22;100;7;-3.945848709197504e-17
22;100;8;-3.945848709197504e-17
23;100;1;0.0
23;100;2;0.0
23;100;3;0.0
23;100;4;0.0
23;100;5;0.0
23;100;6;0.0
23;100;7;0.0
23;100;8;0.0
24;100;1;0.0
24;100;2;0.0
24;100;3;0.0
24;100;4;0.0
24;100;5;0.0
24;100;6;0.0
24;100;7;0.0
24;100;8;0.0
25;100;1;0.0
25;100;2;0.0
25;100;3;0.0
25;100;4;0.0
25;100;5;0.0
25;100;6;0.0
25;100;7;0.0
25;100;8;0.0
26;100;1;0.0
26;100;2;0.0
26;100;3;0.0
26;100;4;0.0
26;100;5;0.0
26;100;6;0.0
26;100;7;0.0
26;100;8;0.0
27;100;1;0.0
27;100;2;0.0
27;100;3;0.0
27;100;4;0.0
27;100;5;0.0
27;100;6;0.0
27;100;7;0.0
27;100;8;0.0
28;100;1;0.0
28;100;2;0.0
28;100;3;0.0
28;100;4;0.0
28;100;5;0.0
28;100;6;0.0
28;100;7;0.0
28;100;8;0.0
29;100;1;0.0
29;100;2;0.0
29;100;3;0.0
29;100;4;0.0
29;100;5;0.0
29;100;6;0.0
29;100;7;0.0
29;100;8;0.0
30;100;1;0.0
30;100;2;0.0
30;100;3;0.0
30;100;4;0.0
30;100;5;0.0
30;100;6;0.0
30;100;7;0.0
30;100;8;0.0
31;100;1;0.0
31;100;2;0.0
31;100;3;0.0
31;100;4;0.0
31;100;5;0.0
31;100;6;0.0
31;100;7;0.0
31;100;8;0.0
32;100;1;0.0
32;100;2;0.0
32;100;3;0.0
32;100;4;0.0
32;100;5;0.0
32;100;6;0.0
32;100;7;0.0
32;100;8;0.0
33;100;1;0.0
33;100;2;0.0
33;100;3;0.0
33;100;4;0.0
33;100;5;0.0
33;100;6;0.0
33;100;7;0.0
33;100;8;0.0
34;100;1;0.0
34;100;2;0.0
34;100;3;0.0
34;100;4;0.0
34;100;5;0.0
34;100;6;0.0
34;100;7;0.0
34;100;8;0.0
35;100;1;0.0
35;100;2;0.0
35;100;3;0.0
35;100;4;0.0
35;100;5;0.0
35;100;6;0.0
35;100;7;0.0
35;100;8;0.0
36;100;1;0.0
36;100;2;0.0
36;100;3;0.0
36;100;4;0.0
36;100;5;0.0
36;100;6;0.0
36;100;7;0.0
36;100;8;0.0
37;100;1;0.0
37;100;2;0.0
37;100;3;0.0
37;100;4;0.0
37;100;5;0.0
37;100;6;0.0
37;100;7;0.0
37;100;8;0.0
38;100;1;0.0
38;100;2;0.0
38;100;3;0.0
38;100;4;0.0
38;100;5;0.0
38;100;6;0.0
38;100;7;0.0
38;100;8;0.0
39;100;1;0.0
39;100;2;0.0
39;100;3;0.0
39;100;4;0.0
39;100;5;0.0
39;100;6;0.0
39;100;7;0.0
39;100;8;0.0
40;100;1;0.0
40;100;2;0.0
40;100;3;0.0
40;100;4;0.0
40;100;5;0.0
40;100;6;0.0
40;100;7;0.0
40;100;8;0.0
41;100;1;0.0
41;100;2;0.0
41;100;3;0.0
41;100;4;0.0
41;100;5;0.0
41;100;6;0.0
41;100;7;0.0
41;100;8;0.0
42;100;1;0.0
42;100;2;0.0
42;100;3;0.0
42;100;4;0.0
42;100;5;0.0
42;100;6;0.0
42;100;7;0.0
42;100;8;0.0
43;100;1;0.0
43;100;2;0.0
43;100;3;0.0
43;100;4;0.0
43;100;5;0.0
43;100;6;0.0
43;100;7;0.0
43;100;8;0.0
44;100;1;0.0
44;100;2;0.0
44;100;3;0.0
44;100;4;0.0
44;100;5;0.0
44;100;6;0.0
44;100;7;0.0
44;100;8;0.0
45;100;1;0.0
45;100;2;0.0
45;100;3;0.0
45;100;4;0.0
45;100;5;0.0
45;100;6;0.0
45;100;7;0.0
45;100;8;0.0
46;100;1;0.0
46;100;2;0.0
46;100;3;0.0
46;100;4;0.0
46;100;5;0.0
46;100;6;0.0
46;100;7;0.0
46;100;8;0.0
47;100;1;-2.2618701839744916e-17
47;100;2;-2.2618701839744916e-17
47;100;3;-1.140716440587505e-16
47;100;4;-2.393924096537778e-09
47;100;5;-2.2618701839744916e-17
47;100;6;-2.2618701839744916e-17
47;100;7;-2.2618701839744916e-17
47;100;8;-2.2618701839744916e-17
48;100;1;0.0
48;100;2;0.0
48;100;3;0.0
48;100;4;0.0
48;100;5;0.0
48;100;6;0.0
48;100;7;0.0
48;100;8;0.0
49;100;1;0.0
49;100;2;0.0
49;100;3;0.0
49;100;4;0.0
49;100;5;0.0
49;100;6;0.0
49;100;7;0.0
49;100;8;0.0
50;100;1;0.0
50;100;2;0.0
50;100;3;0.0
50;100;4;0.0
50;100;5;0.0
50;100;6;0.0
50;100;7;0.0
50;100;8;0.0
51;100;1;0.0
51;100;2;0.0
51;100;3;0.0
51;100;4;0.0
51;100;5;0.0
51;100;6;0.0
51;100;7;0.0
51;100;8;0.0
52;100;1;0.0
52;100;2;0.0
52;100;3;0.0
52;100;4;-3.256131204472759e-13
52;100;5;0.0
52;100;6;0.0
52;100;7;0.0
52;100;8;0.0
53;100;1;0.0
53;100;2;0.0
53;100;3;0.0
53;100;4;0.0
53;100;5;0.0
53;100;6;0.0
53;100;7;0.0
53;100;8;0.0
54;100;1;0.0
54;100;2;0.0
54;100;3;0.0
54;100;4;-9.22208786238006e-15
54;100;5;0.0
54;100;6;0.0
54;100;7;0.0
54;100;8;0.0
55;100;1;0.0
55;100;2;0.0
55;100;3;0.0
55;100;4;0.0
55;100;5;0.0
55;100;6;0.0
55;100;7;0.0
55;100;8;0.0
56;100;1;0.0
56;100;2;0.0
56;100;3;0.0
56;100;4;0.0
56;100;5;0.0
56;100;6;0.0
56;100;7;0.0
56;100;8;0.0
57;100;1;0.0
57;100;2;0.0
57;100;3;0.0
57;100;4;0.0
57;100;5;0.0
57;100;6;0.0
57;100;7;0.0
57;100;8;0.0
58;100;1;0.0
58;100;2;0.0
58;100;3;0.0
58;100;4;0.0
58;100;5;0.0
58;100;6;0.0
58;100;7;0.0
58;100;8;0.0
59;100;1;0.0
59;100;2;0.0
59;100;3;0.0
59;100;4;0.0
59;100;5;0.0
59;100;6;0.0
59;100;7;0.0
59;100;8;0.0
1;101;1;0.0
1;101;2;0.0
1;101;3;0.0
1;101;4;0.0
1;101;5;0.0
1;101;6;0.0
1;101;7;0.0
1;101;8;0.0
2;101;1;0.0
2;101;2;0.0
2;101;3;0.0
2;101;4;0.0
2;101;5;0.0
2;101;6;0.0
2;101;7;0.0
2;101;8;0.0
3;101;1;0.0
3;101;2;0.0
3;101;3;0.0
3;101;4;0.0
3;101;5;0.0
3;101;6;0.0
3;101;7;0.0
3;101;8;0.0
4;101;1;0.0
4;101;2;0.0
4;101;3;0.0
4;101;4;0.0
4;101;5;0.0
4;101;6;0.0
4;101;7;0.0
4;101;8;0.0
5;101;1;0.0
5;101;2;0.0
5;101;3;0.0
5;101;4;0.0
5;101;5;0.0
5;101;6;0.0
5;101;7;0.0
5;101;8;0.0
6;101;1;0.0
6;101;2;0.0
6;101;3;0.0
6;101;4;0.0
6;101;5;0.0
6;101;6;0.0
6;101;7;0.0
6;101;8;0.0
7;101;1;0.0
7;101;2;0.0
7;101;3;0.0
7;101;4;0.0
7;101;5;0.0
7;101;6;0.0
7;101;7;0.0
7;101;8;0.0
8;101;1;0.0
8;101;2;0.0
8;101;3;0.0
8;101;4;0.0
8;101;5;0.0
8;101;6;0.0
8;101;7;0.0
8;101;8;0.0
9;101;1;0.0
9;101;2;0.0
9;101;3;0.0
9;101;4;0.0
9;101;5;0.0
9;101;6;0.0
9;101;7;0.0
9;101;8;0.0
10;101;1;0.0
10;101;2;0.0
10;101;3;0.0
10;101;4;0.0
10;101;5;0.0
10;101;6;0.0
10;101;7;0.0
10;101;8;0.0
11;101;1;0.0
11;101;2;0.0
11;101;3;0.0
11;101;4;0.0
11;101;5;0.0
11;101;6;0.0
11;101;7;0.0
11;101;8;0.0
12;101;1;0.0
12;101;2;0.0
12;101;3;0.0
12;101;4;0.0
12;101;5;0.0
12;101;6;0.0
12;101;7;0.0
12;101;8;0.0
13;101;1;0.0
13;101;2;0.0
13;101;3;0.0
13;101;4;0.0
13;101;5;0.0
13;101;6;0.0
13;101;7;0.0
13;101;8;0.0
14;101;1;0.0
14;101;2;0.0
14;101;3;0.0
14;101;4;0.0
14;101;5;0.0
14;101;6;0.0
14;101;7;0.0
14;101;8;0.0
15;101;1;0.0
15;101;2;0.0
15;101;3;0.0
15;101;4;0.0
15;101;5;0.0
15;101;6;0.0
15;101;7;0.0
15;101;8;0.0
16;101;1;0.0
16;101;2;0.0
16;101;3;0.0
16;101;4;0.0
16;101;5;0.0
16;101;6;0.0
16;101;7;0.0
16;101;8;0.0
17;101;1;-1.3714902723029403e-17
17;101;2;-1.3714902723029403e-17
17;101;3;-5.4902809036658496e-17
17;101;4;-6.153756211518609e-16
17;101;5;-1.3714902723029403e-17
17;101;6;-1.3714902723029403e-17
17;101;7;-1.3714902723029403e-17
17;101;8;-1.3714902723029403e-17
18;101;1;0.0
18;101;2;0.0
18;101;3;0.0
18;101;4;0.0
18;101;5;0.0
18;101;6;0.0
18;101;7;0.0
18;101;8;0.0
19;101;1;0.0
19;101;2;0.0
19;101;3;0.0
19;101;4;0.0
19;101;5;0.0
19;101;6;0.0
19;101;7;0.0
19;101;8;0.0
20;101;1;0.0
20;101;2;0.0
20;101;3;-4.2102104329498256e-17
20;101;4;0.0
20;101;5;0.0
20;101;6;0.0
20;101;7;0.0
20;101;8;0.0
21;101;1;-1.5032658356181984e-17
21;101;2;-1.5032658356181984e-17
21;101;3;-5.858665376065361e-17
21;101;4;-1.040062651148475e-15
21;101;5;-1.5032658356181984e-17
21;101;6;-1.5032658356181984e-17
21;101;7;-1.5032658356181984e-17
21;101;8;-1.5032658356181984e-17
22;101;1;-4.065586930369704e-17
22;101;2;-4.065586930369704e-17
22;101;3;-1.6424705463178102e-16
22;101;4;-0.0
22;101;5;-4.065586930369704e-17
22;101;6;-4.065586930369704e-17
22;101;7;-4.065586930369704e-17
22;101;8;-4.065586930369704e-17
23;101;1;0.0
23;101;2;0.0
23;101;3;0.0
23;101;4;0.0
23;101;5;0.0
23;101;6;0.0
23;101;7;0.0
23;101;8;0.0
24;101;1;0.0
24;101;2;0.0
24;101;3;0.0
24;101;4;0.0
24;101;5;0.0
24;101;6;0.0
24;101;7;0.0
24;101;8;0.0
25;101;1;0.0
25;101;2;0.0
25;101;3;0.0
25;101;4;0.0
25;101;5;0.0
25;101;6;0.0
25;101;7;0.0
25;101;8;0.0
26;101;1;0.0
26;101;2;0.0
26;101;3;0.0
26;101;4;0.0
26;101;5;0.0
26;101;6;0.0
26;101;7;0.0
26;101;8;0.0
27;101;1;0.0
27;101;2;0.0
27;101;3;0.0
27;101;4;0.0
27;101;5;0.0
27;101;6;0.0
27;101;7;0.0
27;101;8;0.0
28;101;1;0.0
28;101;2;0.0
28;101;3;0.0
28;101;4;0.0
28;101;5;0.0
28;101;6;0.0
28;101;7;0.0
28;101;8;0.0
29;101;1;0.0
29;101;2;0.0
29;101;3;0.0
29;101;4;0.0
29;101;5;0.0
29;101;6;0.0
29;101;7;0.0
29;101;8;0.0
30;101;1;0.0
30;101;2;0.0
30;101;3;0.0
30;101;4;0.0
30;101;5;0.0
30;101;6;0.0
30;101;7;0.0
30;101;8;0.0
31;101;1;0.0
31;101;2;0.0
31;101;3;0.0
31;101;4;0.0
31;101;5;0.0
31;101;6;0.0
31;101;7;0.0
31;101;8;0.0
32;101;1;0.0
32;101;2;0.0
32;101;3;0.0
32;101;4;0.0
32;101;5;0.0
32;101;6;0.0
32;101;7;0.0
32;101;8;0.0
33;101;1;0.0
33;101;2;0.0
33;101;3;0.0
33;101;4;0.0
33;101;5;0.0
33;101;6;0.0
33;101;7;0.0
33;101;8;0.0
34;101;1;0.0
34;101;2;0.0
34;101;3;0.0
34;101;4;0.0
34;101;5;0.0
34;101;6;0.0
34;101;7;0.0
34;101;8;0.0
35;101;1;0.0
35;101;2;0.0
35;101;3;0.0
35;101;4;0.0
35;101;5;0.0
35;101;6;0.0
35;101;7;0.0
35;101;8;0.0
36;101;1;0.0
36;101;2;0.0
36;101;3;0.0
36;101;4;0.0
36;101;5;0.0
36;101;6;0.0
36;101;7;0.0
36;101;8;0.0
37;101;1;0.0
37;101;2;0.0
37;101;3;0.0
37;101;4;0.0
37;101;5;0.0
37;101;6;0.0
37;101;7;0.0
37;101;8;0.0
38;101;1;0.0
38;101;2;0.0
38;101;3;0.0
38;101;4;0.0
38;101;5;0.0
38;101;6;0.0
38;101;7;0.0
38;101;8;0.0
39;101;1;0.0
39;101;2;0.0
39;101;3;0.0
39;101;4;0.0
39;101;5;0.0
39;101;6;0.0
39;101;7;0.0
39;101;8;0.0
40;101;1;0.0
40;101;2;0.0
40;101;3;0.0
40;101;4;0.0
40;101;5;0.0
40;101;6;0.0
40;101;7;0.0
40;101;8;0.0
41;101;1;0.0
41;101;2;0.0
41;101;3;0.0
41;101;4;0.0
41;101;5;0.0
41;101;6;0.0
41;101;7;0.0
41;101;8;0.0
42;101;1;0.0
42;101;2;0.0
42;101;3;0.0
42;101;4;0.0
42;101;5;0.0
42;101;6;0.0
42;101;7;0.0
42;101;8;0.0
43;101;1;0.0
43;101;2;0.0
43;101;3;0.0
43;101;4;0.0
43;101;5;0.0
43;101;6;0.0
43;101;7;0.0
43;101;8;0.0
44;101;1;0.0
44;101;2;0.0
44;101;3;0.0
44;101;4;0.0
44;101;5;0.0
44;101;6;0.0
44;101;7;0.0
44;101;8;0.0
45;101;1;0.0
45;101;2;0.0
45;101;3;0.0
45;101;4;0.0
45;101;5;0.0
45;101;6;0.0
45;101;7;0.0
45;101;8;0.0
46;101;1;0.0
46;101;2;0.0
46;101;3;0.0
46;101;4;0.0
46;101;5;0.0
46;101;6;0.0
46;101;7;0.0
46;101;8;0.0
47;101;1;-2.799556356733203e-17
47;101;2;-2.799556356733203e-17
47;101;3;-1.1853876770454096e-16
47;101;4;-1.4967217488834006e-15
47;101;5;-2.799556356733203e-17
47;101;6;-2.799556356733203e-17
47;101;7;-2.799556356733203e-17
47;101;8;-2.799556356733203e-17
48;101;1;0.0
48;101;2;0.0
48;101;3;0.0
48;101;4;0.0
48;101;5;0.0
48;101;6;0.0
48;101;7;0.0
48;101;8;0.0
49;101;1;0.0
49;101;2;0.0
49;101;3;0.0
49;101;4;0.0
49;101;5;0.0
49;101;6;0.0
49;101;7;0.0
49;101;8;0.0
50;101;1;0.0
50;101;2;0.0
50;101;3;0.0
50;101;4;0.0
50;101;5;0.0
50;101;6;0.0
50;101;7;0.0
50;101;8;0.0
51;101;1;0.0
51;101;2;0.0
51;101;3;0.0
51;101;4;0.0
51;101;5;0.0
51;101;6;0.0
51;101;7;0.0
51;101;8;0.0
52;101;1;0.0
52;101;2;0.0
52;101;3;0.0
52;101;4;-9.607162149933746e-16
52;101;5;0.0
52;101;6;0.0
52;101;7;0.0
52;101;8;0.0
53;101;1;0.0
53;101;2;0.0
53;101;3;0.0
53;101;4;0.0
53;101;5;0.0
53;101;6;0.0
53;101;7;0.0
53;101;8;0.0
54;101;1;0.0
54;101;2;0.0
54;101;3;0.0
54;101;4;-2.41651132306003e-16
54;101;5;0.0
54;101;6;0.0
54;101;7;0.0
54;101;8;0.0
55;101;1;0.0
55;101;2;0.0
55;101;3;0.0
55;101;4;0.0
55;101;5;0.0
55;101;6;0.0
55;101;7;0.0
55;101;8;0.0
56;101;1;0.0
56;101;2;0.0
56;101;3;0.0
56;101;4;0.0
56;101;5;0.0
56;101;6;0.0
56;101;7;0.0
56;101;8;0.0
57;101;1;0.0
57;101;2;0.0
57;101;3;0.0
57;101;4;0.0
57;101;5;0.0
57;101;6;0.0
57;101;7;0.0
57;101;8;0.0
58;101;1;0.0
58;101;2;0.0
58;101;3;0.0
58;101;4;0.0
58;101;5;0.0
58;101;6;0.0
58;101;7;0.0
58;101;8;0.0
59;101;1;0.0
59;101;2;0.0
59;101;3;0.0
59;101;4;0.0
59;101;5;0.0
59;101;6;0.0
59;101;7;0.0
59;101;8;0.0
1;102;1;0.0
1;102;2;0.0
1;102;3;0.0
1;102;4;0.0
1;102;5;0.0
1;102;6;0.0
1;102;7;0.0
1;102;8;0.0
2;102;1;0.0
2;102;2;0.0
2;102;3;0.0
2;102;4;0.0
2;102;5;0.0
2;102;6;0.0
2;102;7;0.0
2;102;8;0.0
3;102;1;0.0
3;102;2;0.0
3;102;3;0.0
3;102;4;0.0
3;102;5;0.0
3;102;6;0.0
3;102;7;0.0
3;102;8;0.0
4;102;1;0.0
4;102;2;0.0
4;102;3;0.0
4;102;4;0.0
4;102;5;0.0
4;102;6;0.0
4;102;7;0.0
4;102;8;0.0
5;102;1;0.0
5;102;2;0.0
5;102;3;0.0
5;102;4;0.0
5;102;5;0.0
5;102;6;0.0
5;102;7;0.0
5;102;8;0.0
6;102;1;0.0
6;102;2;0.0
6;102;3;0.0
6;102;4;0.0
6;102;5;0.0
6;102;6;0.0
6;102;7;0.0
6;102;8;0.0
7;102;1;0.0
7;102;2;0.0
7;102;3;0.0
7;102;4;0.0
7;102;5;0.0
7;102;6;0.0
7;102;7;0.0
7;102;8;0.0
8;102;1;0.0
8;102;2;0.0
8;102;3;0.0
8;102;4;0.0
8;102;5;0.0
8;102;6;0.0
8;102;7;0.0
8;102;8;0.0
9;102;1;0.0
9;102;2;0.0
9;102;3;0.0
9;102;4;0.0
9;102;5;0.0
9;102;6;0.0
9;102;7;0.0
9;102;8;0.0
10;102;1;0.0
10;102;2;0.0
10;102;3;0.0
10;102;4;0.0
10;102;5;0.0
10;102;6;0.0
10;102;7;0.0
10;102;8;0.0
11;102;1;0.0
11;102;2;0.0
11;102;3;0.0
11;102;4;0.0
11;102;5;0.0
11;102;6;0.0
11;102;7;0.0
11;102;8;0.0
12;102;1;0.0
12;102;2;0.0
12;102;3;0.0
12;102;4;0.0
12;102;5;0.0
12;102;6;0.0
12;102;7;0.0
12;102;8;0.0
13;102;1;0.0
13;102;2;0.0
13;102;3;0.0
13;102;4;0.0
13;102;5;0.0
13;102;6;0.0
13;102;7;0.0
13;102;8;0.0
14;102;1;0.0
14;102;2;0.0
14;102;3;0.0
14;102;4;0.0
14;102;5;0.0
14;102;6;0.0
14;102;7;0.0
14;102;8;0.0
15;102;1;0.0
15;102;2;0.0
15;102;3;0.0
15;102;4;0.0
15;102;5;0.0
15;102;6;0.0
15;102;7;0.0
15;102;8;0.0
16;102;1;0.0
16;102;2;0.0
16;102;3;0.0
16;102;4;0.0
16;102;5;0.0
16;102;6;0.0
16;102;7;0.0
16;102;8;0.0
17;102;1;-1.5989314250622978e-17
17;102;2;-1.5989314250622978e-17
17;102;3;-6.088202158250935e-17
17;102;4;-1.0000000000017641
17;102;5;-1.5989314250622978e-17
17;102;6;-1.5989314250622978e-17
17;102;7;-1.5989314250622978e-17
17;102;8;-1.5989314250622978e-17
18;102;1;0.0
18;102;2;0.0
18;102;3;0.0
18;102;4;0.0
18;102;5;0.0
18;102;6;0.0
18;102;7;0.0
18;102;8;0.0
19;102;1;0.0
19;102;2;0.0
19;102;3;0.0
19;102;4;0.0
19;102;5;0.0
19;102;6;0.0
19;102;7;0.0
19;102;8;0.0
20;102;1;0.0
20;102;2;0.0
20;102;3;-4.490361338529692e-17
20;102;4;0.0
20;102;5;0.0
20;102;6;0.0
20;102;7;0.0
20;102;8;0.0
21;102;1;-1.8248455019459752e-17
21;102;2;-1.8248455019459752e-17
21;102;3;-6.796927653444523e-17
21;102;4;-2.947199405029057e-13
21;102;5;-1.8248455019459752e-17
21;102;6;-1.8248455019459752e-17
21;102;7;-1.8248455019459752e-17
21;102;8;-1.8248455019459752e-17
22;102;1;-4.1009537134917475e-17
22;102;2;-4.1009537134917475e-17
22;102;3;-1.7371686015313108e-16
22;102;4;-4.796163466380676e-14
22;102;5;-4.1009537134917475e-17
22;102;6;-4.1009537134917475e-17
22;102;7;-4.1009537134917475e-17
22;102;8;-4.1009537134917475e-17
23;102;1;0.0
23;102;2;0.0
23;102;3;0.0
23;102;4;0.0
23;102;5;0.0
23;102;6;0.0
23;102;7;0.0
23;102;8;0.0
24;102;1;0.0
24;102;2;0.0
24;102;3;0.0
24;102;4;0.0
24;102;5;0.0
24;102;6;0.0
24;102;7;0.0
24;102;8;0.0
25;102;1;0.0
25;102;2;0.0
25;102;3;0.0
25;102;4;0.0
25;102;5;0.0
25;102;6;0.0
25;102;7;0.0
25;102;8;0.0
26;102;1;0.0
26;102;2;0.0
26;102;3;0.0
26;102;4;0.0
26;102;5;0.0
26;102;6;0.0
26;102;7;0.0
26;102;8;0.0
27;102;1;0.0
27;102;2;0.0
27;102;3;0.0
27;102;4;0.0
27;102;5;0.0
27;102;6;0.0
27;102;7;0.0
27;102;8;0.0
28;102;1;0.0
28;102;2;0.0
28;102;3;0.0
28;102;4;0.0
28;102;5;0.0
28;102;6;0.0
28;102;7;0.0
28;102;8;0.0
29;102;1;0.0
29;102;2;0.0
29;102;3;0.0
29;102;4;0.0
29;102;5;0.0
29;102;6;0.0
29;102;7;0.0
29;102;8;0.0
30;102;1;0.0
30;102;2;0.0
30;102;3;0.0
30;102;4;0.0
30;102;5;0.0
30;102;6;0.0
30;102;7;0.0
30;102;8;0.0
31;102;1;0.0
31;102;2;0.0
31;102;3;0.0
31;102;4;0.0
31;102;5;0.0
31;102;6;0.0
31;102;7;0.0
31;102;8;0.0
32;102;1;0.0
32;102;2;0.0
32;102;3;0.0
32;102;4;0.0
32;102;5;0.0
32;102;6;0.0
32;102;7;0.0
32;102;8;0.0
33;102;1;0.0
33;102;2;0.0
33;102;3;0.0
33;102;4;0.0
33;102;5;0.0
33;102;6;0.0
33;102;7;0.0
33;102;8;0.0
34;102;1;0.0
34;102;2;0.0
34;102;3;0.0
34;102;4;0.0
34;102;5;0.0
34;102;6;0.0
34;102;7;0.0
34;102;8;0.0
35;102;1;0.0
35;102;2;0.0
35;102;3;0.0
35;102;4;0.0
35;102;5;0.0
35;102;6;0.0
35;102;7;0.0
35;102;8;0.0
36;102;1;0.0
36;102;2;0.0
36;102;3;0.0
36;102;4;0.0
36;102;5;0.0
36;102;6;0.0
36;102;7;0.0
36;102;8;0.0
37;102;1;0.0
37;102;2;0.0
37;102;3;0.0
37;102;4;0.0
37;102;5;0.0
37;102;6;0.0
37;102;7;0.0
37;102;8;0.0
38;102;1;0.0
38;102;2;0.0
38;102;3;0.0
38;102;4;0.0
38;102;5;0.0
38;102;6;0.0
38;102;7;0.0
38;102;8;0.0
39;102;1;0.0
39;102;2;0.0
39;102;3;0.0
39;102;4;0.0
39;102;5;0.0
39;102;6;0.0
39;102;7;0.0
39;102;8;0.0
40;102;1;0.0
40;102;2;0.0
40;102;3;0.0
40;102;4;0.0
40;102;5;0.0
40;102;6;0.0
40;102;7;0.0
40;102;8;0.0
41;102;1;0.0
41;102;2;0.0
41;102;3;0.0
41;102;4;0.0
41;102;5;0.0
41;102;6;0.0
41;102;7;0.0
41;102;8;0.0
42;102;1;0.0
42;102;2;0.0
42;102;3;0.0
42;102;4;0.0
42;102;5;0.0
42;102;6;0.0
42;102;7;0.0
42;102;8;0.0
43;102;1;0.0
43;102;2;0.0
43;102;3;0.0
43;102;4;0.0
43;102;5;0.0
43;102;6;0.0
43;102;7;0.0
43;102;8;0.0
44;102;1;0.0
44;102;2;0.0
44;102;3;0.0
44;102;4;0.0
44;102;5;0.0
44;102;6;0.0
44;102;7;0.0
44;102;8;0.0
45;102;1;0.0
45;102;2;0.0
45;102;3;0.0
45;102;4;0.0
45;102;5;0.0
45;102;6;0.0
45;102;7;0.0
45;102;8;0.0
46;102;1;0.0
46;102;2;0.0
46;102;3;0.0
46;102;4;0.0
46;102;5;0.0
46;102;6;0.0
46;102;7;0.0
46;102;8;0.0
47;102;1;-3.464499999774464e-17
47;102;2;-3.464499999774464e-17
47;102;3;-1.317978255843557e-16
47;102;4;-1.9748651528900718e-12
47;102;5;-3.464499999774464e-17
47;102;6;-3.464499999774464e-17
47;102;7;-3.464499999774464e-17
47;102;8;-3.464499999774464e-17
48;102;1;0.0
48;102;2;0.0
48;102;3;0.0
48;102;4;0.0
48;102;5;0.0
48;102;6;0.0
48;102;7;0.0
48;102;8;0.0
49;102;1;0.0
49;102;2;0.0
49;102;3;0.0
49;102;4;0.0
49;102;5;0.0
49;102;6;0.0
49;102;7;0.0
49;102;8;0.0
50;102;1;0.0
50;102;2;0.0
50;102;3;0.0
50;102;4;0.0
50;102;5;0.0
50;102;6;0.0
50;102;7;0.0
50;102;8;0.0
51;102;1;0.0
51;102;2;0.0
51;102;3;0.0
51;102;4;0.0
51;102;5;0.0
51;102;6;0.0
51;102;7;0.0
51;102;8;0.0
52;102;1;0.0
52;102;2;0.0
52;102;3;0.0
52;102;4;-3.18404145064462e-13
52;102;5;0.0
52;102;6;0.0
52;102;7;0.0
52;102;8;0.0
53;102;1;0.0
53;102;2;0.0
53;102;3;0.0
53;102;4;0.0
53;102;5;0.0
53;102;6;0.0
53;102;7;0.0
53;102;8;0.0
54;102;1;0.0
54;102;2;0.0
54;102;3;0.0
54;102;4;-7.854739707836861e-15
54;102;5;0.0
54;102;6;0.0
54;102;7;0.0
54;102;8;0.0
55;102;1;0.0
55;102;2;0.0
55;102;3;0.0
55;102;4;0.0
55;102;5;0.0
55;102;6;0.0
55;102;7;0.0
55;102;8;0.0
56;102;1;0.0
56;102;2;0.0
56;102;3;0.0
56;102;4;0.0
56;102;5;0.0
56;102;6;0.0
56;102;7;0.0
56;102;8;0.0
57;102;1;0.0
57;102;2;0.0
57;102;3;0.0
57;102;4;0.0
57;102;5;0.0
57;102;6;0.0
57;102;7;0.0
57;102;8;0.0
58;102;1;0.0
58;102;2;0.0
58;102;3;0.0
58;102;4;0.0
58;102;5;0.0
58;102;6;0.0
58;102;7;0.0
58;102;8;0.0
59;102;1;0.0
59;102;2;0.0
59;102;3;0.0
59;102;4;0.0
59;102;5;0.0
59;102;6;0.0
59;102;7;0.0
59;102;8;0.0
1;103;1;0.0
1;103;2;0.0
1;103;3;0.0
1;103;4;0.0
1;103;5;0.0
1;103;6;0.0
1;103;7;0.0
1;103;8;0.0
2;103;1;0.0
2;103;2;0.0
2;103;3;0.0
2;103;4;0.0
2;103;5;0.0
2;103;6;0.0
2;103;7;0.0
2;103;8;0.0
3;103;1;0.0
3;103;2;0.0
3;103;3;0.0
3;103;4;0.0
3;103;5;0.0
3;103;6;0.0
3;103;7;0.0
3;103;8;0.0
4;103;1;0.0
4;103;2;0.0
4;103;3;0.0
4;103;4;0.0
4;103;5;0.0
4;103;6;0.0
4;103;7;0.0
4;103;8;0.0
5;103;1;0.0
5;103;2;0.0
5;103;3;0.0
5;103;4;0.0
5;103;5;0.0
5;103;6;0.0
5;103;7;0.0
5;103;8;0.0
6;103;1;0.0
6;103;2;0.0
6;103;3;0.0
6;103;4;0.0
6;103;5;0.0
6;103;6;0.0
6;103;7;0.0
6;103;8;0.0
7;103;1;0.0
7;103;2;0.0
7;103;3;0.0
7;103;4;0.0
7;103;5;0.0
7;103;6;0.0
7;103;7;0.0
7;103;8;0.0
8;103;1;0.0
8;103;2;0.0
8;103;3;0.0
8;103;4;0.0
8;103;5;0.0
8;103;6;0.0
8;103;7;0.0
8;103;8;0.0
9;103;1;0.0
9;103;2;0.0
9;103;3;0.0
9;103;4;0.0
9;103;5;0.0
9;103;6;0.0
9;103;7;0.0
9;103;8;0.0
10;103;1;0.0
10;103;2;0.0
10;103;3;0.0
10;103;4;0.0
10;103;5;0.0
10;103;6;0.0
10;103;7;0.0
10;103;8;0.0
11;103;1;0.0
11;103;2;0.0
11;103;3;0.0
11;103;4;0.0
11;103;5;0.0
11;103;6;0.0
11;103;7;0.0
11;103;8;0.0
12;103;1;0.0
12;103;2;0.0
12;103;3;0.0
12;103;4;0.0
12;103;5;0.0
12;103;6;0.0
12;103;7;0.0
12;103;8;0.0
13;103;1;0.0
13;103;2;0.0
13;103;3;0.0
13;103;4;0.0
13;103;5;0.0
13;103;6;0.0
13;103;7;0.0
13;103;8;0.0
14;103;1;0.0
14;103;2;0.0
14;103;3;0.0
14;103;4;0.0
14;103;5;0.0
14;103;6;0.0
14;103;7;0.0
14;103;8;0.0
15;103;1;0.0
15;103;2;0.0
15;103;3;0.0
15;103;4;0.0
15;103;5;0.0
15;103;6;0.0
15;103;7;0.0
15;103;8;0.0
16;103;1;0.0
16;103;2;0.0
16;103;3;0.0
16;103;4;0.0
16;103;5;0.0
16;103;6;0.0
16;103;7;0.0
16;103;8;0.0
17;103;1;-1.9498651232897957e-17
17;103;2;-1.9498651232897957e-17
17;103;3;-6.900626684284987e-17
17;103;4;-0.9999999999852404
17;103;5;-1.9498651232897957e-17
17;103;6;-1.9498651232897957e-17
17;103;7;-1.9498651232897957e-17
17;103;8;-1.9498651232897957e-17
18;103;1;0.0
18;103;2;0.0
18;103;3;0.0
18;103;4;0.0
18;103;5;0.0
18;103;6;0.0
18;103;7;0.0
18;103;8;0.0
19;103;1;0.0
19;103;2;0.0
19;103;3;0.0
19;103;4;0.0
19;103;5;0.0
19;103;6;0.0
19;103;7;0.0
19;103;8;0.0
20;103;1;0.0
20;103;2;0.0
20;103;3;-3.6702839644002324e-17
20;103;4;0.0
20;103;5;0.0
20;103;6;0.0
20;103;7;0.0
20;103;8;0.0
21;103;1;-2.3884047755080902e-17
21;103;2;-2.3884047755080902e-17
21;103;3;-8.136186031677091e-17
21;103;4;-2.923776587379231e-13
21;103;5;-2.3884047755080902e-17
21;103;6;-2.3884047755080902e-17
21;103;7;-2.3884047755080902e-17
21;103;8;-2.3884047755080902e-17
22;103;1;-4.7078805495008824e-17
22;103;2;-4.7078805495008824e-17
22;103;3;-1.5868285030884686e-16
22;103;4;-5.3290705182007514e-14
22;103;5;-4.7078805495008824e-17
22;103;6;-4.7078805495008824e-17
22;103;7;-4.7078805495008824e-17
22;103;8;-4.7078805495008824e-17
23;103;1;0.0
23;103;2;0.0
23;103;3;0.0
23;103;4;0.0
23;103;5;0.0
23;103;6;0.0
23;103;7;0.0
23;103;8;0.0
24;103;1;0.0
24;103;2;0.0
24;103;3;0.0
24;103;4;0.0
24;103;5;0.0
24;103;6;0.0
24;103;7;0.0
24;103;8;0.0
25;103;1;0.0
25;103;2;0.0
25;103;3;0.0
25;103;4;0.0
25;103;5;0.0
25;103;6;0.0
25;103;7;0.0
25;103;8;0.0
26;103;1;0.0
26;103;2;0.0
26;103;3;0.0
26;103;4;0.0
26;103;5;0.0
26;103;6;0.0
26;103;7;0.0
26;103;8;0.0
27;103;1;0.0
27;103;2;0.0
27;103;3;0.0
27;103;4;0.0
27;103;5;0.0
27;103;6;0.0
27;103;7;0.0
27;103;8;0.0
28;103;1;0.0
28;103;2;0.0
28;103;3;0.0
28;103;4;0.0
28;103;5;0.0
28;103;6;0.0
28;103;7;0.0
28;103;8;0.0
29;103;1;0.0
29;103;2;0.0
29;103;3;0.0
29;103;4;0.0
29;103;5;0.0
29;103;6;0.0
29;103;7;0.0
29;103;8;0.0
30;103;1;0.0
30;103;2;0.0
30;103;3;0.0
30;103;4;0.0
30;103;5;0.0
30;103;6;0.0
30;103;7;0.0
30;103;8;0.0
31;103;1;0.0
31;103;2;0.0
31;103;3;0.0
31;103;4;0.0
31;103;5;0.0
31;103;6;0.0
31;103;7;0.0
31;103;8;0.0
32;103;1;0.0
32;103;2;0.0
32;103;3;0.0
32;103;4;0.0
32;103;5;0.0
32;103;6;0.0
32;103;7;0.0
32;103;8;0.0
33;103;1;0.0
33;103;2;0.0
33;103;3;0.0
33;103;4;0.0
33;103;5;0.0
33;103;6;0.0
33;103;7;0.0
33;103;8;0.0
34;103;1;0.0
34;103;2;0.0
34;103;3;0.0
34;103;4;0.0
34;103;5;0.0
34;103;6;0.0
34;103;7;0.0
34;103;8;0.0
35;103;1;0.0
35;103;2;0.0
35;103;3;0.0
35;103;4;0.0
35;103;5;0.0
35;103;6;0.0
35;103;7;0.0
35;103;8;0.0
36;103;1;0.0
36;103;2;0.0
36;103;3;0.0
36;103;4;0.0
36;103;5;0.0
36;103;6;0.0
36;103;7;0.0
36;103;8;0.0
37;103;1;0.0
37;103;2;0.0
37;103;3;0.0
37;103;4;0.0
37;103;5;0.0
37;103;6;0.0
37;103;7;0.0
37;103;8;0.0
38;103;1;0.0
38;103;2;0.0
38;103;3;0.0
38;103;4;0.0
38;103;5;0.0
38;103;6;0.0
38;103;7;0.0
38;103;8;0.0
39;103;1;0.0
39;103;2;0.0
39;103;3;0.0
39;103;4;0.0
39;103;5;0.0
39;103;6;0.0
39;103;7;0.0
39;103;8;0.0
40;103;1;0.0
40;103;2;0.0
40;103;3;0.0
40;103;4;0.0
40;103;5;0.0
40;103;6;0.0
40;103;7;0.0
40;103;8;0.0
41;103;1;0.0
41;103;2;0.0
41;103;3;0.0
41;103;4;0.0
41;103;5;0.0
41;103;6;0.0
41;103;7;0.0
41;103;8;0.0
42;103;1;0.0
42;103;2;0.0
42;103;3;0.0
42;103;4;0.0
42;103;5;0.0
42;103;6;0.0
42;103;7;0.0
42;103;8;0.0
43;103;1;0.0
43;103;2;0.0
43;103;3;0.0
43;103;4;0.0
43;103;5;0.0
43;103;6;0.0
43;103;7;0.0
43;103;8;0.0
44;103;1;0.0
44;103;2;0.0
44;103;3;0.0
44;103;4;0.0
44;103;5;0.0
44;103;6;0.0
44;103;7;0.0
44;103;8;0.0
45;103;1;0.0
45;103;2;0.0
45;103;3;0.0
45;103;4;0.0
45;103;5;0.0
45;103;6;0.0
45;103;7;0.0
45;103;8;0.0
46;103;1;0.0
46;103;2;0.0
46;103;3;0.0
46;103;4;0.0
46;103;5;0.0
46;103;6;0.0
46;103;7;0.0
46;103;8;0.0
47;103;1;-4.5176155513610354e-17
47;103;2;-4.5176155513610354e-17
47;103;3;-1.5496433338826376e-16
47;103;4;-1.9919946343702516e-12
47;103;5;-4.5176155513610354e-17
47;103;6;-4.5176155513610354e-17
47;103;7;-4.5176155513610354e-17
47;103;8;-4.5176155513610354e-17
48;103;1;0.0
48;103;2;0.0
48;103;3;0.0
48;103;4;0.0
48;103;5;0.0
48;103;6;0.0
48;103;7;0.0
48;103;8;0.0
49;103;1;0.0
49;103;2;0.0
49;103;3;0.0
49;103;4;0.0
49;103;5;0.0
49;103;6;0.0
49;103;7;0.0
49;103;8;0.0
50;103;1;0.0
50;103;2;0.0
50;103;3;0.0
50;103;4;0.0
50;103;5;0.0
50;103;6;0.0
50;103;7;0.0
50;103;8;0.0
51;103;1;0.0
51;103;2;0.0
51;103;3;0.0
51;103;4;0.0
51;103;5;0.0
51;103;6;0.0
51;103;7;0.0
51;103;8;0.0
52;103;1;0.0
52;103;2;0.0
52;103;3;0.0
52;103;4;-3.2668081093978393e-13
52;103;5;0.0
52;103;6;0.0
52;103;7;0.0
52;103;8;0.0
53;103;1;0.0
53;103;2;0.0
53;103;3;0.0
53;103;4;0.0
53;103;5;0.0
53;103;6;0.0
53;103;7;0.0
53;103;8;0.0
54;103;1;0.0
54;103;2;0.0
54;103;3;0.0
54;103;4;-7.791550680344741e-15
54;103;5;0.0
54;103;6;0.0
54;103;7;0.0
54;103;8;0.0
55;103;1;0.0
55;103;2;0.0
55;103;3;0.0
55;103;4;0.0
55;103;5;0.0
55;103;6;0.0
55;103;7;0.0
55;103;8;0.0
56;103;1;0.0
56;103;2;0.0
56;103;3;0.0
56;103;4;0.0
56;103;5;0.0
56;103;6;0.0
56;103;7;0.0
56;103;8;0.0
57;103;1;0.0
57;103;2;0.0
57;103;3;0.0
57;103;4;0.0
57;103;5;0.0
57;103;6;0.0
57;103;7;0.0
57;103;8;0.0
58;103;1;0.0
58;103;2;0.0
58;103;3;0.0
58;103;4;0.0
58;103;5;0.0
58;103;6;0.0
58;103;7;0.0
58;103;8;0.0
59;103;1;0.0
59;103;2;0.0
59;103;3;0.0
59;103;4;0.0
59;103;5;0.0
59;103;6;0.0
59;103;7;0.0
59;103;8;0.0
1;104;1;0.0
1;104;2;0.0
1;104;3;0.0
1;104;4;0.0
1;104;5;0.0
1;104;6;0.0
1;104;7;0.0
1;104;8;0.0
2;104;1;0.0
2;104;2;0.0
2;104;3;0.0
2;104;4;0.0
2;104;5;0.0
2;104;6;0.0
2;104;7;0.0
2;104;8;0.0
3;104;1;0.0
3;104;2;0.0
3;104;3;0.0
3;104;4;0.0
3;104;5;0.0
3;104;6;0.0
3;104;7;0.0
3;104;8;0.0
4;104;1;0.0
4;104;2;0.0
4;104;3;0.0
4;104;4;0.0
4;104;5;0.0
4;104;6;0.0
4;104;7;0.0
4;104;8;0.0
5;104;1;0.0
5;104;2;0.0
5;104;3;0.0
5;104;4;0.0
5;104;5;0.0
5;104;6;0.0
5;104;7;0.0
5;104;8;0.0
6;104;1;0.0
6;104;2;0.0
6;104;3;0.0
6;104;4;0.0
6;104;5;0.0
6;104;6;0.0
6;104;7;0.0
6;104;8;0.0
7;104;1;0.0
7;104;2;0.0
7;104;3;0.0
7;104;4;0.0
7;104;5;0.0
7;104;6;0.0
7;104;7;0.0
7;104;8;0.0
8;104;1;0.0
8;104;2;0.0
8;104;3;0.0
8;104;4;0.0
8;104;5;0.0
8;104;6;0.0
8;104;7;0.0
8;104;8;0.0
9;104;1;0.0
9;104;2;0.0
9;104;3;0.0
9;104;4;0.0
9;104;5;0.0
9;104;6;0.0
9;104;7;0.0
9;104;8;0.0
10;104;1;0.0
10;104;2;0.0
10;104;3;0.0
10;104;4;0.0
10;104;5;0.0
10;104;6;0.0
10;104;7;0.0
10;104;8;0.0
11;104;1;0.0
11;104;2;0.0
11;104;3;0.0
11;104;4;0.0
11;104;5;0.0
11;104;6;0.0
11;104;7;0.0
11;104;8;0.0
12;104;1;0.0
12;104;2;0.0
12;104;3;0.0
12;104;4;0.0
12;104;5;0.0
12;104;6;0.0
12;104;7;0.0
12;104;8;0.0
13;104;1;0.0
13;104;2;0.0
13;104;3;0.0
13;104;4;0.0
13;104;5;0.0
13;104;6;0.0
13;104;7;0.0
13;104;8;0.0
14;104;1;0.0
14;104;2;0.0
14;104;3;0.0
14;104;4;0.0
14;104;5;0.0
14;104;6;0.0
14;104;7;0.0
14;104;8;0.0
15;104;1;0.0
15;104;2;0.0
15;104;3;0.0
15;104;4;0.0
15;104;5;0.0
15;104;6;0.0
15;104;7;0.0
15;104;8;0.0
16;104;1;0.0
16;104;2;0.0
16;104;3;0.0
16;104;4;0.0
16;104;5;0.0
16;104;6;0.0
16;104;7;0.0
16;104;8;0.0
17;104;1;-2.78709725530166e-17
17;104;2;-2.78709725530166e-17
17;104;3;-9.71720163321711e-17
17;104;4;-5.390119748826353e-16
17;104;5;-2.78709725530166e-17
17;104;6;-2.78709725530166e-17
17;104;7;-2.78709725530166e-17
17;104;8;-2.78709725530166e-17
18;104;1;0.0
18;104;2;0.0
18;104;3;0.0
18;104;4;0.0
18;104;5;0.0
18;104;6;0.0
18;104;7;0.0
18;104;8;0.0
19;104;1;0.0
19;104;2;0.0
19;104;3;0.0
19;104;4;0.0
19;104;5;0.0
19;104;6;0.0
19;104;7;0.0
19;104;8;0.0
20;104;1;0.0
20;104;2;0.0
20;104;3;6.238537795916337e-16
20;104;4;0.0
20;104;5;0.0
20;104;6;0.0
20;104;7;0.0
20;104;8;0.0
21;104;1;-3.937802900402112e-17
21;104;2;-3.937802900402112e-17
21;104;3;-1.277868671419611e-16
21;104;4;-8.41983179294934e-16
21;104;5;-3.937802900402112e-17
21;104;6;-3.937802900402112e-17
21;104;7;-3.937802900402112e-17
21;104;8;-3.937802900402112e-17
22;104;1;-7.52531868298039e-17
22;104;2;-7.52531868298039e-17
22;104;3;-2.974735806061984e-16
22;104;4;-0.0
22;104;5;-7.52531868298039e-17
22;104;6;-7.52531868298039e-17
22;104;7;-7.52531868298039e-17
22;104;8;-7.52531868298039e-17
23;104;1;0.0
23;104;2;0.0
23;104;3;0.0
23;104;4;0.0
23;104;5;0.0
23;104;6;0.0
23;104;7;0.0
23;104;8;0.0
24;104;1;0.0
24;104;2;0.0
24;104;3;0.0
24;104;4;0.0
24;104;5;0.0
24;104;6;0.0
24;104;7;0.0
24;104;8;0.0
25;104;1;0.0
25;104;2;0.0
25;104;3;0.0
25;104;4;0.0
25;104;5;0.0
25;104;6;0.0
25;104;7;0.0
25;104;8;0.0
26;104;1;0.0
26;104;2;0.0
26;104;3;0.0
26;104;4;0.0
26;104;5;0.0
26;104;6;0.0
26;104;7;0.0
26;104;8;0.0
27;104;1;0.0
27;104;2;0.0
27;104;3;0.0
27;104;4;0.0
27;104;5;0.0
27;104;6;0.0
27;104;7;0.0
27;104;8;0.0
28;104;1;0.0
28;104;2;0.0
28;104;3;0.0
28;104;4;0.0
28;104;5;0.0
28;104;6;0.0
28;104;7;0.0
28;104;8;0.0
29;104;1;0.0
29;104;2;0.0
29;104;3;0.0
29;104;4;0.0
29;104;5;0.0
29;104;6;0.0
29;104;7;0.0
29;104;8;0.0
30;104;1;0.0
30;104;2;0.0
30;104;3;0.0
30;104;4;0.0
30;104;5;0.0
30;104;6;0.0
30;104;7;0.0
30;104;8;0.0
31;104;1;0.0
31;104;2;0.0
31;104;3;0.0
31;104;4;0.0
31;104;5;0.0
31;104;6;0.0
31;104;7;0.0
31;104;8;0.0
32;104;1;0.0
32;104;2;0.0
32;104;3;0.0
32;104;4;0.0
32;104;5;0.0
32;104;6;0.0
32;104;7;0.0
32;104;8;0.0
33;104;1;0.0
33;104;2;0.0
33;104;3;0.0
33;104;4;0.0
33;104;5;0.0
33;104;6;0.0
33;104;7;0.0
33;104;8;0.0
34;104;1;0.0
34;104;2;0.0
34;104;3;0.0
34;104;4;0.0
34;104;5;0.0
34;104;6;0.0
34;104;7;0.0
34;104;8;0.0
35;104;1;0.0
35;104;2;0.0
35;104;3;0.0
35;104;4;0.0
35;104;5;0.0
35;104;6;0.0
35;104;7;0.0
35;104;8;0.0
36;104;1;0.0
36;104;2;0.0
36;104;3;0.0
36;104;4;0.0
36;104;5;0.0
36;104;6;0.0
36;104;7;0.0
36;104;8;0.0
37;104;1;0.0
37;104;2;0.0
37;104;3;0.0
37;104;4;0.0
37;104;5;0.0
37;104;6;0.0
37;104;7;0.0
37;104;8;0.0
38;104;1;0.0
38;104;2;0.0
38;104;3;0.0
38;104;4;0.0
38;104;5;0.0
38;104;6;0.0
38;104;7;0.0
38;104;8;0.0
39;104;1;0.0
39;104;2;0.0
39;104;3;0.0
39;104;4;0.0
39;104;5;0.0
39;104;6;0.0
39;104;7;0.0
39;104;8;0.0
40;104;1;0.0
40;104;2;0.0
40;104;3;0.0
40;104;4;0.0
40;104;5;0.0
40;104;6;0.0
40;104;7;0.0
40;104;8;0.0
41;104;1;0.0
41;104;2;0.0
41;104;3;0.0
41;104;4;0.0
41;104;5;0.0
41;104;6;0.0
41;104;7;0.0
41;104;8;0.0
42;104;1;0.0
42;104;2;0.0
42;104;3;0.0
42;104;4;0.0
42;104;5;0.0
42;104;6;0.0
42;104;7;0.0
42;104;8;0.0
43;104;1;0.0
43;104;2;0.0
43;104;3;0.0
43;104;4;0.0
43;104;5;0.0
43;104;6;0.0
43;104;7;0.0
43;104;8;0.0
44;104;1;0.0
44;104;2;0.0
44;104;3;0.0
44;104;4;0.0
44;104;5;0.0
44;104;6;0.0
44;104;7;0.0
44;104;8;0.0
45;104;1;0.0
45;104;2;0.0
45;104;3;0.0
45;104;4;0.0
45;104;5;0.0
45;104;6;0.0
45;104;7;0.0
45;104;8;0.0
46;104;1;0.0
46;104;2;0.0
46;104;3;0.0
46;104;4;0.0
46;104;5;0.0
46;104;6;0.0
46;104;7;0.0
46;104;8;0.0
47;104;1;-6.871510684236586e-17
47;104;2;-6.871510684236586e-17
47;104;3;-2.277087931397107e-16
47;104;4;-1.1310193038462902e-15
47;104;5;-6.871510684236586e-17
47;104;6;-6.871510684236586e-17
47;104;7;-6.871510684236586e-17
47;104;8;-6.871510684236586e-17
48;104;1;0.0
48;104;2;0.0
48;104;3;0.0
48;104;4;0.0
48;104;5;0.0
48;104;6;0.0
48;104;7;0.0
48;104;8;0.0
49;104;1;0.0
49;104;2;0.0
49;104;3;0.0
49;104;4;0.0
49;104;5;0.0
49;104;6;0.0
49;104;7;0.0
49;104;8;0.0
50;104;1;0.0
50;104;2;0.0
50;104;3;0.0
50;104;4;0.0
50;104;5;0.0
50;104;6;0.0
50;104;7;0.0
50;104;8;0.0
51;104;1;0.0
51;104;2;0.0
51;104;3;0.0
51;104;4;0.0
51;104;5;0.0
51;104;6;0.0
51;104;7;0.0
51;104;8;0.0
52;104;1;0.0
52;104;2;0.0
52;104;3;0.0
52;104;4;-6.648552696458697e-16
52;104;5;0.0
52;104;6;0.0
52;104;7;0.0
52;104;8;0.0
53;104;1;0.0
53;104;2;0.0
53;104;3;0.0
53;104;4;0.0
53;104;5;0.0
53;104;6;0.0
53;104;7;0.0
53;104;8;0.0
54;104;1;0.0
54;104;2;0.0
54;104;3;0.0
54;104;4;1.162625551387464e-12
54;104;5;0.0
54;104;6;0.0
54;104;7;0.0
54;104;8;0.0
55;104;1;0.0
55;104;2;0.0
55;104;3;0.0
55;104;4;0.0
55;104;5;0.0
55;104;6;0.0
55;104;7;0.0
55;104;8;0.0
56;104;1;0.0
56;104;2;0.0
56;104;3;0.0
56;104;4;0.0
56;104;5;0.0
56;104;6;0.0
56;104;7;0.0
56;104;8;0.0
57;104;1;0.0
57;104;2;0.0
57;104;3;0.0
57;104;4;0.0
57;104;5;0.0
57;104;6;0.0
57;104;7;0.0
57;104;8;0.0
58;104;1;0.0
58;104;2;0.0
58;104;3;0.0
58;104;4;0.0
58;104;5;0.0
58;104;6;0.0
58;104;7;0.0
58;104;8;0.0
59;104;1;0.0
59;104;2;0.0
59;104;3;0.0
59;104;4;0.0
59;104;5;0.0
59;104;6;0.0
59;104;7;0.0
59;104;8;0.0
1;105;1;0.0
1;105;2;0.0
1;105;3;0.0
1;105;4;0.0
1;105;5;0.0
1;105;6;0.0
1;105;7;0.0
1;105;8;0.0
2;105;1;0.0
2;105;2;0.0
2;105;3;0.0
2;105;4;0.0
2;105;5;0.0
2;105;6;0.0
2;105;7;0.0
2;105;8;0.0
3;105;1;0.0
3;105;2;0.0
3;105;3;0.0
3;105;4;0.0
3;105;5;0.0
3;105;6;0.0
3;105;7;0.0
3;105;8;0.0
4;105;1;0.0
4;105;2;0.0
4;105;3;0.0
4;105;4;0.0
4;105;5;0.0
4;105;6;0.0
4;105;7;0.0
4;105;8;0.0
5;105;1;0.0
5;105;2;0.0
5;105;3;0.0
5;105;4;0.0
5;105;5;0.0
5;105;6;0.0
5;105;7;0.0
5;105;8;0.0
6;105;1;0.0
6;105;2;0.0
6;105;3;0.0
6;105;4;0.0
6;105;5;0.0
6;105;6;0.0
6;105;7;0.0
6;105;8;0.0
7;105;1;0.0
7;105;2;0.0
7;105;3;0.0
7;105;4;0.0
7;105;5;0.0
7;105;6;0.0
7;105;7;0.0
7;105;8;0.0
8;105;1;0.0
8;105;2;0.0
8;105;3;0.0
8;105;4;0.0
8;105;5;0.0
8;105;6;0.0
8;105;7;0.0
8;105;8;0.0
9;105;1;0.0
9;105;2;0.0
9;105;3;0.0
9;105;4;0.0
9;105;5;0.0
9;105;6;0.0
9;105;7;0.0
9;105;8;0.0
10;105;1;0.0
10;105;2;0.0
10;105;3;0.0
10;105;4;0.0
10;105;5;0.0
10;105;6;0.0
10;105;7;0.0
10;105;8;0.0
11;105;1;0.0
11;105;2;0.0
11;105;3;0.0
11;105;4;0.0
11;105;5;0.0
11;105;6;0.0
11;105;7;0.0
11;105;8;0.0
12;105;1;0.0
12;105;2;0.0
12;105;3;0.0
12;105;4;0.0
12;105;5;0.0
12;105;6;0.0
12;105;7;0.0
12;105;8;0.0
13;105;1;0.0
13;105;2;0.0
13;105;3;0.0
13;105;4;0.0
13;105;5;0.0
13;105;6;0.0
13;105;7;0.0
13;105;8;0.0
14;105;1;0.0
14;105;2;0.0
14;105;3;0.0
14;105;4;0.0
14;105;5;0.0
14;105;6;0.0
14;105;7;0.0
14;105;8;0.0
15;105;1;0.0
15;105;2;0.0
15;105;3;0.0
15;105;4;0.0
15;105;5;0.0
15;105;6;0.0
15;105;7;0.0
15;105;8;0.0
16;105;1;0.0
16;105;2;0.0
16;105;3;0.0
16;105;4;0.0
16;105;5;0.0
16;105;6;0.0
16;105;7;0.0
16;105;8;0.0
17;105;1;0.0
17;105;2;0.0
17;105;3;0.0
17;105;4;-8.220662522926348e-12
17;105;5;0.0
17;105;6;0.0
17;105;7;0.0
17;105;8;0.0
18;105;1;0.0
18;105;2;0.0
18;105;3;0.0
18;105;4;0.0
18;105;5;0.0
18;105;6;0.0
18;105;7;0.0
18;105;8;0.0
19;105;1;0.0
19;105;2;0.0
19;105;3;0.0
19;105;4;0.0
19;105;5;0.0
19;105;6;0.0
19;105;7;0.0
19;105;8;0.0
20;105;1;0.0
20;105;2;0.0
20;105;3;0.0
20;105;4;0.0
20;105;5;0.0
20;105;6;0.0
20;105;7;0.0
20;105;8;0.0
21;105;1;0.0
21;105;2;0.0
21;105;3;0.0
21;105;4;-0.9999999990079292
21;105;5;0.0
21;105;6;0.0
21;105;7;0.0
21;105;8;0.0
22;105;1;0.0
22;105;2;0.0
22;105;3;0.0
22;105;4;-9.480016771590272e-10
22;105;5;0.0
22;105;6;0.0
22;105;7;0.0
22;105;8;0.0
23;105;1;0.0
23;105;2;0.0
23;105;3;0.0
23;105;4;0.0
23;105;5;0.0
23;105;6;0.0
23;105;7;0.0
23;105;8;0.0
24;105;1;0.0
24;105;2;0.0
24;105;3;0.0
24;105;4;0.0
24;105;5;0.0
24;105;6;0.0
24;105;7;0.0
24;105;8;0.0
25;105;1;0.0
25;105;2;0.0
25;105;3;0.0
25;105;4;0.0
25;105;5;0.0
25;105;6;0.0
25;105;7;0.0
25;105;8;0.0
26;105;1;0.0
26;105;2;0.0
26;105;3;0.0
26;105;4;0.0
26;105;5;0.0
26;105;6;0.0
26;105;7;0.0
26;105;8;0.0
27;105;1;0.0
27;105;2;0.0
27;105;3;0.0
27;105;4;0.0
27;105;5;0.0
27;105;6;0.0
27;105;7;0.0
27;105;8;0.0
28;105;1;0.0
28;105;2;0.0
28;105;3;0.0
28;105;4;0.0
28;105;5;0.0
28;105;6;0.0
28;105;7;0.0
28;105;8;0.0
29;105;1;0.0
29;105;2;0.0
29;105;3;0.0
29;105;4;0.0
29;105;5;0.0
29;105;6;0.0
29;105;7;0.0
29;105;8;0.0
30;105;1;0.0
30;105;2;0.0
30;105;3;0.0
30;105;4;0.0
30;105;5;0.0
30;105;6;0.0
30;105;7;0.0
30;105;8;0.0
31;105;1;0.0
31;105;2;0.0
31;105;3;0.0
31;105;4;0.0
31;105;5;0.0
31;105;6;0.0
31;105;7;0.0
31;105;8;0.0
32;105;1;0.0
32;105;2;0.0
32;105;3;0.0
32;105;4;0.0
32;105;5;0.0
32;105;6;0.0
32;105;7;0.0
32;105;8;0.0
33;105;1;0.0
33;105;2;0.0
33;105;3;0.0
33;105;4;0.0
33;105;5;0.0
33;105;6;0.0
33;105;7;0.0
33;105;8;0.0
34;105;1;0.0
34;105;2;0.0
34;105;3;0.0
34;105;4;0.0
34;105;5;0.0
34;105;6;0.0
34;105;7;0.0
34;105;8;0.0
35;105;1;0.0
35;105;2;0.0
35;105;3;0.0
35;105;4;0.0
35;105;5;0.0
35;105;6;0.0
35;105;7;0.0
35;105;8;0.0
36;105;1;0.0
36;105;2;0.0
36;105;3;0.0
36;105;4;0.0
36;105;5;0.0
36;105;6;0.0
36;105;7;0.0
36;105;8;0.0
37;105;1;0.0
37;105;2;0.0
37;105;3;0.0
37;105;4;0.0
37;105;5;0.0
37;105;6;0.0
37;105;7;0.0
37;105;8;0.0
38;105;1;0.0
38;105;2;0.0
38;105;3;0.0
38;105;4;0.0
38;105;5;0.0
38;105;6;0.0
38;105;7;0.0
38;105;8;0.0
39;105;1;0.0
39;105;2;0.0
39;105;3;0.0
39;105;4;0.0
39;105;5;0.0
39;105;6;0.0
39;105;7;0.0
39;105;8;0.0
40;105;1;0.0
40;105;2;0.0
40;105;3;0.0
40;105;4;0.0
40;105;5;0.0
40;105;6;0.0
40;105;7;0.0
40;105;8;0.0
41;105;1;0.0
41;105;2;0.0
41;105;3;0.0
41;105;4;0.0
41;105;5;0.0
41;105;6;0.0
41;105;7;0.0
41;105;8;0.0
42;105;1;0.0
42;105;2;0.0
42;105;3;0.0
42;105;4;0.0
42;105;5;0.0
42;105;6;0.0
42;105;7;0.0
42;105;8;0.0
43;105;1;0.0
43;105;2;0.0
43;105;3;0.0
43;105;4;0.0
43;105;5;0.0
43;105;6;0.0
43;105;7;0.0
43;105;8;0.0
44;105;1;0.0
44;105;2;0.0
44;105;3;0.0
44;105;4;0.0
44;105;5;0.0
44;105;6;0.0
44;105;7;0.0
44;105;8;0.0
45;105;1;0.0
45;105;2;0.0
45;105;3;0.0
45;105;4;0.0
45;105;5;0.0
45;105;6;0.0
45;105;7;0.0
45;105;8;0.0
46;105;1;0.0
46;105;2;0.0
46;105;3;0.0
46;105;4;0.0
46;105;5;0.0
46;105;6;0.0
46;105;7;0.0
46;105;8;0.0
47;105;1;0.0
47;105;2;0.0
47;105;3;0.0
47;105;4;-3.615066666194243e-11
47;105;5;0.0
47;105;6;0.0
47;105;7;0.0
47;105;8;0.0
48;105;1;0.0
48;105;2;0.0
48;105;3;0.0
48;105;4;0.0
48;105;5;0.0
48;105;6;0.0
48;105;7;0.0
48;105;8;0.0
49;105;1;0.0
49;105;2;0.0
49;105;3;0.0
49;105;4;0.0
49;105;5;0.0
49;105;6;0.0
49;105;7;0.0
49;105;8;0.0
50;105;1;0.0
50;105;2;0.0
50;105;3;0.0
50;105;4;0.0
50;105;5;0.0
50;105;6;0.0
50;105;7;0.0
50;105;8;0.0
51;105;1;0.0
51;105;2;0.0
51;105;3;0.0
51;105;4;0.0
51;105;5;0.0
51;105;6;0.0
51;105;7;0.0
51;105;8;0.0
52;105;1;0.0
52;105;2;0.0
52;105;3;0.0
52;105;4;-1.2135080196185243e-13
52;105;5;0.0
52;105;6;0.0
52;105;7;0.0
52;105;8;0.0
53;105;1;0.0
53;105;2;0.0
53;105;3;0.0
53;105;4;0.0
53;105;5;0.0
53;105;6;0.0
53;105;7;0.0
53;105;8;0.0
54;105;1;0.0
54;105;2;0.0
54;105;3;0.0
54;105;4;-9.014274522609171e-15
54;105;5;0.0
54;105;6;0.0
54;105;7;0.0
54;105;8;0.0
55;105;1;0.0
55;105;2;0.0
55;105;3;0.0
55;105;4;0.0
55;105;5;0.0
55;105;6;0.0
55;105;7;0.0
55;105;8;0.0
56;105;1;0.0
56;105;2;0.0
56;105;3;0.0
56;105;4;0.0
56;105;5;0.0
56;105;6;0.0
56;105;7;0.0
56;105;8;0.0
57;105;1;0.0
57;105;2;0.0
57;105;3;0.0
57;105;4;0.0
57;105;5;0.0
57;105;6;0.0
57;105;7;0.0
57;105;8;0.0
58;105;1;0.0
58;105;2;0.0
58;105;3;0.0
58;105;4;0.0
58;105;5;0.0
58;105;6;0.0
58;105;7;0.0
58;105;8;0.0
59;105;1;0.0
59;105;2;0.0
59;105;3;0.0
59;105;4;0.0
59;105;5;0.0
59;105;6;0.0
59;105;7;0.0
59;105;8;0.0
1;106;1;0.0
1;106;2;0.0
1;106;3;0.0
1;106;4;0.0
1;106;5;0.0
1;106;6;0.0
1;106;7;0.0
1;106;8;0.0
2;106;1;0.0
2;106;2;0.0
2;106;3;0.0
2;106;4;0.0
2;106;5;0.0
2;106;6;0.0
2;106;7;0.0
2;106;8;0.0
3;106;1;0.0
3;106;2;0.0
3;106;3;0.0
3;106;4;0.0
3;106;5;0.0
3;106;6;0.0
3;106;7;0.0
3;106;8;0.0
4;106;1;0.0
4;106;2;0.0
4;106;3;0.0
4;106;4;0.0
4;106;5;0.0
4;106;6;0.0
4;106;7;0.0
4;106;8;0.0
5;106;1;0.0
5;106;2;0.0
5;106;3;0.0
5;106;4;0.0
5;106;5;0.0
5;106;6;0.0
5;106;7;0.0
5;106;8;0.0
6;106;1;0.0
6;106;2;0.0
6;106;3;0.0
6;106;4;0.0
6;106;5;0.0
6;106;6;0.0
6;106;7;0.0
6;106;8;0.0
7;106;1;0.0
7;106;2;0.0
7;106;3;0.0
7;106;4;0.0
7;106;5;0.0
7;106;6;0.0
7;106;7;0.0
7;106;8;0.0
8;106;1;0.0
8;106;2;0.0
8;106;3;0.0
8;106;4;0.0
8;106;5;0.0
8;106;6;0.0
8;106;7;0.0
8;106;8;0.0
9;106;1;0.0
9;106;2;0.0
9;106;3;0.0
9;106;4;0.0
9;106;5;0.0
9;106;6;0.0
9;106;7;0.0
9;106;8;0.0
10;106;1;0.0
10;106;2;0.0
10;106;3;0.0
10;106;4;0.0
10;106;5;0.0
10;106;6;0.0
10;106;7;0.0
10;106;8;0.0
11;106;1;0.0
11;106;2;0.0
11;106;3;0.0
11;106;4;0.0
11;106;5;0.0
11;106;6;0.0
11;106;7;0.0
11;106;8;0.0
12;106;1;0.0
12;106;2;0.0
12;106;3;0.0
12;106;4;0.0
12;106;5;0.0
12;106;6;0.0
12;106;7;0.0
12;106;8;0.0
13;106;1;0.0
13;106;2;0.0
13;106;3;0.0
13;106;4;0.0
13;106;5;0.0
13;106;6;0.0
13;106;7;0.0
13;106;8;0.0
14;106;1;0.0
14;106;2;0.0
14;106;3;0.0
14;106;4;0.0
14;106;5;0.0
14;106;6;0.0
14;106;7;0.0
14;106;8;0.0
15;106;1;0.0
15;106;2;0.0
15;106;3;0.0
15;106;4;0.0
15;106;5;0.0
15;106;6;0.0
15;106;7;0.0
15;106;8;0.0
16;106;1;0.0
16;106;2;0.0
16;106;3;0.0
16;106;4;0.0
16;106;5;0.0
16;106;6;0.0
16;106;7;0.0
16;106;8;0.0
17;106;1;0.0
17;106;2;0.0
17;106;3;0.0
17;106;4;-8.955141730720128e-12
17;106;5;0.0
17;106;6;0.0
17;106;7;0.0
17;106;8;0.0
18;106;1;0.0
18;106;2;0.0
18;106;3;0.0
18;106;4;0.0
18;106;5;0.0
18;106;6;0.0
18;106;7;0.0
18;106;8;0.0
19;106;1;0.0
19;106;2;0.0
19;106;3;0.0
19;106;4;0.0
19;106;5;0.0
19;106;6;0.0
19;106;7;0.0
19;106;8;0.0
20;106;1;0.0
20;106;2;0.0
20;106;3;0.0
20;106;4;0.0
20;106;5;0.0
20;106;6;0.0
20;106;7;0.0
20;106;8;0.0
21;106;1;0.0
21;106;2;0.0
21;106;3;0.0
21;106;4;-0.9999999991677841
21;106;5;0.0
21;106;6;0.0
21;106;7;0.0
21;106;8;0.0
22;106;1;-1.9214295477910658e-17
22;106;2;-1.9214295477910658e-17
22;106;3;0.0
22;106;4;-7.957901004829182e-10
22;106;5;-1.9214295477910658e-17
22;106;6;-1.9214295477910658e-17
22;106;7;-1.9214295477910658e-17
22;106;8;-1.9214295477910658e-17
23;106;1;0.0
23;106;2;0.0
23;106;3;0.0
23;106;4;0.0
23;106;5;0.0
23;106;6;0.0
23;106;7;0.0
23;106;8;0.0
24;106;1;0.0
24;106;2;0.0
24;106;3;0.0
24;106;4;0.0
24;106;5;0.0
24;106;6;0.0
24;106;7;0.0
24;106;8;0.0
25;106;1;0.0
25;106;2;0.0
25;106;3;0.0
25;106;4;0.0
25;106;5;0.0
25;106;6;0.0
25;106;7;0.0
25;106;8;0.0
26;106;1;0.0
26;106;2;0.0
26;106;3;0.0
26;106;4;0.0
26;106;5;0.0
26;106;6;0.0
26;106;7;0.0
26;106;8;0.0
27;106;1;0.0
27;106;2;0.0
27;106;3;0.0
27;106;4;0.0
27;106;5;0.0
27;106;6;0.0
27;106;7;0.0
27;106;8;0.0
28;106;1;0.0
28;106;2;0.0
28;106;3;0.0
28;106;4;0.0
28;106;5;0.0
28;106;6;0.0
28;106;7;0.0
28;106;8;0.0
29;106;1;0.0
29;106;2;0.0
29;106;3;0.0
29;106;4;0.0
29;106;5;0.0
29;106;6;0.0
29;106;7;0.0
29;106;8;0.0
30;106;1;0.0
30;106;2;0.0
30;106;3;0.0
30;106;4;0.0
30;106;5;0.0
30;106;6;0.0
30;106;7;0.0
30;106;8;0.0
31;106;1;0.0
31;106;2;0.0
31;106;3;0.0
31;106;4;0.0
31;106;5;0.0
31;106;6;0.0
31;106;7;0.0
31;106;8;0.0
32;106;1;0.0
32;106;2;0.0
32;106;3;0.0
32;106;4;0.0
32;106;5;0.0
32;106;6;0.0
32;106;7;0.0
32;106;8;0.0
33;106;1;0.0
33;106;2;0.0
33;106;3;0.0
33;106;4;0.0
33;106;5;0.0
33;106;6;0.0
33;106;7;0.0
33;106;8;0.0
34;106;1;0.0
34;106;2;0.0
34;106;3;0.0
34;106;4;0.0
34;106;5;0.0
34;106;6;0.0
34;106;7;0.0
34;106;8;0.0
35;106;1;0.0
35;106;2;0.0
35;106;3;0.0
35;106;4;0.0
35;106;5;0.0
35;106;6;0.0
35;106;7;0.0
35;106;8;0.0
36;106;1;0.0
36;106;2;0.0
36;106;3;0.0
36;106;4;0.0
36;106;5;0.0
36;106;6;0.0
36;106;7;0.0
36;106;8;0.0
37;106;1;0.0
37;106;2;0.0
37;106;3;0.0
37;106;4;0.0
37;106;5;0.0
37;106;6;0.0
37;106;7;0.0
37;106;8;0.0
38;106;1;0.0
38;106;2;0.0
38;106;3;0.0
38;106;4;0.0
38;106;5;0.0
38;106;6;0.0
38;106;7;0.0
38;106;8;0.0
39;106;1;0.0
39;106;2;0.0
39;106;3;0.0
39;106;4;0.0
39;106;5;0.0
39;106;6;0.0
39;106;7;0.0
39;106;8;0.0
40;106;1;0.0
40;106;2;0.0
40;106;3;0.0
40;106;4;0.0
40;106;5;0.0
40;106;6;0.0
40;106;7;0.0
40;106;8;0.0
41;106;1;0.0
41;106;2;0.0
41;106;3;0.0
41;106;4;0.0
41;106;5;0.0
41;106;6;0.0
41;106;7;0.0
41;106;8;0.0
42;106;1;0.0
42;106;2;0.0
42;106;3;0.0
42;106;4;0.0
42;106;5;0.0
42;106;6;0.0
42;106;7;0.0
42;106;8;0.0
43;106;1;0.0
43;106;2;0.0
43;106;3;0.0
43;106;4;0.0
43;106;5;0.0
43;106;6;0.0
43;106;7;0.0
43;106;8;0.0
44;106;1;0.0
44;106;2;0.0
44;106;3;0.0
44;106;4;0.0
44;106;5;0.0
44;106;6;0.0
44;106;7;0.0
44;106;8;0.0
45;106;1;0.0
45;106;2;0.0
45;106;3;0.0
45;106;4;0.0
45;106;5;0.0
45;106;6;0.0
45;106;7;0.0
45;106;8;0.0
46;106;1;0.0
46;106;2;0.0
46;106;3;0.0
46;106;4;0.0
46;106;5;0.0
46;106;6;0.0
46;106;7;0.0
46;106;8;0.0
47;106;1;0.0
47;106;2;0.0
47;106;3;0.0
47;106;4;-2.4796801247801924e-11
47;106;5;0.0
47;106;6;0.0
47;106;7;0.0
47;106;8;0.0
48;106;1;0.0
48;106;2;0.0
48;106;3;0.0
48;106;4;0.0
48;106;5;0.0
48;106;6;0.0
48;106;7;0.0
48;106;8;0.0
49;106;1;0.0
49;106;2;0.0
49;106;3;0.0
49;106;4;0.0
49;106;5;0.0
49;106;6;0.0
49;106;7;0.0
49;106;8;0.0
50;106;1;0.0
50;106;2;0.0
50;106;3;0.0
50;106;4;0.0
50;106;5;0.0
50;106;6;0.0
50;106;7;0.0
50;106;8;0.0
51;106;1;0.0
51;106;2;0.0
51;106;3;0.0
51;106;4;0.0
51;106;5;0.0
51;106;6;0.0
51;106;7;0.0
51;106;8;0.0
52;106;1;0.0
52;106;2;0.0
52;106;3;0.0
52;106;4;-2.5886460178880857e-13
52;106;5;0.0
52;106;6;0.0
52;106;7;0.0
52;106;8;0.0
53;106;1;0.0
53;106;2;0.0
53;106;3;0.0
53;106;4;0.0
53;106;5;0.0
53;106;6;0.0
53;106;7;0.0
53;106;8;0.0
54;106;1;0.0
54;106;2;0.0
54;106;3;0.0
54;106;4;-8.393418188969881e-15
54;106;5;0.0
54;106;6;0.0
54;106;7;0.0
54;106;8;0.0
55;106;1;0.0
55;106;2;0.0
55;106;3;0.0
55;106;4;0.0
55;106;5;0.0
55;106;6;0.0
55;106;7;0.0
55;106;8;0.0
56;106;1;0.0
56;106;2;0.0
56;106;3;0.0
56;106;4;0.0
56;106;5;0.0
56;106;6;0.0
56;106;7;0.0
56;106;8;0.0
57;106;1;0.0
57;106;2;0.0
57;106;3;0.0
57;106;4;0.0
57;106;5;0.0
57;106;6;0.0
57;106;7;0.0
57;106;8;0.0
58;106;1;0.0
58;106;2;0.0
58;106;3;0.0
58;106;4;0.0
58;106;5;0.0
58;106;6;0.0
58;106;7;0.0
58;106;8;0.0
59;106;1;0.0
59;106;2;0.0
59;106;3;0.0
59;106;4;0.0
59;106;5;0.0
59;106;6;0.0
59;106;7;0.0
59;106;8;0.0
1;107;1;0.0
1;107;2;0.0
1;107;3;0.0
1;107;4;0.0
1;107;5;0.0
1;107;6;0.0
1;107;7;0.0
1;107;8;0.0
2;107;1;0.0
2;107;2;0.0
2;107;3;0.0
2;107;4;0.0
2;107;5;0.0
2;107;6;0.0
2;107;7;0.0
2;107;8;0.0
3;107;1;0.0
3;107;2;0.0
3;107;3;0.0
3;107;4;0.0
3;107;5;0.0
3;107;6;0.0
3;107;7;0.0
3;107;8;0.0
4;107;1;0.0
4;107;2;0.0
4;107;3;0.0
4;107;4;0.0
4;107;5;0.0
4;107;6;0.0
4;107;7;0.0
4;107;8;0.0
5;107;1;0.0
5;107;2;0.0
5;107;3;0.0
5;107;4;0.0
5;107;5;0.0
5;107;6;0.0
5;107;7;0.0
5;107;8;0.0
6;107;1;0.0
6;107;2;0.0
6;107;3;0.0
6;107;4;0.0
6;107;5;0.0
6;107;6;0.0
6;107;7;0.0
6;107;8;0.0
7;107;1;0.0
7;107;2;0.0
7;107;3;0.0
7;107;4;0.0
7;107;5;0.0
7;107;6;0.0
7;107;7;0.0
7;107;8;0.0
8;107;1;0.0
8;107;2;0.0
8;107;3;0.0
8;107;4;0.0
8;107;5;0.0
8;107;6;0.0
8;107;7;0.0
8;107;8;0.0
9;107;1;0.0
9;107;2;0.0
9;107;3;0.0
9;107;4;0.0
9;107;5;0.0
9;107;6;0.0
9;107;7;0.0
9;107;8;0.0
10;107;1;0.0
10;107;2;0.0
10;107;3;0.0
10;107;4;0.0
10;107;5;0.0
10;107;6;0.0
10;107;7;0.0
10;107;8;0.0
11;107;1;0.0
11;107;2;0.0
11;107;3;0.0
11;107;4;0.0
11;107;5;0.0
11;107;6;0.0
11;107;7;0.0
11;107;8;0.0
12;107;1;0.0
12;107;2;0.0
12;107;3;0.0
12;107;4;0.0
12;107;5;0.0
12;107;6;0.0
12;107;7;0.0
12;107;8;0.0
13;107;1;0.0
13;107;2;0.0
13;107;3;0.0
13;107;4;0.0
13;107;5;0.0
13;107;6;0.0
13;107;7;0.0
13;107;8;0.0
14;107;1;0.0
14;107;2;0.0
14;107;3;0.0
14;107;4;0.0
14;107;5;0.0
14;107;6;0.0
14;107;7;0.0
14;107;8;0.0
15;107;1;0.0
15;107;2;0.0
15;107;3;0.0
15;107;4;0.0
15;107;5;0.0
15;107;6;0.0
15;107;7;0.0
15;107;8;0.0
16;107;1;0.0
16;107;2;0.0
16;107;3;0.0
16;107;4;0.0
16;107;5;0.0
16;107;6;0.0
16;107;7;0.0
16;107;8;0.0
17;107;1;-9.89938825748094e-18
17;107;2;-9.89938825748094e-18
17;107;3;-3.697578035603899e-17
17;107;4;-8.051155219279443e-12
17;107;5;-9.89938825748094e-18
17;107;6;-9.89938825748094e-18
17;107;7;-9.89938825748094e-18
17;107;8;-9.89938825748094e-18
18;107;1;0.0
18;107;2;0.0
18;107;3;0.0
18;107;4;0.0
18;107;5;0.0
18;107;6;0.0
18;107;7;0.0
18;107;8;0.0
19;107;1;0.0
19;107;2;0.0
19;107;3;0.0
19;107;4;0.0
19;107;5;0.0
19;107;6;0.0
19;107;7;0.0
19;107;8;0.0
20;107;1;0.0
20;107;2;0.0
20;107;3;-2.888697155573874e-17
20;107;4;0.0
20;107;5;0.0
20;107;6;0.0
20;107;7;0.0
20;107;8;0.0
21;107;1;-1.1661740084848655e-17
21;107;2;-1.1661740084848655e-17
21;107;3;-3.582965225683372e-17
21;107;4;-0.9999999989900794
21;107;5;-1.1661740084848655e-17
21;107;6;-1.1661740084848655e-17
21;107;7;-1.1661740084848655e-17
21;107;8;-1.1661740084848655e-17
22;107;1;-2.5073307947579194e-17
22;107;2;-2.5073307947579194e-17
22;107;3;-9.816325720016246e-17
22;107;4;-9.828520219912207e-10
22;107;5;-2.5073307947579194e-17
22;107;6;-2.5073307947579194e-17
22;107;7;-2.5073307947579194e-17
22;107;8;-2.5073307947579194e-17
23;107;1;0.0
23;107;2;0.0
23;107;3;0.0
23;107;4;0.0
23;107;5;0.0
23;107;6;0.0
23;107;7;0.0
23;107;8;0.0
24;107;1;0.0
24;107;2;0.0
24;107;3;0.0
24;107;4;0.0
24;107;5;0.0
24;107;6;0.0
24;107;7;0.0
24;107;8;0.0
25;107;1;0.0
25;107;2;0.0
25;107;3;0.0
25;107;4;0.0
25;107;5;0.0
25;107;6;0.0
25;107;7;0.0
25;107;8;0.0
26;107;1;0.0
26;107;2;0.0
26;107;3;0.0
26;107;4;0.0
26;107;5;0.0
26;107;6;0.0
26;107;7;0.0
26;107;8;0.0
27;107;1;0.0
27;107;2;0.0
27;107;3;0.0
27;107;4;0.0
27;107;5;0.0
27;107;6;0.0
27;107;7;0.0
27;107;8;0.0
28;107;1;0.0
28;107;2;0.0
28;107;3;0.0
28;107;4;0.0
28;107;5;0.0
28;107;6;0.0
28;107;7;0.0
28;107;8;0.0
29;107;1;0.0
29;107;2;0.0
29;107;3;0.0
29;107;4;0.0
29;107;5;0.0
29;107;6;0.0
29;107;7;0.0
29;107;8;0.0
30;107;1;0.0
30;107;2;0.0
30;107;3;0.0
30;107;4;0.0
30;107;5;0.0
30;107;6;0.0
30;107;7;0.0
30;107;8;0.0
31;107;1;0.0
31;107;2;0.0
31;107;3;0.0
31;107;4;0.0
31;107;5;0.0
31;107;6;0.0
31;107;7;0.0
31;107;8;0.0
32;107;1;0.0
32;107;2;0.0
32;107;3;0.0
32;107;4;0.0
32;107;5;0.0
32;107;6;0.0
32;107;7;0.0
32;107;8;0.0
33;107;1;0.0
33;107;2;0.0
33;107;3;0.0
33;107;4;0.0
33;107;5;0.0
33;107;6;0.0
33;107;7;0.0
33;107;8;0.0
34;107;1;0.0
34;107;2;0.0
34;107;3;0.0
34;107;4;0.0
34;107;5;0.0
34;107;6;0.0
34;107;7;0.0
34;107;8;0.0
35;107;1;0.0
35;107;2;0.0
35;107;3;0.0
35;107;4;0.0
35;107;5;0.0
35;107;6;0.0
35;107;7;0.0
35;107;8;0.0
36;107;1;0.0
36;107;2;0.0
36;107;3;0.0
36;107;4;0.0
36;107;5;0.0
36;107;6;0.0
36;107;7;0.0
36;107;8;0.0
37;107;1;0.0
37;107;2;0.0
37;107;3;0.0
37;107;4;0.0
37;107;5;0.0
37;107;6;0.0
37;107;7;0.0
37;107;8;0.0
38;107;1;0.0
38;107;2;0.0
38;107;3;0.0
38;107;4;0.0
38;107;5;0.0
38;107;6;0.0
38;107;7;0.0
38;107;8;0.0
39;107;1;0.0
39;107;2;0.0
39;107;3;0.0
39;107;4;0.0
39;107;5;0.0
39;107;6;0.0
39;107;7;0.0
39;107;8;0.0
40;107;1;0.0
40;107;2;0.0
40;107;3;0.0
40;107;4;0.0
40;107;5;0.0
40;107;6;0.0
40;107;7;0.0
40;107;8;0.0
41;107;1;0.0
41;107;2;0.0
41;107;3;0.0
41;107;4;0.0
41;107;5;0.0
41;107;6;0.0
41;107;7;0.0
41;107;8;0.0
42;107;1;0.0
42;107;2;0.0
42;107;3;0.0
42;107;4;0.0
42;107;5;0.0
42;107;6;0.0
42;107;7;0.0
42;107;8;0.0
43;107;1;0.0
43;107;2;0.0
43;107;3;0.0
43;107;4;0.0
43;107;5;0.0
43;107;6;0.0
43;107;7;0.0
43;107;8;0.0
44;107;1;0.0
44;107;2;0.0
44;107;3;0.0
44;107;4;0.0
44;107;5;0.0
44;107;6;0.0
44;107;7;0.0
44;107;8;0.0
45;107;1;0.0
45;107;2;0.0
45;107;3;0.0
45;107;4;0.0
45;107;5;0.0
45;107;6;0.0
45;107;7;0.0
45;107;8;0.0
46;107;1;0.0
46;107;2;0.0
46;107;3;0.0
46;107;4;0.0
46;107;5;0.0
46;107;6;0.0
46;107;7;0.0
46;107;8;0.0
47;107;1;-1.8254729837002194e-17
47;107;2;-1.8254729837002194e-17
47;107;3;-8.504157929659088e-17
47;107;4;-1.4541404311185804e-11
47;107;5;-1.8254729837002194e-17
47;107;6;-1.8254729837002194e-17
47;107;7;-1.8254729837002194e-17
47;107;8;-1.8254729837002194e-17
48;107;1;0.0
48;107;2;0.0
48;107;3;0.0
48;107;4;0.0
48;107;5;0.0
48;107;6;0.0
48;107;7;0.0
48;107;8;0.0
49;107;1;0.0
49;107;2;0.0
49;107;3;0.0
49;107;4;0.0
49;107;5;0.0
49;107;6;0.0
49;107;7;0.0
49;107;8;0.0
50;107;1;0.0
50;107;2;0.0
50;107;3;0.0
50;107;4;0.0
50;107;5;0.0
50;107;6;0.0
50;107;7;0.0
50;107;8;0.0
51;107;1;0.0
51;107;2;0.0
51;107;3;0.0
51;107;4;0.0
51;107;5;0.0
51;107;6;0.0
51;107;7;0.0
51;107;8;0.0
52;107;1;0.0
52;107;2;0.0
52;107;3;0.0
52;107;4;-2.610359399000144e-13
52;107;5;0.0
52;107;6;0.0
52;107;7;0.0
52;107;8;0.0
53;107;1;0.0
53;107;2;0.0
53;107;3;0.0
53;107;4;0.0
53;107;5;0.0
53;107;6;0.0
53;107;7;0.0
53;107;8;0.0
54;107;1;0.0
54;107;2;0.0
54;107;3;0.0
54;107;4;-7.936644087860412e-15
54;107;5;0.0
54;107;6;0.0
54;107;7;0.0
54;107;8;0.0
55;107;1;0.0
55;107;2;0.0
55;107;3;0.0
55;107;4;0.0
55;107;5;0.0
55;107;6;0.0
55;107;7;0.0
55;107;8;0.0
56;107;1;0.0
56;107;2;0.0
56;107;3;0.0
56;107;4;0.0
56;107;5;0.0
56;107;6;0.0
56;107;7;0.0
56;107;8;0.0
57;107;1;0.0
57;107;2;0.0
57;107;3;0.0
57;107;4;0.0
57;107;5;0.0
57;107;6;0.0
57;107;7;0.0
57;107;8;0.0
58;107;1;0.0
58;107;2;0.0
58;107;3;0.0
58;107;4;0.0
58;107;5;0.0
58;107;6;0.0
58;107;7;0.0
58;107;8;0.0
59;107;1;0.0
59;107;2;0.0
59;107;3;0.0
59;107;4;0.0
59;107;5;0.0
59;107;6;0.0
59;107;7;0.0
59;107;8;0.0
1;108;1;0.0
1;108;2;0.0
1;108;3;0.0
1;108;4;0.0
1;108;5;0.0
1;108;6;0.0
1;108;7;0.0
1;108;8;0.0
2;108;1;0.0
2;108;2;0.0
2;108;3;0.0
2;108;4;0.0
2;108;5;0.0
2;108;6;0.0
2;108;7;0.0
2;108;8;0.0
3;108;1;0.0
3;108;2;0.0
3;108;3;0.0
3;108;4;0.0
3;108;5;0.0
3;108;6;0.0
3;108;7;0.0
3;108;8;0.0
4;108;1;0.0
4;108;2;0.0
4;108;3;0.0
4;108;4;0.0
4;108;5;0.0
4;108;6;0.0
4;108;7;0.0
4;108;8;0.0
5;108;1;0.0
5;108;2;0.0
5;108;3;0.0
5;108;4;0.0
5;108;5;0.0
5;108;6;0.0
5;108;7;0.0
5;108;8;0.0
6;108;1;0.0
6;108;2;0.0
6;108;3;0.0
6;108;4;0.0
6;108;5;0.0
6;108;6;0.0
6;108;7;0.0
6;108;8;0.0
7;108;1;0.0
7;108;2;0.0
7;108;3;0.0
7;108;4;0.0
7;108;5;0.0
7;108;6;0.0
7;108;7;0.0
7;108;8;0.0
8;108;1;0.0
8;108;2;0.0
8;108;3;0.0
8;108;4;0.0
8;108;5;0.0
8;108;6;0.0
8;108;7;0.0
8;108;8;0.0
9;108;1;0.0
9;108;2;0.0
9;108;3;0.0
9;108;4;0.0
9;108;5;0.0
9;108;6;0.0
9;108;7;0.0
9;108;8;0.0
10;108;1;0.0
10;108;2;0.0
10;108;3;0.0
10;108;4;0.0
10;108;5;0.0
10;108;6;0.0
10;108;7;0.0
10;108;8;0.0
11;108;1;0.0
11;108;2;0.0
11;108;3;0.0
11;108;4;0.0
11;108;5;0.0
11;108;6;0.0
11;108;7;0.0
11;108;8;0.0
12;108;1;0.0
12;108;2;0.0
12;108;3;0.0
12;108;4;0.0
12;108;5;0.0
12;108;6;0.0
12;108;7;0.0
12;108;8;0.0
13;108;1;0.0
13;108;2;0.0
13;108;3;0.0
13;108;4;0.0
13;108;5;0.0
13;108;6;0.0
13;108;7;0.0
13;108;8;0.0
14;108;1;0.0
14;108;2;0.0
14;108;3;0.0
14;108;4;0.0
14;108;5;0.0
14;108;6;0.0
14;108;7;0.0
14;108;8;0.0
15;108;1;0.0
15;108;2;0.0
15;108;3;0.0
15;108;4;0.0
15;108;5;0.0
15;108;6;0.0
15;108;7;0.0
15;108;8;0.0
16;108;1;0.0
16;108;2;0.0
16;108;3;0.0
16;108;4;0.0
16;108;5;0.0
16;108;6;0.0
16;108;7;0.0
16;108;8;0.0
17;108;1;-1.1889465161935374e-17
17;108;2;-1.1889465161935374e-17
17;108;3;-4.674271390796481e-17
17;108;4;-8.145220038585105e-12
17;108;5;-1.1889465161935374e-17
17;108;6;-1.1889465161935374e-17
17;108;7;-1.1889465161935374e-17
17;108;8;-1.1889465161935374e-17
18;108;1;0.0
18;108;2;0.0
18;108;3;0.0
18;108;4;0.0
18;108;5;0.0
18;108;6;0.0
18;108;7;0.0
18;108;8;0.0
19;108;1;0.0
19;108;2;0.0
19;108;3;0.0
19;108;4;0.0
19;108;5;0.0
19;108;6;0.0
19;108;7;0.0
19;108;8;0.0
20;108;1;0.0
20;108;2;0.0
20;108;3;-3.416084852232586e-17
20;108;4;0.0
20;108;5;0.0
20;108;6;0.0
20;108;7;0.0
20;108;8;0.0
21;108;1;-1.3140509022313364e-17
21;108;2;-1.3140509022313364e-17
21;108;3;-4.7058766030005276e-17
21;108;4;-0.9999999993934345
21;108;5;-1.3140509022313364e-17
21;108;6;-1.3140509022313364e-17
21;108;7;-1.3140509022313364e-17
21;108;8;-1.3140509022313364e-17
22;108;1;-2.9689045776727504e-17
22;108;2;-2.9689045776727504e-17
22;108;3;-1.3393547085827592e-16
22;108;4;-5.930242963358978e-10
22;108;5;-2.9689045776727504e-17
22;108;6;-2.9689045776727504e-17
22;108;7;-2.9689045776727504e-17
22;108;8;-2.9689045776727504e-17
23;108;1;0.0
23;108;2;0.0
23;108;3;0.0
23;108;4;0.0
23;108;5;0.0
23;108;6;0.0
23;108;7;0.0
23;108;8;0.0
24;108;1;0.0
24;108;2;0.0
24;108;3;0.0
24;108;4;0.0
24;108;5;0.0
24;108;6;0.0
24;108;7;0.0
24;108;8;0.0
25;108;1;0.0
25;108;2;0.0
25;108;3;0.0
25;108;4;0.0
25;108;5;0.0
25;108;6;0.0
25;108;7;0.0
25;108;8;0.0
26;108;1;0.0
26;108;2;0.0
26;108;3;0.0
26;108;4;0.0
26;108;5;0.0
26;108;6;0.0
26;108;7;0.0
26;108;8;0.0
27;108;1;0.0
27;108;2;0.0
27;108;3;0.0
27;108;4;0.0
27;108;5;0.0
27;108;6;0.0
27;108;7;0.0
27;108;8;0.0
28;108;1;0.0
28;108;2;0.0
28;108;3;0.0
28;108;4;0.0
28;108;5;0.0
28;108;6;0.0
28;108;7;0.0
28;108;8;0.0
29;108;1;0.0
29;108;2;0.0
29;108;3;0.0
29;108;4;0.0
29;108;5;0.0
29;108;6;0.0
29;108;7;0.0
29;108;8;0.0
30;108;1;0.0
30;108;2;0.0
30;108;3;0.0
30;108;4;0.0
30;108;5;0.0
30;108;6;0.0
30;108;7;0.0
30;108;8;0.0
31;108;1;0.0
31;108;2;0.0
31;108;3;0.0
31;108;4;0.0
31;108;5;0.0
31;108;6;0.0
31;108;7;0.0
31;108;8;0.0
32;108;1;0.0
32;108;2;0.0
32;108;3;0.0
32;108;4;0.0
32;108;5;0.0
32;108;6;0.0
32;108;7;0.0
32;108;8;0.0
33;108;1;0.0
33;108;2;0.0
33;108;3;0.0
33;108;4;0.0
33;108;5;0.0
33;108;6;0.0
33;108;7;0.0
33;108;8;0.0
34;108;1;0.0
34;108;2;0.0
34;108;3;0.0
34;108;4;0.0
34;108;5;0.0
34;108;6;0.0
34;108;7;0.0
34;108;8;0.0
35;108;1;0.0
35;108;2;0.0
35;108;3;0.0
35;108;4;0.0
35;108;5;0.0
35;108;6;0.0
35;108;7;0.0
35;108;8;0.0
36;108;1;0.0
36;108;2;0.0
36;108;3;0.0
36;108;4;0.0
36;108;5;0.0
36;108;6;0.0
36;108;7;0.0
36;108;8;0.0
37;108;1;0.0
37;108;2;0.0
37;108;3;0.0
37;108;4;0.0
37;108;5;0.0
37;108;6;0.0
37;108;7;0.0
37;108;8;0.0
38;108;1;0.0
38;108;2;0.0
38;108;3;0.0
38;108;4;0.0
38;108;5;0.0
38;108;6;0.0
38;108;7;0.0
38;108;8;0.0
39;108;1;0.0
39;108;2;0.0
39;108;3;0.0
39;108;4;0.0
39;108;5;0.0
39;108;6;0.0
39;108;7;0.0
39;108;8;0.0
40;108;1;0.0
40;108;2;0.0
40;108;3;0.0
40;108;4;0.0
40;108;5;0.0
40;108;6;0.0
40;108;7;0.0
40;108;8;0.0
41;108;1;0.0
41;108;2;0.0
41;108;3;0.0
41;108;4;0.0
41;108;5;0.0
41;108;6;0.0
41;108;7;0.0
41;108;8;0.0
42;108;1;0.0
42;108;2;0.0
42;108;3;0.0
42;108;4;0.0
42;108;5;0.0
42;108;6;0.0
42;108;7;0.0
42;108;8;0.0
43;108;1;0.0
43;108;2;0.0
43;108;3;0.0
43;108;4;0.0
43;108;5;0.0
43;108;6;0.0
43;108;7;0.0
43;108;8;0.0
44;108;1;0.0
44;108;2;0.0
44;108;3;0.0
44;108;4;0.0
44;108;5;0.0
44;108;6;0.0
44;108;7;0.0
44;108;8;0.0
45;108;1;0.0
45;108;2;0.0
45;108;3;0.0
45;108;4;0.0
45;108;5;0.0
45;108;6;0.0
45;108;7;0.0
45;108;8;0.0
46;108;1;0.0
46;108;2;0.0
46;108;3;0.0
46;108;4;0.0
46;108;5;0.0
46;108;6;0.0
46;108;7;0.0
46;108;8;0.0
47;108;1;-2.3874955467917605e-17
47;108;2;-2.3874955467917605e-17
47;108;3;-1.120486400041614e-16
47;108;4;-1.4252366121564387e-11
47;108;5;-2.3874955467917605e-17
47;108;6;-2.3874955467917605e-17
47;108;7;-2.3874955467917605e-17
47;108;8;-2.3874955467917605e-17
48;108;1;0.0
48;108;2;0.0
48;108;3;0.0
48;108;4;0.0
48;108;5;0.0
48;108;6;0.0
48;108;7;0.0
48;108;8;0.0
49;108;1;0.0
49;108;2;0.0
49;108;3;0.0
49;108;4;0.0
49;108;5;0.0
49;108;6;0.0
49;108;7;0.0
49;108;8;0.0
50;108;1;0.0
50;108;2;0.0
50;108;3;0.0
50;108;4;0.0
50;108;5;0.0
50;108;6;0.0
50;108;7;0.0
50;108;8;0.0
51;108;1;0.0
51;108;2;0.0
51;108;3;0.0
51;108;4;0.0
51;108;5;0.0
51;108;6;0.0
51;108;7;0.0
51;108;8;0.0
52;108;1;0.0
52;108;2;0.0
52;108;3;0.0
52;108;4;-2.7008763793926074e-13
52;108;5;0.0
52;108;6;0.0
52;108;7;0.0
52;108;8;0.0
53;108;1;0.0
53;108;2;0.0
53;108;3;0.0
53;108;4;0.0
53;108;5;0.0
53;108;6;0.0
53;108;7;0.0
53;108;8;0.0
54;108;1;0.0
54;108;2;0.0
54;108;3;0.0
54;108;4;-9.47801845908238e-15
54;108;5;0.0
54;108;6;0.0
54;108;7;0.0
54;108;8;0.0
55;108;1;0.0
55;108;2;0.0
55;108;3;0.0
55;108;4;0.0
55;108;5;0.0
55;108;6;0.0
55;108;7;0.0
55;108;8;0.0
56;108;1;0.0
56;108;2;0.0
56;108;3;0.0
56;108;4;0.0
56;108;5;0.0
56;108;6;0.0
56;108;7;0.0
56;108;8;0.0
57;108;1;0.0
57;108;2;0.0
57;108;3;0.0
57;108;4;0.0
57;108;5;0.0
57;108;6;0.0
57;108;7;0.0
57;108;8;0.0
58;108;1;0.0
58;108;2;0.0
58;108;3;0.0
58;108;4;0.0
58;108;5;0.0
58;108;6;0.0
58;108;7;0.0
58;108;8;0.0
59;108;1;0.0
59;108;2;0.0
59;108;3;0.0
59;108;4;0.0
59;108;5;0.0
59;108;6;0.0
59;108;7;0.0
59;108;8;0.0
1;109;1;0.0
1;109;2;0.0
1;109;3;0.0
1;109;4;0.0
1;109;5;0.0
1;109;6;0.0
1;109;7;0.0
1;109;8;0.0
2;109;1;0.0
2;109;2;0.0
2;109;3;0.0
2;109;4;0.0
2;109;5;0.0
2;109;6;0.0
2;109;7;0.0
2;109;8;0.0
3;109;1;0.0
3;109;2;0.0
3;109;3;0.0
3;109;4;0.0
3;109;5;0.0
3;109;6;0.0
3;109;7;0.0
3;109;8;0.0
4;109;1;0.0
4;109;2;0.0
4;109;3;0.0
4;109;4;0.0
4;109;5;0.0
4;109;6;0.0
4;109;7;0.0
4;109;8;0.0
5;109;1;0.0
5;109;2;0.0
5;109;3;0.0
5;109;4;0.0
5;109;5;0.0
5;109;6;0.0
5;109;7;0.0
5;109;8;0.0
6;109;1;0.0
6;109;2;0.0
6;109;3;0.0
6;109;4;0.0
6;109;5;0.0
6;109;6;0.0
6;109;7;0.0
6;109;8;0.0
7;109;1;0.0
7;109;2;0.0
7;109;3;0.0
7;109;4;0.0
7;109;5;0.0
7;109;6;0.0
7;109;7;0.0
7;109;8;0.0
8;109;1;0.0
8;109;2;0.0
8;109;3;0.0
8;109;4;0.0
8;109;5;0.0
8;109;6;0.0
8;109;7;0.0
8;109;8;0.0
9;109;1;0.0
9;109;2;0.0
9;109;3;0.0
9;109;4;0.0
9;109;5;0.0
9;109;6;0.0
9;109;7;0.0
9;109;8;0.0
10;109;1;0.0
10;109;2;0.0
10;109;3;0.0
10;109;4;0.0
10;109;5;0.0
10;109;6;0.0
10;109;7;0.0
10;109;8;0.0
11;109;1;0.0
11;109;2;0.0
11;109;3;0.0
11;109;4;0.0
11;109;5;0.0
11;109;6;0.0
11;109;7;0.0
11;109;8;0.0
12;109;1;0.0
12;109;2;0.0
12;109;3;0.0
12;109;4;0.0
12;109;5;0.0
12;109;6;0.0
12;109;7;0.0
12;109;8;0.0
13;109;1;0.0
13;109;2;0.0
13;109;3;0.0
13;109;4;0.0
13;109;5;0.0
13;109;6;0.0
13;109;7;0.0
13;109;8;0.0
14;109;1;0.0
14;109;2;0.0
14;109;3;0.0
14;109;4;0.0
14;109;5;0.0
14;109;6;0.0
14;109;7;0.0
14;109;8;0.0
15;109;1;0.0
15;109;2;0.0
15;109;3;0.0
15;109;4;0.0
15;109;5;0.0
15;109;6;0.0
15;109;7;0.0
15;109;8;0.0
16;109;1;0.0
16;109;2;0.0
16;109;3;0.0
16;109;4;0.0
16;109;5;0.0
16;109;6;0.0
16;109;7;0.0
16;109;8;0.0
17;109;1;-1.3912047138264173e-17
17;109;2;-1.3912047138264173e-17
17;109;3;-5.377783415934826e-17
17;109;4;-1.0000000000016696
17;109;5;-1.3912047138264173e-17
17;109;6;-1.3912047138264173e-17
17;109;7;-1.3912047138264173e-17
17;109;8;-1.3912047138264173e-17
18;109;1;0.0
18;109;2;0.0
18;109;3;0.0
18;109;4;0.0
18;109;5;0.0
18;109;6;0.0
18;109;7;0.0
18;109;8;0.0
19;109;1;0.0
19;109;2;0.0
19;109;3;0.0
19;109;4;0.0
19;109;5;0.0
19;109;6;0.0
19;109;7;0.0
19;109;8;0.0
20;109;1;0.0
20;109;2;0.0
20;109;3;-4.188523165787841e-17
20;109;4;0.0
20;109;5;0.0
20;109;6;0.0
20;109;7;0.0
20;109;8;0.0
21;109;1;-1.5481979523760378e-17
21;109;2;-1.5481979523760378e-17
21;109;3;-5.672682496354537e-17
21;109;4;-6.693778682454302e-13
21;109;5;-1.5481979523760378e-17
21;109;6;-1.5481979523760378e-17
21;109;7;-1.5481979523760378e-17
21;109;8;-1.5481979523760378e-17
22;109;1;-3.333615581303532e-17
22;109;2;-3.333615581303532e-17
22;109;3;-1.6524556647627517e-16
22;109;4;-3.1095126473701384e-12
22;109;5;-3.333615581303532e-17
22;109;6;-3.333615581303532e-17
22;109;7;-3.333615581303532e-17
22;109;8;-3.333615581303532e-17
23;109;1;0.0
23;109;2;0.0
23;109;3;0.0
23;109;4;0.0
23;109;5;0.0
23;109;6;0.0
23;109;7;0.0
23;109;8;0.0
24;109;1;0.0
24;109;2;0.0
24;109;3;0.0
24;109;4;0.0
24;109;5;0.0
24;109;6;0.0
24;109;7;0.0
24;109;8;0.0
25;109;1;0.0
25;109;2;0.0
25;109;3;0.0
25;109;4;0.0
25;109;5;0.0
25;109;6;0.0
25;109;7;0.0
25;109;8;0.0
26;109;1;0.0
26;109;2;0.0
26;109;3;0.0
26;109;4;0.0
26;109;5;0.0
26;109;6;0.0
26;109;7;0.0
26;109;8;0.0
27;109;1;0.0
27;109;2;0.0
27;109;3;0.0
27;109;4;0.0
27;109;5;0.0
27;109;6;0.0
27;109;7;0.0
27;109;8;0.0
28;109;1;0.0
28;109;2;0.0
28;109;3;0.0
28;109;4;0.0
28;109;5;0.0
28;109;6;0.0
28;109;7;0.0
28;109;8;0.0
29;109;1;0.0
29;109;2;0.0
29;109;3;0.0
29;109;4;0.0
29;109;5;0.0
29;109;6;0.0
29;109;7;0.0
29;109;8;0.0
30;109;1;0.0
30;109;2;0.0
30;109;3;0.0
30;109;4;0.0
30;109;5;0.0
30;109;6;0.0
30;109;7;0.0
30;109;8;0.0
31;109;1;0.0
31;109;2;0.0
31;109;3;0.0
31;109;4;0.0
31;109;5;0.0
31;109;6;0.0
31;109;7;0.0
31;109;8;0.0
32;109;1;0.0
32;109;2;0.0
32;109;3;0.0
32;109;4;0.0
32;109;5;0.0
32;109;6;0.0
32;109;7;0.0
32;109;8;0.0
33;109;1;0.0
33;109;2;0.0
33;109;3;0.0
33;109;4;0.0
33;109;5;0.0
33;109;6;0.0
33;109;7;0.0
33;109;8;0.0
34;109;1;0.0
34;109;2;0.0
34;109;3;0.0
34;109;4;0.0
34;109;5;0.0
34;109;6;0.0
34;109;7;0.0
34;109;8;0.0
35;109;1;0.0
35;109;2;0.0
35;109;3;0.0
35;109;4;0.0
35;109;5;0.0
35;109;6;0.0
35;109;7;0.0
35;109;8;0.0
36;109;1;0.0
36;109;2;0.0
36;109;3;0.0
36;109;4;0.0
36;109;5;0.0
36;109;6;0.0
36;109;7;0.0
36;109;8;0.0
37;109;1;0.0
37;109;2;0.0
37;109;3;0.0
37;109;4;0.0
37;109;5;0.0
37;109;6;0.0
37;109;7;0.0
37;109;8;0.0
38;109;1;0.0
38;109;2;0.0
38;109;3;0.0
38;109;4;0.0
38;109;5;0.0
38;109;6;0.0
38;109;7;0.0
38;109;8;0.0
39;109;1;0.0
39;109;2;0.0
39;109;3;0.0
39;109;4;0.0
39;109;5;0.0
39;109;6;0.0
39;109;7;0.0
39;109;8;0.0
40;109;1;0.0
40;109;2;0.0
40;109;3;0.0
40;109;4;0.0
40;109;5;0.0
40;109;6;0.0
40;109;7;0.0
40;109;8;0.0
41;109;1;0.0
41;109;2;0.0
41;109;3;0.0
41;109;4;0.0
41;109;5;0.0
41;109;6;0.0
41;109;7;0.0
41;109;8;0.0
42;109;1;0.0
42;109;2;0.0
42;109;3;0.0
42;109;4;0.0
42;109;5;0.0
42;109;6;0.0
42;109;7;0.0
42;109;8;0.0
43;109;1;0.0
43;109;2;0.0
43;109;3;0.0
43;109;4;0.0
43;109;5;0.0
43;109;6;0.0
43;109;7;0.0
43;109;8;0.0
44;109;1;0.0
44;109;2;0.0
44;109;3;0.0
44;109;4;0.0
44;109;5;0.0
44;109;6;0.0
44;109;7;0.0
44;109;8;0.0
45;109;1;0.0
45;109;2;0.0
45;109;3;0.0
45;109;4;0.0
45;109;5;0.0
45;109;6;0.0
45;109;7;0.0
45;109;8;0.0
46;109;1;0.0
46;109;2;0.0
46;109;3;0.0
46;109;4;0.0
46;109;5;0.0
46;109;6;0.0
46;109;7;0.0
46;109;8;0.0
47;109;1;-2.949608433273027e-17
47;109;2;-2.949608433273027e-17
47;109;3;-1.151056103953199e-16
47;109;4;-1.0510816872395497e-12
47;109;5;-2.949608433273027e-17
47;109;6;-2.949608433273027e-17
47;109;7;-2.949608433273027e-17
47;109;8;-2.949608433273027e-17
48;109;1;0.0
48;109;2;0.0
48;109;3;0.0
48;109;4;0.0
48;109;5;0.0
48;109;6;0.0
48;109;7;0.0
48;109;8;0.0
49;109;1;0.0
49;109;2;0.0
49;109;3;0.0
49;109;4;0.0
49;109;5;0.0
49;109;6;0.0
49;109;7;0.0
49;109;8;0.0
50;109;1;0.0
50;109;2;0.0
50;109;3;0.0
50;109;4;0.0
50;109;5;0.0
50;109;6;0.0
50;109;7;0.0
50;109;8;0.0
51;109;1;0.0
51;109;2;0.0
51;109;3;0.0
51;109;4;0.0
51;109;5;0.0
51;109;6;0.0
51;109;7;0.0
51;109;8;0.0
52;109;1;0.0
52;109;2;0.0
52;109;3;0.0
52;109;4;-3.1683473003091196e-13
52;109;5;0.0
52;109;6;0.0
52;109;7;0.0
52;109;8;0.0
53;109;1;0.0
53;109;2;0.0
53;109;3;0.0
53;109;4;0.0
53;109;5;0.0
53;109;6;0.0
53;109;7;0.0
53;109;8;0.0
54;109;1;0.0
54;109;2;0.0
54;109;3;0.0
54;109;4;-7.460477323363258e-15
54;109;5;0.0
54;109;6;0.0
54;109;7;0.0
54;109;8;0.0
55;109;1;0.0
55;109;2;0.0
55;109;3;0.0
55;109;4;0.0
55;109;5;0.0
55;109;6;0.0
55;109;7;0.0
55;109;8;0.0
56;109;1;0.0
56;109;2;0.0
56;109;3;0.0
56;109;4;0.0
56;109;5;0.0
56;109;6;0.0
56;109;7;0.0
56;109;8;0.0
57;109;1;0.0
57;109;2;0.0
57;109;3;0.0
57;109;4;0.0
57;109;5;0.0
57;109;6;0.0
57;109;7;0.0
57;109;8;0.0
58;109;1;0.0
58;109;2;0.0
58;109;3;0.0
58;109;4;0.0
58;109;5;0.0
58;109;6;0.0
58;109;7;0.0
58;109;8;0.0
59;109;1;0.0
59;109;2;0.0
59;109;3;0.0
59;109;4;0.0
59;109;5;0.0
59;109;6;0.0
59;109;7;0.0
59;109;8;0.0
1;110;1;0.0
1;110;2;0.0
1;110;3;0.0
1;110;4;0.0
1;110;5;0.0
1;110;6;0.0
1;110;7;0.0
1;110;8;0.0
2;110;1;0.0
2;110;2;0.0
2;110;3;0.0
2;110;4;0.0
2;110;5;0.0
2;110;6;0.0
2;110;7;0.0
2;110;8;0.0
3;110;1;0.0
3;110;2;0.0
3;110;3;0.0
3;110;4;0.0
3;110;5;0.0
3;110;6;0.0
3;110;7;0.0
3;110;8;0.0
4;110;1;0.0
4;110;2;0.0
4;110;3;0.0
4;110;4;0.0
4;110;5;0.0
4;110;6;0.0
4;110;7;0.0
4;110;8;0.0
5;110;1;0.0
5;110;2;0.0
5;110;3;0.0
5;110;4;0.0
5;110;5;0.0
5;110;6;0.0
5;110;7;0.0
5;110;8;0.0
6;110;1;0.0
6;110;2;0.0
6;110;3;0.0
6;110;4;0.0
6;110;5;0.0
6;110;6;0.0
6;110;7;0.0
6;110;8;0.0
7;110;1;0.0
7;110;2;0.0
7;110;3;0.0
7;110;4;0.0
7;110;5;0.0
7;110;6;0.0
7;110;7;0.0
7;110;8;0.0
8;110;1;0.0
8;110;2;0.0
8;110;3;0.0
8;110;4;0.0
8;110;5;0.0
8;110;6;0.0
8;110;7;0.0
8;110;8;0.0
9;110;1;0.0
9;110;2;0.0
9;110;3;0.0
9;110;4;0.0
9;110;5;0.0
9;110;6;0.0
9;110;7;0.0
9;110;8;0.0
10;110;1;0.0
10;110;2;0.0
10;110;3;0.0
10;110;4;0.0
10;110;5;0.0
10;110;6;0.0
10;110;7;0.0
10;110;8;0.0
11;110;1;0.0
11;110;2;0.0
11;110;3;0.0
11;110;4;0.0
11;110;5;0.0
11;110;6;0.0
11;110;7;0.0
11;110;8;0.0
12;110;1;0.0
12;110;2;0.0
12;110;3;0.0
12;110;4;0.0
12;110;5;0.0
12;110;6;0.0
12;110;7;0.0
12;110;8;0.0
13;110;1;0.0
13;110;2;0.0
13;110;3;0.0
13;110;4;0.0
13;110;5;0.0
13;110;6;0.0
13;110;7;0.0
13;110;8;0.0
14;110;1;0.0
14;110;2;0.0
14;110;3;0.0
14;110;4;0.0
14;110;5;0.0
14;110;6;0.0
14;110;7;0.0
14;110;8;0.0
15;110;1;0.0
15;110;2;0.0
15;110;3;0.0
15;110;4;0.0
15;110;5;0.0
15;110;6;0.0
15;110;7;0.0
15;110;8;0.0
16;110;1;0.0
16;110;2;0.0
16;110;3;0.0
16;110;4;0.0
16;110;5;0.0
16;110;6;0.0
16;110;7;0.0
16;110;8;0.0
17;110;1;-1.635143687812724e-17
17;110;2;-1.635143687812724e-17
17;110;3;-5.946745664843276e-17
17;110;4;-2.0306394775091736e-11
17;110;5;-1.635143687812724e-17
17;110;6;-1.635143687812724e-17
17;110;7;-1.635143687812724e-17
17;110;8;-1.635143687812724e-17
18;110;1;0.0
18;110;2;0.0
18;110;3;0.0
18;110;4;0.0
18;110;5;0.0
18;110;6;0.0
18;110;7;0.0
18;110;8;0.0
19;110;1;0.0
19;110;2;0.0
19;110;3;0.0
19;110;4;0.0
19;110;5;0.0
19;110;6;0.0
19;110;7;0.0
19;110;8;0.0
20;110;1;0.0
20;110;2;0.0
20;110;3;-5.081661527996607e-17
20;110;4;0.0
20;110;5;0.0
20;110;6;0.0
20;110;7;0.0
20;110;8;0.0
21;110;1;-1.897739751997025e-17
21;110;2;-1.897739751997025e-17
21;110;3;-6.53900507897713e-17
21;110;4;-0.9999999980044457
21;110;5;-1.897739751997025e-17
21;110;6;-1.897739751997025e-17
21;110;7;-1.897739751997025e-17
21;110;8;-1.897739751997025e-17
22;110;1;-3.893249260494529e-17
22;110;2;-3.893249260494529e-17
22;110;3;-1.9426652782700743e-16
22;110;4;-1.9715535870545864e-09
22;110;5;-3.893249260494529e-17
22;110;6;-3.893249260494529e-17
22;110;7;-3.893249260494529e-17
22;110;8;-3.893249260494529e-17
23;110;1;0.0
23;110;2;0.0
23;110;3;0.0
23;110;4;0.0
23;110;5;0.0
23;110;6;0.0
23;110;7;0.0
23;110;8;0.0
24;110;1;0.0
24;110;2;0.0
24;110;3;0.0
24;110;4;0.0
24;110;5;0.0
24;110;6;0.0
24;110;7;0.0
24;110;8;0.0
25;110;1;0.0
25;110;2;0.0
25;110;3;0.0
25;110;4;0.0
25;110;5;0.0
25;110;6;0.0
25;110;7;0.0
25;110;8;0.0
26;110;1;0.0
26;110;2;0.0
26;110;3;0.0
26;110;4;0.0
26;110;5;0.0
26;110;6;0.0
26;110;7;0.0
26;110;8;0.0
27;110;1;0.0
27;110;2;0.0
27;110;3;0.0
27;110;4;0.0
27;110;5;0.0
27;110;6;0.0
27;110;7;0.0
27;110;8;0.0
28;110;1;0.0
28;110;2;0.0
28;110;3;0.0
28;110;4;0.0
28;110;5;0.0
28;110;6;0.0
28;110;7;0.0
28;110;8;0.0
29;110;1;0.0
29;110;2;0.0
29;110;3;0.0
29;110;4;0.0
29;110;5;0.0
29;110;6;0.0
29;110;7;0.0
29;110;8;0.0
30;110;1;0.0
30;110;2;0.0
30;110;3;0.0
30;110;4;0.0
30;110;5;0.0
30;110;6;0.0
30;110;7;0.0
30;110;8;0.0
31;110;1;0.0
31;110;2;0.0
31;110;3;0.0
31;110;4;0.0
31;110;5;0.0
31;110;6;0.0
31;110;7;0.0
31;110;8;0.0
32;110;1;0.0
32;110;2;0.0
32;110;3;0.0
32;110;4;0.0
32;110;5;0.0
32;110;6;0.0
32;110;7;0.0
32;110;8;0.0
33;110;1;0.0
33;110;2;0.0
33;110;3;0.0
33;110;4;0.0
33;110;5;0.0
33;110;6;0.0
33;110;7;0.0
33;110;8;0.0
34;110;1;0.0
34;110;2;0.0
34;110;3;0.0
34;110;4;0.0
34;110;5;0.0
34;110;6;0.0
34;110;7;0.0
34;110;8;0.0
35;110;1;0.0
35;110;2;0.0
35;110;3;0.0
35;110;4;0.0
35;110;5;0.0
35;110;6;0.0
35;110;7;0.0
35;110;8;0.0
36;110;1;0.0
36;110;2;0.0
36;110;3;0.0
36;110;4;0.0
36;110;5;0.0
36;110;6;0.0
36;110;7;0.0
36;110;8;0.0
37;110;1;0.0
37;110;2;0.0
37;110;3;0.0
37;110;4;0.0
37;110;5;0.0
37;110;6;0.0
37;110;7;0.0
37;110;8;0.0
38;110;1;0.0
38;110;2;0.0
38;110;3;0.0
38;110;4;0.0
38;110;5;0.0
38;110;6;0.0
38;110;7;0.0
38;110;8;0.0
39;110;1;0.0
39;110;2;0.0
39;110;3;0.0
39;110;4;0.0
39;110;5;0.0
39;110;6;0.0
39;110;7;0.0
39;110;8;0.0
40;110;1;0.0
40;110;2;0.0
40;110;3;0.0
40;110;4;0.0
40;110;5;0.0
40;110;6;0.0
40;110;7;0.0
40;110;8;0.0
41;110;1;0.0
41;110;2;0.0
41;110;3;0.0
41;110;4;0.0
41;110;5;0.0
41;110;6;0.0
41;110;7;0.0
41;110;8;0.0
42;110;1;0.0
42;110;2;0.0
42;110;3;0.0
42;110;4;0.0
42;110;5;0.0
42;110;6;0.0
42;110;7;0.0
42;110;8;0.0
43;110;1;0.0
43;110;2;0.0
43;110;3;0.0
43;110;4;0.0
43;110;5;0.0
43;110;6;0.0
43;110;7;0.0
43;110;8;0.0
44;110;1;0.0
44;110;2;0.0
44;110;3;0.0
44;110;4;0.0
44;110;5;0.0
44;110;6;0.0
44;110;7;0.0
44;110;8;0.0
45;110;1;0.0
45;110;2;0.0
45;110;3;0.0
45;110;4;0.0
45;110;5;0.0
45;110;6;0.0
45;110;7;0.0
45;110;8;0.0
46;110;1;0.0
46;110;2;0.0
46;110;3;0.0
46;110;4;0.0
46;110;5;0.0
46;110;6;0.0
46;110;7;0.0
46;110;8;0.0
47;110;1;-3.641985102239996e-17
47;110;2;-3.641985102239996e-17
47;110;3;-1.2651029700570696e-16
47;110;4;-1.2913776717860648e-12
47;110;5;-3.641985102239996e-17
47;110;6;-3.641985102239996e-17
47;110;7;-3.641985102239996e-17
47;110;8;-3.641985102239996e-17
48;110;1;0.0
48;110;2;0.0
48;110;3;0.0
48;110;4;0.0
48;110;5;0.0
48;110;6;0.0
48;110;7;0.0
48;110;8;0.0
49;110;1;0.0
49;110;2;0.0
49;110;3;0.0
49;110;4;0.0
49;110;5;0.0
49;110;6;0.0
49;110;7;0.0
49;110;8;0.0
50;110;1;0.0
50;110;2;0.0
50;110;3;0.0
50;110;4;0.0
50;110;5;0.0
50;110;6;0.0
50;110;7;0.0
50;110;8;0.0
51;110;1;0.0
51;110;2;0.0
51;110;3;0.0
51;110;4;0.0
51;110;5;0.0
51;110;6;0.0
51;110;7;0.0
51;110;8;0.0
52;110;1;0.0
52;110;2;0.0
52;110;3;0.0
52;110;4;-2.67239338905001e-13
52;110;5;0.0
52;110;6;0.0
52;110;7;0.0
52;110;8;0.0
53;110;1;0.0
53;110;2;0.0
53;110;3;0.0
53;110;4;0.0
53;110;5;0.0
53;110;6;0.0
53;110;7;0.0
53;110;8;0.0
54;110;1;0.0
54;110;2;0.0
54;110;3;0.0
54;110;4;-7.895924166881768e-15
54;110;5;0.0
54;110;6;0.0
54;110;7;0.0
54;110;8;0.0
55;110;1;0.0
55;110;2;0.0
55;110;3;0.0
55;110;4;0.0
55;110;5;0.0
55;110;6;0.0
55;110;7;0.0
55;110;8;0.0
56;110;1;0.0
56;110;2;0.0
56;110;3;0.0
56;110;4;0.0
56;110;5;0.0
56;110;6;0.0
56;110;7;0.0
56;110;8;0.0
57;110;1;0.0
57;110;2;0.0
57;110;3;0.0
57;110;4;0.0
57;110;5;0.0
57;110;6;0.0
57;110;7;0.0
57;110;8;0.0
58;110;1;0.0
58;110;2;0.0
58;110;3;0.0
58;110;4;0.0
58;110;5;0.0
58;110;6;0.0
58;110;7;0.0
58;110;8;0.0
59;110;1;0.0
59;110;2;0.0
59;110;3;0.0
59;110;4;0.0
59;110;5;0.0
59;110;6;0.0
59;110;7;0.0
59;110;8;0.0
1;111;1;0.0
1;111;2;0.0
1;111;3;0.0
1;111;4;0.0
1;111;5;0.0
1;111;6;0.0
1;111;7;0.0
1;111;8;0.0
2;111;1;0.0
2;111;2;0.0
2;111;3;0.0
2;111;4;0.0
2;111;5;0.0
2;111;6;0.0
2;111;7;0.0
2;111;8;0.0
3;111;1;0.0
3;111;2;0.0
3;111;3;0.0
3;111;4;0.0
3;111;5;0.0
3;111;6;0.0
3;111;7;0.0
3;111;8;0.0
4;111;1;0.0
4;111;2;0.0
4;111;3;0.0
4;111;4;0.0
4;111;5;0.0
4;111;6;0.0
4;111;7;0.0
4;111;8;0.0
5;111;1;0.0
5;111;2;0.0
5;111;3;0.0
5;111;4;0.0
5;111;5;0.0
5;111;6;0.0
5;111;7;0.0
5;111;8;0.0
6;111;1;0.0
6;111;2;0.0
6;111;3;0.0
6;111;4;0.0
6;111;5;0.0
6;111;6;0.0
6;111;7;0.0
6;111;8;0.0
7;111;1;0.0
7;111;2;0.0
7;111;3;0.0
7;111;4;0.0
7;111;5;0.0
7;111;6;0.0
7;111;7;0.0
7;111;8;0.0
8;111;1;0.0
8;111;2;0.0
8;111;3;0.0
8;111;4;0.0
8;111;5;0.0
8;111;6;0.0
8;111;7;0.0
8;111;8;0.0
9;111;1;0.0
9;111;2;0.0
9;111;3;0.0
9;111;4;0.0
9;111;5;0.0
9;111;6;0.0
9;111;7;0.0
9;111;8;0.0
10;111;1;0.0
10;111;2;0.0
10;111;3;0.0
10;111;4;0.0
10;111;5;0.0
10;111;6;0.0
10;111;7;0.0
10;111;8;0.0
11;111;1;0.0
11;111;2;0.0
11;111;3;0.0
11;111;4;0.0
11;111;5;0.0
11;111;6;0.0
11;111;7;0.0
11;111;8;0.0
12;111;1;0.0
12;111;2;0.0
12;111;3;0.0
12;111;4;0.0
12;111;5;0.0
12;111;6;0.0
12;111;7;0.0
12;111;8;0.0
13;111;1;0.0
13;111;2;0.0
13;111;3;0.0
13;111;4;0.0
13;111;5;0.0
13;111;6;0.0
13;111;7;0.0
13;111;8;0.0
14;111;1;0.0
14;111;2;0.0
14;111;3;0.0
14;111;4;0.0
14;111;5;0.0
14;111;6;0.0
14;111;7;0.0
14;111;8;0.0
15;111;1;0.0
15;111;2;0.0
15;111;3;0.0
15;111;4;0.0
15;111;5;0.0
15;111;6;0.0
15;111;7;0.0
15;111;8;0.0
16;111;1;0.0
16;111;2;0.0
16;111;3;0.0
16;111;4;0.0
16;111;5;0.0
16;111;6;0.0
16;111;7;0.0
16;111;8;0.0
17;111;1;-2.0160249013378638e-17
17;111;2;-2.0160249013378638e-17
17;111;3;-6.709977830177326e-17
17;111;4;-2.972825135117753e-11
17;111;5;-2.0160249013378638e-17
17;111;6;-2.0160249013378638e-17
17;111;7;-2.0160249013378638e-17
17;111;8;-2.0160249013378638e-17
18;111;1;0.0
18;111;2;0.0
18;111;3;0.0
18;111;4;0.0
18;111;5;0.0
18;111;6;0.0
18;111;7;0.0
18;111;8;0.0
19;111;1;0.0
19;111;2;0.0
19;111;3;0.0
19;111;4;0.0
19;111;5;0.0
19;111;6;0.0
19;111;7;0.0
19;111;8;0.0
20;111;1;0.0
20;111;2;0.0
20;111;3;-4.2011415903337844e-17
20;111;4;0.0
20;111;5;0.0
20;111;6;0.0
20;111;7;0.0
20;111;8;0.0
21;111;1;-2.5112499117504926e-17
21;111;2;-2.5112499117504926e-17
21;111;3;-7.764325242086071e-17
21;111;4;-0.9999999981745001
21;111;5;-2.5112499117504926e-17
21;111;6;-2.5112499117504926e-17
21;111;7;-2.5112499117504926e-17
21;111;8;-2.5112499117504926e-17
22;111;1;-5.016369191069461e-17
22;111;2;-5.016369191069461e-17
22;111;3;-1.7208095157932483e-16
22;111;4;-1.7931327533915464e-09
22;111;5;-5.016369191069461e-17
22;111;6;-5.016369191069461e-17
22;111;7;-5.016369191069461e-17
22;111;8;-5.016369191069461e-17
23;111;1;0.0
23;111;2;0.0
23;111;3;0.0
23;111;4;0.0
23;111;5;0.0
23;111;6;0.0
23;111;7;0.0
23;111;8;0.0
24;111;1;0.0
24;111;2;0.0
24;111;3;0.0
24;111;4;0.0
24;111;5;0.0
24;111;6;0.0
24;111;7;0.0
24;111;8;0.0
25;111;1;0.0
25;111;2;0.0
25;111;3;0.0
25;111;4;0.0
25;111;5;0.0
25;111;6;0.0
25;111;7;0.0
25;111;8;0.0
26;111;1;0.0
26;111;2;0.0
26;111;3;0.0
26;111;4;0.0
26;111;5;0.0
26;111;6;0.0
26;111;7;0.0
26;111;8;0.0
27;111;1;0.0
27;111;2;0.0
27;111;3;0.0
27;111;4;0.0
27;111;5;0.0
27;111;6;0.0
27;111;7;0.0
27;111;8;0.0
28;111;1;0.0
28;111;2;0.0
28;111;3;0.0
28;111;4;0.0
28;111;5;0.0
28;111;6;0.0
28;111;7;0.0
28;111;8;0.0
29;111;1;0.0
29;111;2;0.0
29;111;3;0.0
29;111;4;0.0
29;111;5;0.0
29;111;6;0.0
29;111;7;0.0
29;111;8;0.0
30;111;1;0.0
30;111;2;0.0
30;111;3;0.0
30;111;4;0.0
30;111;5;0.0
30;111;6;0.0
30;111;7;0.0
30;111;8;0.0
31;111;1;0.0
31;111;2;0.0
31;111;3;0.0
31;111;4;0.0
31;111;5;0.0
31;111;6;0.0
31;111;7;0.0
31;111;8;0.0
32;111;1;0.0
32;111;2;0.0
32;111;3;0.0
32;111;4;0.0
32;111;5;0.0
32;111;6;0.0
32;111;7;0.0
32;111;8;0.0
33;111;1;0.0
33;111;2;0.0
33;111;3;0.0
33;111;4;0.0
33;111;5;0.0
33;111;6;0.0
33;111;7;0.0
33;111;8;0.0
34;111;1;0.0
34;111;2;0.0
34;111;3;0.0
34;111;4;0.0
34;111;5;0.0
34;111;6;0.0
34;111;7;0.0
34;111;8;0.0
35;111;1;0.0
35;111;2;0.0
35;111;3;0.0
35;111;4;0.0
35;111;5;0.0
35;111;6;0.0
35;111;7;0.0
35;111;8;0.0
36;111;1;0.0
36;111;2;0.0
36;111;3;0.0
36;111;4;0.0
36;111;5;0.0
36;111;6;0.0
36;111;7;0.0
36;111;8;0.0
37;111;1;0.0
37;111;2;0.0
37;111;3;0.0
37;111;4;0.0
37;111;5;0.0
37;111;6;0.0
37;111;7;0.0
37;111;8;0.0
38;111;1;0.0
38;111;2;0.0
38;111;3;0.0
38;111;4;0.0
38;111;5;0.0
38;111;6;0.0
38;111;7;0.0
38;111;8;0.0
39;111;1;0.0
39;111;2;0.0
39;111;3;0.0
39;111;4;0.0
39;111;5;0.0
39;111;6;0.0
39;111;7;0.0
39;111;8;0.0
40;111;1;0.0
40;111;2;0.0
40;111;3;0.0
40;111;4;0.0
40;111;5;0.0
40;111;6;0.0
40;111;7;0.0
40;111;8;0.0
41;111;1;0.0
41;111;2;0.0
41;111;3;0.0
41;111;4;0.0
41;111;5;0.0
41;111;6;0.0
41;111;7;0.0
41;111;8;0.0
42;111;1;0.0
42;111;2;0.0
42;111;3;0.0
42;111;4;0.0
42;111;5;0.0
42;111;6;0.0
42;111;7;0.0
42;111;8;0.0
43;111;1;0.0
43;111;2;0.0
43;111;3;0.0
43;111;4;0.0
43;111;5;0.0
43;111;6;0.0
43;111;7;0.0
43;111;8;0.0
44;111;1;0.0
44;111;2;0.0
44;111;3;0.0
44;111;4;0.0
44;111;5;0.0
44;111;6;0.0
44;111;7;0.0
44;111;8;0.0
45;111;1;0.0
45;111;2;0.0
45;111;3;0.0
45;111;4;0.0
45;111;5;0.0
45;111;6;0.0
45;111;7;0.0
45;111;8;0.0
46;111;1;0.0
46;111;2;0.0
46;111;3;0.0
46;111;4;0.0
46;111;5;0.0
46;111;6;0.0
46;111;7;0.0
46;111;8;0.0
47;111;1;-4.727680879141464e-17
47;111;2;-4.727680879141464e-17
47;111;3;-1.4768787652362038e-16
47;111;4;-1.2616236728430475e-12
47;111;5;-4.727680879141464e-17
47;111;6;-4.727680879141464e-17
47;111;7;-4.727680879141464e-17
47;111;8;-4.727680879141464e-17
48;111;1;0.0
48;111;2;0.0
48;111;3;0.0
48;111;4;0.0
48;111;5;0.0
48;111;6;0.0
48;111;7;0.0
48;111;8;0.0
49;111;1;0.0
49;111;2;0.0
49;111;3;0.0
49;111;4;0.0
49;111;5;0.0
49;111;6;0.0
49;111;7;0.0
49;111;8;0.0
50;111;1;0.0
50;111;2;0.0
50;111;3;0.0
50;111;4;0.0
50;111;5;0.0
50;111;6;0.0
50;111;7;0.0
50;111;8;0.0
51;111;1;0.0
51;111;2;0.0
51;111;3;0.0
51;111;4;0.0
51;111;5;0.0
51;111;6;0.0
51;111;7;0.0
51;111;8;0.0
52;111;1;0.0
52;111;2;0.0
52;111;3;0.0
52;111;4;-2.691307446923957e-13
52;111;5;0.0
52;111;6;0.0
52;111;7;0.0
52;111;8;0.0
53;111;1;0.0
53;111;2;0.0
53;111;3;0.0
53;111;4;0.0
53;111;5;0.0
53;111;6;0.0
53;111;7;0.0
53;111;8;0.0
54;111;1;0.0
54;111;2;0.0
54;111;3;0.0
54;111;4;-7.548432146844736e-15
54;111;5;0.0
54;111;6;0.0
54;111;7;0.0
54;111;8;0.0
55;111;1;0.0
55;111;2;0.0
55;111;3;0.0
55;111;4;0.0
55;111;5;0.0
55;111;6;0.0
55;111;7;0.0
55;111;8;0.0
56;111;1;0.0
56;111;2;0.0
56;111;3;0.0
56;111;4;0.0
56;111;5;0.0
56;111;6;0.0
56;111;7;0.0
56;111;8;0.0
57;111;1;0.0
57;111;2;0.0
57;111;3;0.0
57;111;4;0.0
57;111;5;0.0
57;111;6;0.0
57;111;7;0.0
57;111;8;0.0
58;111;1;0.0
58;111;2;0.0
58;111;3;0.0
58;111;4;0.0
58;111;5;0.0
58;111;6;0.0
58;111;7;0.0
58;111;8;0.0
59;111;1;0.0
59;111;2;0.0
59;111;3;0.0
59;111;4;0.0
59;111;5;0.0
59;111;6;0.0
59;111;7;0.0
59;111;8;0.0
1;112;1;0.0
1;112;2;0.0
1;112;3;0.0
1;112;4;0.0
1;112;5;0.0
1;112;6;0.0
1;112;7;0.0
1;112;8;0.0
2;112;1;0.0
2;112;2;0.0
2;112;3;0.0
2;112;4;0.0
2;112;5;0.0
2;112;6;0.0
2;112;7;0.0
2;112;8;0.0
3;112;1;0.0
3;112;2;0.0
3;112;3;0.0
3;112;4;0.0
3;112;5;0.0
3;112;6;0.0
3;112;7;0.0
3;112;8;0.0
4;112;1;0.0
4;112;2;0.0
4;112;3;0.0
4;112;4;0.0
4;112;5;0.0
4;112;6;0.0
4;112;7;0.0
4;112;8;0.0
5;112;1;0.0
5;112;2;0.0
5;112;3;0.0
5;112;4;0.0
5;112;5;0.0
5;112;6;0.0
5;112;7;0.0
5;112;8;0.0
6;112;1;0.0
6;112;2;0.0
6;112;3;0.0
6;112;4;0.0
6;112;5;0.0
6;112;6;0.0
6;112;7;0.0
6;112;8;0.0
7;112;1;0.0
7;112;2;0.0
7;112;3;0.0
7;112;4;0.0
7;112;5;0.0
7;112;6;0.0
7;112;7;0.0
7;112;8;0.0
8;112;1;0.0
8;112;2;0.0
8;112;3;0.0
8;112;4;0.0
8;112;5;0.0
8;112;6;0.0
8;112;7;0.0
8;112;8;0.0
9;112;1;0.0
9;112;2;0.0
9;112;3;0.0
9;112;4;0.0
9;112;5;0.0
9;112;6;0.0
9;112;7;0.0
9;112;8;0.0
10;112;1;0.0
10;112;2;0.0
10;112;3;0.0
10;112;4;0.0
10;112;5;0.0
10;112;6;0.0
10;112;7;0.0
10;112;8;0.0
11;112;1;0.0
11;112;2;0.0
11;112;3;0.0
11;112;4;0.0
11;112;5;0.0
11;112;6;0.0
11;112;7;0.0
11;112;8;0.0
12;112;1;0.0
12;112;2;0.0
12;112;3;0.0
12;112;4;0.0
12;112;5;0.0
12;112;6;0.0
12;112;7;0.0
12;112;8;0.0
13;112;1;0.0
13;112;2;0.0
13;112;3;0.0
13;112;4;0.0
13;112;5;0.0
13;112;6;0.0
13;112;7;0.0
13;112;8;0.0
14;112;1;0.0
14;112;2;0.0
14;112;3;0.0
14;112;4;0.0
14;112;5;0.0
14;112;6;0.0
14;112;7;0.0
14;112;8;0.0
15;112;1;0.0
15;112;2;0.0
15;112;3;0.0
15;112;4;0.0
15;112;5;0.0
15;112;6;0.0
15;112;7;0.0
15;112;8;0.0
16;112;1;0.0
16;112;2;0.0
16;112;3;0.0
16;112;4;0.0
16;112;5;0.0
16;112;6;0.0
16;112;7;0.0
16;112;8;0.0
17;112;1;-2.9138040443742024e-17
17;112;2;-2.9138040443742024e-17
17;112;3;-9.262637062494976e-17
17;112;4;-1.0000000000066092
17;112;5;-2.9138040443742024e-17
17;112;6;-2.9138040443742024e-17
17;112;7;-2.9138040443742024e-17
17;112;8;-2.9138040443742024e-17
18;112;1;0.0
18;112;2;0.0
18;112;3;0.0
18;112;4;0.0
18;112;5;0.0
18;112;6;0.0
18;112;7;0.0
18;112;8;0.0
19;112;1;0.0
19;112;2;0.0
19;112;3;0.0
19;112;4;0.0
19;112;5;0.0
19;112;6;0.0
19;112;7;0.0
19;112;8;0.0
20;112;1;0.0
20;112;2;0.0
20;112;3;7.239118442386932e-16
20;112;4;0.0
20;112;5;0.0
20;112;6;0.0
20;112;7;0.0
20;112;8;0.0
21;112;1;-4.173702378995157e-17
21;112;2;-4.173702378995157e-17
21;112;3;-1.2001103747663114e-16
21;112;4;-6.023363491914854e-13
21;112;5;-4.173702378995157e-17
21;112;6;-4.173702378995157e-17
21;112;7;-4.173702378995157e-17
21;112;8;-4.173702378995157e-17
22;112;1;-8.156383334570641e-17
22;112;2;-8.156383334570641e-17
22;112;3;-2.2855371141376443e-16
22;112;4;-3.1086244689504383e-13
22;112;5;-8.156383334570641e-17
22;112;6;-8.156383334570641e-17
22;112;7;-8.156383334570641e-17
22;112;8;-8.156383334570641e-17
23;112;1;0.0
23;112;2;0.0
23;112;3;0.0
23;112;4;0.0
23;112;5;0.0
23;112;6;0.0
23;112;7;0.0
23;112;8;0.0
24;112;1;0.0
24;112;2;0.0
24;112;3;0.0
24;112;4;0.0
24;112;5;0.0
24;112;6;0.0
24;112;7;0.0
24;112;8;0.0
25;112;1;0.0
25;112;2;0.0
25;112;3;0.0
25;112;4;0.0
25;112;5;0.0
25;112;6;0.0
25;112;7;0.0
25;112;8;0.0
26;112;1;0.0
26;112;2;0.0
26;112;3;0.0
26;112;4;0.0
26;112;5;0.0
26;112;6;0.0
26;112;7;0.0
26;112;8;0.0
27;112;1;0.0
27;112;2;0.0
27;112;3;0.0
27;112;4;0.0
27;112;5;0.0
27;112;6;0.0
27;112;7;0.0
27;112;8;0.0
28;112;1;0.0
28;112;2;0.0
28;112;3;0.0
28;112;4;0.0
28;112;5;0.0
28;112;6;0.0
28;112;7;0.0
28;112;8;0.0
29;112;1;0.0
29;112;2;0.0
29;112;3;0.0
29;112;4;0.0
29;112;5;0.0
29;112;6;0.0
29;112;7;0.0
29;112;8;0.0
30;112;1;0.0
30;112;2;0.0
30;112;3;0.0
30;112;4;0.0
30;112;5;0.0
30;112;6;0.0
30;112;7;0.0
30;112;8;0.0
31;112;1;0.0
31;112;2;0.0
31;112;3;0.0
31;112;4;0.0
31;112;5;0.0
31;112;6;0.0
31;112;7;0.0
31;112;8;0.0
32;112;1;0.0
32;112;2;0.0
32;112;3;0.0
32;112;4;0.0
32;112;5;0.0
32;112;6;0.0
32;112;7;0.0
32;112;8;0.0
33;112;1;0.0
33;112;2;0.0
33;112;3;0.0
33;112;4;0.0
33;112;5;0.0
33;112;6;0.0
33;112;7;0.0
33;112;8;0.0
34;112;1;0.0
34;112;2;0.0
34;112;3;0.0
34;112;4;0.0
34;112;5;0.0
34;112;6;0.0
34;112;7;0.0
34;112;8;0.0
35;112;1;0.0
35;112;2;0.0
35;112;3;0.0
35;112;4;0.0
35;112;5;0.0
35;112;6;0.0
35;112;7;0.0
35;112;8;0.0
36;112;1;0.0
36;112;2;0.0
36;112;3;0.0
36;112;4;0.0
36;112;5;0.0
36;112;6;0.0
36;112;7;0.0
36;112;8;0.0
37;112;1;0.0
37;112;2;0.0
37;112;3;0.0
37;112;4;0.0
37;112;5;0.0
37;112;6;0.0
37;112;7;0.0
37;112;8;0.0
38;112;1;0.0
38;112;2;0.0
38;112;3;0.0
38;112;4;0.0
38;112;5;0.0
38;112;6;0.0
38;112;7;0.0
38;112;8;0.0
39;112;1;0.0
39;112;2;0.0
39;112;3;0.0
39;112;4;0.0
39;112;5;0.0
39;112;6;0.0
39;112;7;0.0
39;112;8;0.0
40;112;1;0.0
40;112;2;0.0
40;112;3;0.0
40;112;4;0.0
40;112;5;0.0
40;112;6;0.0
40;112;7;0.0
40;112;8;0.0
41;112;1;0.0
41;112;2;0.0
41;112;3;0.0
41;112;4;0.0
41;112;5;0.0
41;112;6;0.0
41;112;7;0.0
41;112;8;0.0
42;112;1;0.0
42;112;2;0.0
42;112;3;0.0
42;112;4;0.0
42;112;5;0.0
42;112;6;0.0
42;112;7;0.0
42;112;8;0.0
43;112;1;0.0
43;112;2;0.0
43;112;3;0.0
43;112;4;0.0
43;112;5;0.0
43;112;6;0.0
43;112;7;0.0
43;112;8;0.0
44;112;1;0.0
44;112;2;0.0
44;112;3;0.0
44;112;4;0.0
44;112;5;0.0
44;112;6;0.0
44;112;7;0.0
44;112;8;0.0
45;112;1;0.0
45;112;2;0.0
45;112;3;0.0
45;112;4;0.0
45;112;5;0.0
45;112;6;0.0
45;112;7;0.0
45;112;8;0.0
46;112;1;0.0
46;112;2;0.0
46;112;3;0.0
46;112;4;0.0
46;112;5;0.0
46;112;6;0.0
46;112;7;0.0
46;112;8;0.0
47;112;1;-7.13290809972595e-17
47;112;2;-7.13290809972595e-17
47;112;3;-2.1893406680773457e-16
47;112;4;-5.989819227691159e-13
47;112;5;-7.13290809972595e-17
47;112;6;-7.13290809972595e-17
47;112;7;-7.13290809972595e-17
47;112;8;-7.13290809972595e-17
48;112;1;0.0
48;112;2;0.0
48;112;3;0.0
48;112;4;0.0
48;112;5;0.0
48;112;6;0.0
48;112;7;0.0
48;112;8;0.0
49;112;1;0.0
49;112;2;0.0
49;112;3;0.0
49;112;4;0.0
49;112;5;0.0
49;112;6;0.0
49;112;7;0.0
49;112;8;0.0
50;112;1;0.0
50;112;2;0.0
50;112;3;0.0
50;112;4;0.0
50;112;5;0.0
50;112;6;0.0
50;112;7;0.0
50;112;8;0.0
51;112;1;0.0
51;112;2;0.0
51;112;3;0.0
51;112;4;0.0
51;112;5;0.0
51;112;6;0.0
51;112;7;0.0
51;112;8;0.0
52;112;1;0.0
52;112;2;0.0
52;112;3;0.0
52;112;4;-2.903529782728055e-13
52;112;5;0.0
52;112;6;0.0
52;112;7;0.0
52;112;8;0.0
53;112;1;0.0
53;112;2;0.0
53;112;3;0.0
53;112;4;0.0
53;112;5;0.0
53;112;6;0.0
53;112;7;0.0
53;112;8;0.0
54;112;1;0.0
54;112;2;0.0
54;112;3;0.0
54;112;4;2.0694557179012918e-13
54;112;5;0.0
54;112;6;0.0
54;112;7;0.0
54;112;8;0.0
55;112;1;0.0
55;112;2;0.0
55;112;3;0.0
55;112;4;0.0
55;112;5;0.0
55;112;6;0.0
55;112;7;0.0
55;112;8;0.0
56;112;1;0.0
56;112;2;0.0
56;112;3;0.0
56;112;4;0.0
56;112;5;0.0
56;112;6;0.0
56;112;7;0.0
56;112;8;0.0
57;112;1;0.0
57;112;2;0.0
57;112;3;0.0
57;112;4;0.0
57;112;5;0.0
57;112;6;0.0
57;112;7;0.0
57;112;8;0.0
58;112;1;0.0
58;112;2;0.0
58;112;3;0.0
58;112;4;0.0
58;112;5;0.0
58;112;6;0.0
58;112;7;0.0
58;112;8;0.0
59;112;1;0.0
59;112;2;0.0
59;112;3;0.0
59;112;4;0.0
59;112;5;0.0
59;112;6;0.0
59;112;7;0.0
59;112;8;0.0
1;113;1;0.0
1;113;2;0.0
1;113;3;0.0
1;113;4;0.0
1;113;5;0.0
1;113;6;0.0
1;113;7;0.0
1;113;8;0.0
2;113;1;0.0
2;113;2;0.0
2;113;3;0.0
2;113;4;0.0
2;113;5;0.0
2;113;6;0.0
2;113;7;0.0
2;113;8;0.0
3;113;1;0.0
3;113;2;0.0
3;113;3;0.0
3;113;4;0.0
3;113;5;0.0
3;113;6;0.0
3;113;7;0.0
3;113;8;0.0
4;113;1;0.0
4;113;2;0.0
4;113;3;0.0
4;113;4;0.0
4;113;5;0.0
4;113;6;0.0
4;113;7;0.0
4;113;8;0.0
5;113;1;0.0
5;113;2;0.0
5;113;3;0.0
5;113;4;0.0
5;113;5;0.0
5;113;6;0.0
5;113;7;0.0
5;113;8;0.0
6;113;1;0.0
6;113;2;0.0
6;113;3;0.0
6;113;4;0.0
6;113;5;0.0
6;113;6;0.0
6;113;7;0.0
6;113;8;0.0
7;113;1;0.0
7;113;2;0.0
7;113;3;0.0
7;113;4;0.0
7;113;5;0.0
7;113;6;0.0
7;113;7;0.0
7;113;8;0.0
8;113;1;0.0
8;113;2;0.0
8;113;3;0.0
8;113;4;0.0
8;113;5;0.0
8;113;6;0.0
8;113;7;0.0
8;113;8;0.0
9;113;1;0.0
9;113;2;0.0
9;113;3;0.0
9;113;4;0.0
9;113;5;0.0
9;113;6;0.0
9;113;7;0.0
9;113;8;0.0
10;113;1;0.0
10;113;2;0.0
10;113;3;0.0
10;113;4;0.0
10;113;5;0.0
10;113;6;0.0
10;113;7;0.0
10;113;8;0.0
11;113;1;0.0
11;113;2;0.0
11;113;3;0.0
11;113;4;0.0
11;113;5;0.0
11;113;6;0.0
11;113;7;0.0
11;113;8;0.0
12;113;1;0.0
12;113;2;0.0
12;113;3;0.0
12;113;4;0.0
12;113;5;0.0
12;113;6;0.0
12;113;7;0.0
12;113;8;0.0
13;113;1;0.0
13;113;2;0.0
13;113;3;0.0
13;113;4;0.0
13;113;5;0.0
13;113;6;0.0
13;113;7;0.0
13;113;8;0.0
14;113;1;0.0
14;113;2;0.0
14;113;3;0.0
14;113;4;0.0
14;113;5;0.0
14;113;6;0.0
14;113;7;0.0
14;113;8;0.0
15;113;1;0.0
15;113;2;0.0
15;113;3;0.0
15;113;4;0.0
15;113;5;0.0
15;113;6;0.0
15;113;7;0.0
15;113;8;0.0
16;113;1;0.0
16;113;2;0.0
16;113;3;0.0
16;113;4;0.0
16;113;5;0.0
16;113;6;0.0
16;113;7;0.0
16;113;8;0.0
17;113;1;0.0
17;113;2;0.0
17;113;3;0.0
17;113;4;-8.220662571048407e-12
17;113;5;0.0
17;113;6;0.0
17;113;7;0.0
17;113;8;0.0
18;113;1;0.0
18;113;2;0.0
18;113;3;0.0
18;113;4;0.0
18;113;5;0.0
18;113;6;0.0
18;113;7;0.0
18;113;8;0.0
19;113;1;0.0
19;113;2;0.0
19;113;3;0.0
19;113;4;0.0
19;113;5;0.0
19;113;6;0.0
19;113;7;0.0
19;113;8;0.0
20;113;1;0.0
20;113;2;0.0
20;113;3;0.0
20;113;4;0.0
20;113;5;0.0
20;113;6;0.0
20;113;7;0.0
20;113;8;0.0
21;113;1;0.0
21;113;2;0.0
21;113;3;0.0
21;113;4;-0.9999999990077382
21;113;5;0.0
21;113;6;0.0
21;113;7;0.0
21;113;8;0.0
22;113;1;0.0
22;113;2;0.0
22;113;3;0.0
22;113;4;-9.479741436280165e-10
22;113;5;0.0
22;113;6;0.0
22;113;7;0.0
22;113;8;0.0
23;113;1;0.0
23;113;2;0.0
23;113;3;0.0
23;113;4;0.0
23;113;5;0.0
23;113;6;0.0
23;113;7;0.0
23;113;8;0.0
24;113;1;0.0
24;113;2;0.0
24;113;3;0.0
24;113;4;0.0
24;113;5;0.0
24;113;6;0.0
24;113;7;0.0
24;113;8;0.0
25;113;1;0.0
25;113;2;0.0
25;113;3;0.0
25;113;4;0.0
25;113;5;0.0
25;113;6;0.0
25;113;7;0.0
25;113;8;0.0
26;113;1;0.0
26;113;2;0.0
26;113;3;0.0
26;113;4;0.0
26;113;5;0.0
26;113;6;0.0
26;113;7;0.0
26;113;8;0.0
27;113;1;0.0
27;113;2;0.0
27;113;3;0.0
27;113;4;0.0
27;113;5;0.0
27;113;6;0.0
27;113;7;0.0
27;113;8;0.0
28;113;1;0.0
28;113;2;0.0
28;113;3;0.0
28;113;4;0.0
28;113;5;0.0
28;113;6;0.0
28;113;7;0.0
28;113;8;0.0
29;113;1;0.0
29;113;2;0.0
29;113;3;0.0
29;113;4;0.0
29;113;5;0.0
29;113;6;0.0
29;113;7;0.0
29;113;8;0.0
30;113;1;0.0
30;113;2;0.0
30;113;3;0.0
30;113;4;0.0
30;113;5;0.0
30;113;6;0.0
30;113;7;0.0
30;113;8;0.0
31;113;1;0.0
31;113;2;0.0
31;113;3;0.0
31;113;4;0.0
31;113;5;0.0
31;113;6;0.0
31;113;7;0.0
31;113;8;0.0
32;113;1;0.0
32;113;2;0.0
32;113;3;0.0
32;113;4;0.0
32;113;5;0.0
32;113;6;0.0
32;113;7;0.0
32;113;8;0.0
33;113;1;0.0
33;113;2;0.0
33;113;3;0.0
33;113;4;0.0
33;113;5;0.0
33;113;6;0.0
33;113;7;0.0
33;113;8;0.0
34;113;1;0.0
34;113;2;0.0
34;113;3;0.0
34;113;4;0.0
34;113;5;0.0
34;113;6;0.0
34;113;7;0.0
34;113;8;0.0
35;113;1;0.0
35;113;2;0.0
35;113;3;0.0
35;113;4;0.0
35;113;5;0.0
35;113;6;0.0
35;113;7;0.0
35;113;8;0.0
36;113;1;0.0
36;113;2;0.0
36;113;3;0.0
36;113;4;0.0
36;113;5;0.0
36;113;6;0.0
36;113;7;0.0
36;113;8;0.0
37;113;1;0.0
37;113;2;0.0
37;113;3;0.0
37;113;4;0.0
37;113;5;0.0
37;113;6;0.0
37;113;7;0.0
37;113;8;0.0
38;113;1;0.0
38;113;2;0.0
38;113;3;0.0
38;113;4;0.0
38;113;5;0.0
38;113;6;0.0
38;113;7;0.0
38;113;8;0.0
39;113;1;0.0
39;113;2;0.0
39;113;3;0.0
39;113;4;0.0
39;113;5;0.0
39;113;6;0.0
39;113;7;0.0
39;113;8;0.0
40;113;1;0.0
40;113;2;0.0
40;113;3;0.0
40;113;4;0.0
40;113;5;0.0
40;113;6;0.0
40;113;7;0.0
40;113;8;0.0
41;113;1;0.0
41;113;2;0.0
41;113;3;0.0
41;113;4;0.0
41;113;5;0.0
41;113;6;0.0
41;113;7;0.0
41;113;8;0.0
42;113;1;0.0
42;113;2;0.0
42;113;3;0.0
42;113;4;0.0
42;113;5;0.0
42;113;6;0.0
42;113;7;0.0
42;113;8;0.0
43;113;1;0.0
43;113;2;0.0
43;113;3;0.0
43;113;4;0.0
43;113;5;0.0
43;113;6;0.0
43;113;7;0.0
43;113;8;0.0
44;113;1;0.0
44;113;2;0.0
44;113;3;0.0
44;113;4;0.0
44;113;5;0.0
44;113;6;0.0
44;113;7;0.0
44;113;8;0.0
45;113;1;0.0
45;113;2;0.0
45;113;3;0.0
45;113;4;0.0
45;113;5;0.0
45;113;6;0.0
45;113;7;0.0
45;113;8;0.0
46;113;1;0.0
46;113;2;0.0
46;113;3;0.0
46;113;4;0.0
46;113;5;0.0
46;113;6;0.0
46;113;7;0.0
46;113;8;0.0
47;113;1;0.0
47;113;2;0.0
47;113;3;0.0
47;113;4;-3.615066659571504e-11
47;113;5;0.0
47;113;6;0.0
47;113;7;0.0
47;113;8;0.0
48;113;1;0.0
48;113;2;0.0
48;113;3;0.0
48;113;4;0.0
48;113;5;0.0
48;113;6;0.0
48;113;7;0.0
48;113;8;0.0
49;113;1;0.0
49;113;2;0.0
49;113;3;0.0
49;113;4;0.0
49;113;5;0.0
49;113;6;0.0
49;113;7;0.0
49;113;8;0.0
50;113;1;0.0
50;113;2;0.0
50;113;3;0.0
50;113;4;0.0
50;113;5;0.0
50;113;6;0.0
50;113;7;0.0
50;113;8;0.0
51;113;1;0.0
51;113;2;0.0
51;113;3;0.0
51;113;4;0.0
51;113;5;0.0
51;113;6;0.0
51;113;7;0.0
51;113;8;0.0
52;113;1;0.0
52;113;2;0.0
52;113;3;0.0
52;113;4;-1.2135081218011794e-13
52;113;5;0.0
52;113;6;0.0
52;113;7;0.0
52;113;8;0.0
53;113;1;0.0
53;113;2;0.0
53;113;3;0.0
53;113;4;0.0
53;113;5;0.0
53;113;6;0.0
53;113;7;0.0
53;113;8;0.0
54;113;1;0.0
54;113;2;0.0
54;113;3;0.0
54;113;4;-9.01427443540624e-15
54;113;5;0.0
54;113;6;0.0
54;113;7;0.0
54;113;8;0.0
55;113;1;0.0
55;113;2;0.0
55;113;3;0.0
55;113;4;0.0
55;113;5;0.0
55;113;6;0.0
55;113;7;0.0
55;113;8;0.0
56;113;1;0.0
56;113;2;0.0
56;113;3;0.0
56;113;4;0.0
56;113;5;0.0
56;113;6;0.0
56;113;7;0.0
56;113;8;0.0
57;113;1;0.0
57;113;2;0.0
57;113;3;0.0
57;113;4;0.0
57;113;5;0.0
57;113;6;0.0
57;113;7;0.0
57;113;8;0.0
58;113;1;0.0
58;113;2;0.0
58;113;3;0.0
58;113;4;0.0
58;113;5;0.0
58;113;6;0.0
58;113;7;0.0
58;113;8;0.0
59;113;1;0.0
59;113;2;0.0
59;113;3;0.0
59;113;4;0.0
59;113;5;0.0
59;113;6;0.0
59;113;7;0.0
59;113;8;0.0
1;114;1;0.0
1;114;2;0.0
1;114;3;0.0
1;114;4;0.0
1;114;5;0.0
1;114;6;0.0
1;114;7;0.0
1;114;8;0.0
2;114;1;0.0
2;114;2;0.0
2;114;3;0.0
2;114;4;0.0
2;114;5;0.0
2;114;6;0.0
2;114;7;0.0
2;114;8;0.0
3;114;1;0.0
3;114;2;0.0
3;114;3;0.0
3;114;4;0.0
3;114;5;0.0
3;114;6;0.0
3;114;7;0.0
3;114;8;0.0
4;114;1;0.0
4;114;2;0.0
4;114;3;0.0
4;114;4;0.0
4;114;5;0.0
4;114;6;0.0
4;114;7;0.0
4;114;8;0.0
5;114;1;0.0
5;114;2;0.0
5;114;3;0.0
5;114;4;0.0
5;114;5;0.0
5;114;6;0.0
5;114;7;0.0
5;114;8;0.0
6;114;1;0.0
6;114;2;0.0
6;114;3;0.0
6;114;4;0.0
6;114;5;0.0
6;114;6;0.0
6;114;7;0.0
6;114;8;0.0
7;114;1;0.0
7;114;2;0.0
7;114;3;0.0
7;114;4;0.0
7;114;5;0.0
7;114;6;0.0
7;114;7;0.0
7;114;8;0.0
8;114;1;0.0
8;114;2;0.0
8;114;3;0.0
8;114;4;0.0
8;114;5;0.0
8;114;6;0.0
8;114;7;0.0
8;114;8;0.0
9;114;1;0.0
9;114;2;0.0
9;114;3;0.0
9;114;4;0.0
9;114;5;0.0
9;114;6;0.0
9;114;7;0.0
9;114;8;0.0
10;114;1;0.0
10;114;2;0.0
10;114;3;0.0
10;114;4;0.0
10;114;5;0.0
10;114;6;0.0
10;114;7;0.0
10;114;8;0.0
11;114;1;0.0
11;114;2;0.0
11;114;3;0.0
11;114;4;0.0
11;114;5;0.0
11;114;6;0.0
11;114;7;0.0
11;114;8;0.0
12;114;1;0.0
12;114;2;0.0
12;114;3;0.0
12;114;4;0.0
12;114;5;0.0
12;114;6;0.0
12;114;7;0.0
12;114;8;0.0
13;114;1;0.0
13;114;2;0.0
13;114;3;0.0
13;114;4;0.0
13;114;5;0.0
13;114;6;0.0
13;114;7;0.0
13;114;8;0.0
14;114;1;0.0
14;114;2;0.0
14;114;3;0.0
14;114;4;0.0
14;114;5;0.0
14;114;6;0.0
14;114;7;0.0
14;114;8;0.0
15;114;1;0.0
15;114;2;0.0
15;114;3;0.0
15;114;4;0.0
15;114;5;0.0
15;114;6;0.0
15;114;7;0.0
15;114;8;0.0
16;114;1;0.0
16;114;2;0.0
16;114;3;0.0
16;114;4;0.0
16;114;5;0.0
16;114;6;0.0
16;114;7;0.0
16;114;8;0.0
17;114;1;0.0
17;114;2;0.0
17;114;3;0.0
17;114;4;-8.955141593130214e-12
17;114;5;0.0
17;114;6;0.0
17;114;7;0.0
17;114;8;0.0
18;114;1;0.0
18;114;2;0.0
18;114;3;0.0
18;114;4;0.0
18;114;5;0.0
18;114;6;0.0
18;114;7;0.0
18;114;8;0.0
19;114;1;0.0
19;114;2;0.0
19;114;3;0.0
19;114;4;0.0
19;114;5;0.0
19;114;6;0.0
19;114;7;0.0
19;114;8;0.0
20;114;1;0.0
20;114;2;0.0
20;114;3;0.0
20;114;4;0.0
20;114;5;0.0
20;114;6;0.0
20;114;7;0.0
20;114;8;0.0
21;114;1;0.0
21;114;2;0.0
21;114;3;0.0
21;114;4;-0.9999999991723628
21;114;5;0.0
21;114;6;0.0
21;114;7;0.0
21;114;8;0.0
22;114;1;-1.8452894295595732e-17
22;114;2;-1.8452894295595732e-17
22;114;3;0.0
22;114;4;-7.969083171133207e-10
22;114;5;-1.8452894295595732e-17
22;114;6;-1.8452894295595732e-17
22;114;7;-1.8452894295595732e-17
22;114;8;-1.8452894295595732e-17
23;114;1;0.0
23;114;2;0.0
23;114;3;0.0
23;114;4;0.0
23;114;5;0.0
23;114;6;0.0
23;114;7;0.0
23;114;8;0.0
24;114;1;0.0
24;114;2;0.0
24;114;3;0.0
24;114;4;0.0
24;114;5;0.0
24;114;6;0.0
24;114;7;0.0
24;114;8;0.0
25;114;1;0.0
25;114;2;0.0
25;114;3;0.0
25;114;4;0.0
25;114;5;0.0
25;114;6;0.0
25;114;7;0.0
25;114;8;0.0
26;114;1;0.0
26;114;2;0.0
26;114;3;0.0
26;114;4;0.0
26;114;5;0.0
26;114;6;0.0
26;114;7;0.0
26;114;8;0.0
27;114;1;0.0
27;114;2;0.0
27;114;3;0.0
27;114;4;0.0
27;114;5;0.0
27;114;6;0.0
27;114;7;0.0
27;114;8;0.0
28;114;1;0.0
28;114;2;0.0
28;114;3;0.0
28;114;4;0.0
28;114;5;0.0
28;114;6;0.0
28;114;7;0.0
28;114;8;0.0
29;114;1;0.0
29;114;2;0.0
29;114;3;0.0
29;114;4;0.0
29;114;5;0.0
29;114;6;0.0
29;114;7;0.0
29;114;8;0.0
30;114;1;0.0
30;114;2;0.0
30;114;3;0.0
30;114;4;0.0
30;114;5;0.0
30;114;6;0.0
30;114;7;0.0
30;114;8;0.0
31;114;1;0.0
31;114;2;0.0
31;114;3;0.0
31;114;4;0.0
31;114;5;0.0
31;114;6;0.0
31;114;7;0.0
31;114;8;0.0
32;114;1;0.0
32;114;2;0.0
32;114;3;0.0
32;114;4;0.0
32;114;5;0.0
32;114;6;0.0
32;114;7;0.0
32;114;8;0.0
33;114;1;0.0
33;114;2;0.0
33;114;3;0.0
33;114;4;0.0
33;114;5;0.0
33;114;6;0.0
33;114;7;0.0
33;114;8;0.0
34;114;1;0.0
34;114;2;0.0
34;114;3;0.0
34;114;4;0.0
34;114;5;0.0
34;114;6;0.0
34;114;7;0.0
34;114;8;0.0
35;114;1;0.0
35;114;2;0.0
35;114;3;0.0
35;114;4;0.0
35;114;5;0.0
35;114;6;0.0
35;114;7;0.0
35;114;8;0.0
36;114;1;0.0
36;114;2;0.0
36;114;3;0.0
36;114;4;0.0
36;114;5;0.0
36;114;6;0.0
36;114;7;0.0
36;114;8;0.0
37;114;1;0.0
37;114;2;0.0
37;114;3;0.0
37;114;4;0.0
37;114;5;0.0
37;114;6;0.0
37;114;7;0.0
37;114;8;0.0
38;114;1;0.0
38;114;2;0.0
38;114;3;0.0
38;114;4;0.0
38;114;5;0.0
38;114;6;0.0
38;114;7;0.0
38;114;8;0.0
39;114;1;0.0
39;114;2;0.0
39;114;3;0.0
39;114;4;0.0
39;114;5;0.0
39;114;6;0.0
39;114;7;0.0
39;114;8;0.0
40;114;1;0.0
40;114;2;0.0
40;114;3;0.0
40;114;4;0.0
40;114;5;0.0
40;114;6;0.0
40;114;7;0.0
40;114;8;0.0
41;114;1;0.0
41;114;2;0.0
41;114;3;0.0
41;114;4;0.0
41;114;5;0.0
41;114;6;0.0
41;114;7;0.0
41;114;8;0.0
42;114;1;0.0
42;114;2;0.0
42;114;3;0.0
42;114;4;0.0
42;114;5;0.0
42;114;6;0.0
42;114;7;0.0
42;114;8;0.0
43;114;1;0.0
43;114;2;0.0
43;114;3;0.0
43;114;4;0.0
43;114;5;0.0
43;114;6;0.0
43;114;7;0.0
43;114;8;0.0
44;114;1;0.0
44;114;2;0.0
44;114;3;0.0
44;114;4;0.0
44;114;5;0.0
44;114;6;0.0
44;114;7;0.0
44;114;8;0.0
45;114;1;0.0
45;114;2;0.0
45;114;3;0.0
45;114;4;0.0
45;114;5;0.0
45;114;6;0.0
45;114;7;0.0
45;114;8;0.0
46;114;1;0.0
46;114;2;0.0
46;114;3;0.0
46;114;4;0.0
46;114;5;0.0
46;114;6;0.0
46;114;7;0.0
46;114;8;0.0
47;114;1;0.0
47;114;2;0.0
47;114;3;0.0
47;114;4;-2.479680110401808e-11
47;114;5;0.0
47;114;6;0.0
47;114;7;0.0
47;114;8;0.0
48;114;1;0.0
48;114;2;0.0
48;114;3;0.0
48;114;4;0.0
48;114;5;0.0
48;114;6;0.0
48;114;7;0.0
48;114;8;0.0
49;114;1;0.0
49;114;2;0.0
49;114;3;0.0
49;114;4;0.0
49;114;5;0.0
49;114;6;0.0
49;114;7;0.0
49;114;8;0.0
50;114;1;0.0
50;114;2;0.0
50;114;3;0.0
50;114;4;0.0
50;114;5;0.0
50;114;6;0.0
50;114;7;0.0
50;114;8;0.0
51;114;1;0.0
51;114;2;0.0
51;114;3;0.0
51;114;4;0.0
51;114;5;0.0
51;114;6;0.0
51;114;7;0.0
51;114;8;0.0
52;114;1;0.0
52;114;2;0.0
52;114;3;0.0
52;114;4;-2.5886457910048514e-13
52;114;5;0.0
52;114;6;0.0
52;114;7;0.0
52;114;8;0.0
53;114;1;0.0
53;114;2;0.0
53;114;3;0.0
53;114;4;0.0
53;114;5;0.0
53;114;6;0.0
53;114;7;0.0
53;114;8;0.0
54;114;1;0.0
54;114;2;0.0
54;114;3;0.0
54;114;4;-8.393413051874547e-15
54;114;5;0.0
54;114;6;0.0
54;114;7;0.0
54;114;8;0.0
55;114;1;0.0
55;114;2;0.0
55;114;3;0.0
55;114;4;0.0
55;114;5;0.0
55;114;6;0.0
55;114;7;0.0
55;114;8;0.0
56;114;1;0.0
56;114;2;0.0
56;114;3;0.0
56;114;4;0.0
56;114;5;0.0
56;114;6;0.0
56;114;7;0.0
56;114;8;0.0
57;114;1;0.0
57;114;2;0.0
57;114;3;0.0
57;114;4;0.0
57;114;5;0.0
57;114;6;0.0
57;114;7;0.0
57;114;8;0.0
58;114;1;0.0
58;114;2;0.0
58;114;3;0.0
58;114;4;0.0
58;114;5;0.0
58;114;6;0.0
58;114;7;0.0
58;114;8;0.0
59;114;1;0.0
59;114;2;0.0
59;114;3;0.0
59;114;4;0.0
59;114;5;0.0
59;114;6;0.0
59;114;7;0.0
59;114;8;0.0
1;115;1;0.0
1;115;2;0.0
1;115;3;0.0
1;115;4;0.0
1;115;5;0.0
1;115;6;0.0
1;115;7;0.0
1;115;8;0.0
2;115;1;0.0
2;115;2;0.0
2;115;3;0.0
2;115;4;0.0
2;115;5;0.0
2;115;6;0.0
2;115;7;0.0
2;115;8;0.0
3;115;1;0.0
3;115;2;0.0
3;115;3;0.0
3;115;4;0.0
3;115;5;0.0
3;115;6;0.0
3;115;7;0.0
3;115;8;0.0
4;115;1;0.0
4;115;2;0.0
4;115;3;0.0
4;115;4;0.0
4;115;5;0.0
4;115;6;0.0
4;115;7;0.0
4;115;8;0.0
5;115;1;0.0
5;115;2;0.0
5;115;3;0.0
5;115;4;0.0
5;115;5;0.0
5;115;6;0.0
5;115;7;0.0
5;115;8;0.0
6;115;1;0.0
6;115;2;0.0
6;115;3;0.0
6;115;4;0.0
6;115;5;0.0
6;115;6;0.0
6;115;7;0.0
6;115;8;0.0
7;115;1;0.0
7;115;2;0.0
7;115;3;0.0
7;115;4;0.0
7;115;5;0.0
7;115;6;0.0
7;115;7;0.0
7;115;8;0.0
8;115;1;0.0
8;115;2;0.0
8;115;3;0.0
8;115;4;0.0
8;115;5;0.0
8;115;6;0.0
8;115;7;0.0
8;115;8;0.0
9;115;1;0.0
9;115;2;0.0
9;115;3;0.0
9;115;4;0.0
9;115;5;0.0
9;115;6;0.0
9;115;7;0.0
9;115;8;0.0
10;115;1;0.0
10;115;2;0.0
10;115;3;0.0
10;115;4;0.0
10;115;5;0.0
10;115;6;0.0
10;115;7;0.0
10;115;8;0.0
11;115;1;0.0
11;115;2;0.0
11;115;3;0.0
11;115;4;0.0
11;115;5;0.0
11;115;6;0.0
11;115;7;0.0
11;115;8;0.0
12;115;1;0.0
12;115;2;0.0
12;115;3;0.0
12;115;4;0.0
12;115;5;0.0
12;115;6;0.0
12;115;7;0.0
12;115;8;0.0
13;115;1;0.0
13;115;2;0.0
13;115;3;0.0
13;115;4;0.0
13;115;5;0.0
13;115;6;0.0
13;115;7;0.0
13;115;8;0.0
14;115;1;0.0
14;115;2;0.0
14;115;3;0.0
14;115;4;0.0
14;115;5;0.0
14;115;6;0.0
14;115;7;0.0
14;115;8;0.0
15;115;1;0.0
15;115;2;0.0
15;115;3;0.0
15;115;4;0.0
15;115;5;0.0
15;115;6;0.0
15;115;7;0.0
15;115;8;0.0
16;115;1;0.0
16;115;2;0.0
16;115;3;0.0
16;115;4;0.0
16;115;5;0.0
16;115;6;0.0
16;115;7;0.0
16;115;8;0.0
17;115;1;-9.577485216161406e-18
17;115;2;-9.577485216161406e-18
17;115;3;-3.3207939519868465e-17
17;115;4;-8.051158811718226e-12
17;115;5;-9.577485216161406e-18
17;115;6;-9.577485216161406e-18
17;115;7;-9.577485216161406e-18
17;115;8;-9.577485216161406e-18
18;115;1;0.0
18;115;2;0.0
18;115;3;0.0
18;115;4;0.0
18;115;5;0.0
18;115;6;0.0
18;115;7;0.0
18;115;8;0.0
19;115;1;0.0
19;115;2;0.0
19;115;3;0.0
19;115;4;0.0
19;115;5;0.0
19;115;6;0.0
19;115;7;0.0
19;115;8;0.0
20;115;1;0.0
20;115;2;0.0
20;115;3;-3.0230827871954966e-17
20;115;4;0.0
20;115;5;0.0
20;115;6;0.0
20;115;7;0.0
20;115;8;0.0
21;115;1;-1.1117204074370909e-17
21;115;2;-1.1117204074370909e-17
21;115;3;-3.054018991376159e-17
21;115;4;-0.9999999989967169
21;115;5;-1.1117204074370909e-17
21;115;6;-1.1117204074370909e-17
21;115;7;-1.1117204074370909e-17
21;115;8;-1.1117204074370909e-17
22;115;1;-2.3837071996803914e-17
22;115;2;-2.3837071996803914e-17
22;115;3;-1.0247337615987604e-16
22;115;4;-9.827552105434734e-10
22;115;5;-2.3837071996803914e-17
22;115;6;-2.3837071996803914e-17
22;115;7;-2.3837071996803914e-17
22;115;8;-2.3837071996803914e-17
23;115;1;0.0
23;115;2;0.0
23;115;3;0.0
23;115;4;0.0
23;115;5;0.0
23;115;6;0.0
23;115;7;0.0
23;115;8;0.0
24;115;1;0.0
24;115;2;0.0
24;115;3;0.0
24;115;4;0.0
24;115;5;0.0
24;115;6;0.0
24;115;7;0.0
24;115;8;0.0
25;115;1;0.0
25;115;2;0.0
25;115;3;0.0
25;115;4;0.0
25;115;5;0.0
25;115;6;0.0
25;115;7;0.0
25;115;8;0.0
26;115;1;0.0
26;115;2;0.0
26;115;3;0.0
26;115;4;0.0
26;115;5;0.0
26;115;6;0.0
26;115;7;0.0
26;115;8;0.0
27;115;1;0.0
27;115;2;0.0
27;115;3;0.0
27;115;4;0.0
27;115;5;0.0
27;115;6;0.0
27;115;7;0.0
27;115;8;0.0
28;115;1;0.0
28;115;2;0.0
28;115;3;0.0
28;115;4;0.0
28;115;5;0.0
28;115;6;0.0
28;115;7;0.0
28;115;8;0.0
29;115;1;0.0
29;115;2;0.0
29;115;3;0.0
29;115;4;0.0
29;115;5;0.0
29;115;6;0.0
29;115;7;0.0
29;115;8;0.0
30;115;1;0.0
30;115;2;0.0
30;115;3;0.0
30;115;4;0.0
30;115;5;0.0
30;115;6;0.0
30;115;7;0.0
30;115;8;0.0
31;115;1;0.0
31;115;2;0.0
31;115;3;0.0
31;115;4;0.0
31;115;5;0.0
31;115;6;0.0
31;115;7;0.0
31;115;8;0.0
32;115;1;0.0
32;115;2;0.0
32;115;3;0.0
32;115;4;0.0
32;115;5;0.0
32;115;6;0.0
32;115;7;0.0
32;115;8;0.0
33;115;1;0.0
33;115;2;0.0
33;115;3;0.0
33;115;4;0.0
33;115;5;0.0
33;115;6;0.0
33;115;7;0.0
33;115;8;0.0
34;115;1;0.0
34;115;2;0.0
34;115;3;0.0
34;115;4;0.0
34;115;5;0.0
34;115;6;0.0
34;115;7;0.0
34;115;8;0.0
35;115;1;0.0
35;115;2;0.0
35;115;3;0.0
35;115;4;0.0
35;115;5;0.0
35;115;6;0.0
35;115;7;0.0
35;115;8;0.0
36;115;1;0.0
36;115;2;0.0
36;115;3;0.0
36;115;4;0.0
36;115;5;0.0
36;115;6;0.0
36;115;7;0.0
36;115;8;0.0
37;115;1;0.0
37;115;2;0.0
37;115;3;0.0
37;115;4;0.0
37;115;5;0.0
37;115;6;0.0
37;115;7;0.0
37;115;8;0.0
38;115;1;0.0
38;115;2;0.0
38;115;3;0.0
38;115;4;0.0
38;115;5;0.0
38;115;6;0.0
38;115;7;0.0
38;115;8;0.0
39;115;1;0.0
39;115;2;0.0
39;115;3;0.0
39;115;4;0.0
39;115;5;0.0
39;115;6;0.0
39;115;7;0.0
39;115;8;0.0
40;115;1;0.0
40;115;2;0.0
40;115;3;0.0
40;115;4;0.0
40;115;5;0.0
40;115;6;0.0
40;115;7;0.0
40;115;8;0.0
41;115;1;0.0
41;115;2;0.0
41;115;3;0.0
41;115;4;0.0
41;115;5;0.0
41;115;6;0.0
41;115;7;0.0
41;115;8;0.0
42;115;1;0.0
42;115;2;0.0
42;115;3;0.0
42;115;4;0.0
42;115;5;0.0
42;115;6;0.0
42;115;7;0.0
42;115;8;0.0
43;115;1;0.0
43;115;2;0.0
43;115;3;0.0
43;115;4;0.0
43;115;5;0.0
43;115;6;0.0
43;115;7;0.0
43;115;8;0.0
44;115;1;0.0
44;115;2;0.0
44;115;3;0.0
44;115;4;0.0
44;115;5;0.0
44;115;6;0.0
44;115;7;0.0
44;115;8;0.0
45;115;1;0.0
45;115;2;0.0
45;115;3;0.0
45;115;4;0.0
45;115;5;0.0
45;115;6;0.0
45;115;7;0.0
45;115;8;0.0
46;115;1;0.0
46;115;2;0.0
46;115;3;0.0
46;115;4;0.0
46;115;5;0.0
46;115;6;0.0
46;115;7;0.0
46;115;8;0.0
47;115;1;-1.7493930438276423e-17
47;115;2;-1.7493930438276423e-17
47;115;3;-7.346350132192062e-17
47;115;4;-1.4541412810665121e-11
47;115;5;-1.7493930438276423e-17
47;115;6;-1.7493930438276423e-17
47;115;7;-1.7493930438276423e-17
47;115;8;-1.7493930438276423e-17
48;115;1;0.0
48;115;2;0.0
48;115;3;0.0
48;115;4;0.0
48;115;5;0.0
48;115;6;0.0
48;115;7;0.0
48;115;8;0.0
49;115;1;0.0
49;115;2;0.0
49;115;3;0.0
49;115;4;0.0
49;115;5;0.0
49;115;6;0.0
49;115;7;0.0
49;115;8;0.0
50;115;1;0.0
50;115;2;0.0
50;115;3;0.0
50;115;4;0.0
50;115;5;0.0
50;115;6;0.0
50;115;7;0.0
50;115;8;0.0
51;115;1;0.0
51;115;2;0.0
51;115;3;0.0
51;115;4;0.0
51;115;5;0.0
51;115;6;0.0
51;115;7;0.0
51;115;8;0.0
52;115;1;0.0
52;115;2;0.0
52;115;3;0.0
52;115;4;-2.610359446821523e-13
52;115;5;0.0
52;115;6;0.0
52;115;7;0.0
52;115;8;0.0
53;115;1;0.0
53;115;2;0.0
53;115;3;0.0
53;115;4;0.0
53;115;5;0.0
53;115;6;0.0
53;115;7;0.0
53;115;8;0.0
54;115;1;0.0
54;115;2;0.0
54;115;3;0.0
54;115;4;-7.936650893805557e-15
54;115;5;0.0
54;115;6;0.0
54;115;7;0.0
54;115;8;0.0
55;115;1;0.0
55;115;2;0.0
55;115;3;0.0
55;115;4;0.0
55;115;5;0.0
55;115;6;0.0
55;115;7;0.0
55;115;8;0.0
56;115;1;0.0
56;115;2;0.0
56;115;3;0.0
56;115;4;0.0
56;115;5;0.0
56;115;6;0.0
56;115;7;0.0
56;115;8;0.0
57;115;1;0.0
57;115;2;0.0
57;115;3;0.0
57;115;4;0.0
57;115;5;0.0
57;115;6;0.0
57;115;7;0.0
57;115;8;0.0
58;115;1;0.0
58;115;2;0.0
58;115;3;0.0
58;115;4;0.0
58;115;5;0.0
58;115;6;0.0
58;115;7;0.0
58;115;8;0.0
59;115;1;0.0
59;115;2;0.0
59;115;3;0.0
59;115;4;0.0
59;115;5;0.0
59;115;6;0.0
59;115;7;0.0
59;115;8;0.0
1;116;1;0.0
1;116;2;0.0
1;116;3;0.0
1;116;4;0.0
1;116;5;0.0
1;116;6;0.0
1;116;7;0.0
1;116;8;0.0
2;116;1;0.0
2;116;2;0.0
2;116;3;0.0
2;116;4;0.0
2;116;5;0.0
2;116;6;0.0
2;116;7;0.0
2;116;8;0.0
3;116;1;0.0
3;116;2;0.0
3;116;3;0.0
3;116;4;0.0
3;116;5;0.0
3;116;6;0.0
3;116;7;0.0
3;116;8;0.0
4;116;1;0.0
4;116;2;0.0
4;116;3;0.0
4;116;4;0.0
4;116;5;0.0
4;116;6;0.0
4;116;7;0.0
4;116;8;0.0
5;116;1;0.0
5;116;2;0.0
5;116;3;0.0
5;116;4;0.0
5;116;5;0.0
5;116;6;0.0
5;116;7;0.0
5;116;8;0.0
6;116;1;0.0
6;116;2;0.0
6;116;3;0.0
6;116;4;0.0
6;116;5;0.0
6;116;6;0.0
6;116;7;0.0
6;116;8;0.0
7;116;1;0.0
7;116;2;0.0
7;116;3;0.0
7;116;4;0.0
7;116;5;0.0
7;116;6;0.0
7;116;7;0.0
7;116;8;0.0
8;116;1;0.0
8;116;2;0.0
8;116;3;0.0
8;116;4;0.0
8;116;5;0.0
8;116;6;0.0
8;116;7;0.0
8;116;8;0.0
9;116;1;0.0
9;116;2;0.0
9;116;3;0.0
9;116;4;0.0
9;116;5;0.0
9;116;6;0.0
9;116;7;0.0
9;116;8;0.0
10;116;1;0.0
10;116;2;0.0
10;116;3;0.0
10;116;4;0.0
10;116;5;0.0
10;116;6;0.0
10;116;7;0.0
10;116;8;0.0
11;116;1;0.0
11;116;2;0.0
11;116;3;0.0
11;116;4;0.0
11;116;5;0.0
11;116;6;0.0
11;116;7;0.0
11;116;8;0.0
12;116;1;0.0
12;116;2;0.0
12;116;3;0.0
12;116;4;0.0
12;116;5;0.0
12;116;6;0.0
12;116;7;0.0
12;116;8;0.0
13;116;1;0.0
13;116;2;0.0
13;116;3;0.0
13;116;4;0.0
13;116;5;0.0
13;116;6;0.0
13;116;7;0.0
13;116;8;0.0
14;116;1;0.0
14;116;2;0.0
14;116;3;0.0
14;116;4;0.0
14;116;5;0.0
14;116;6;0.0
14;116;7;0.0
14;116;8;0.0
15;116;1;0.0
15;116;2;0.0
15;116;3;0.0
15;116;4;0.0
15;116;5;0.0
15;116;6;0.0
15;116;7;0.0
15;116;8;0.0
16;116;1;0.0
16;116;2;0.0
16;116;3;0.0
16;116;4;0.0
16;116;5;0.0
16;116;6;0.0
16;116;7;0.0
16;116;8;0.0
17;116;1;-1.1479260135311809e-17
17;116;2;-1.1479260135311809e-17
17;116;3;-4.202245055735803e-17
17;116;4;-8.145223789915358e-12
17;116;5;-1.1479260135311809e-17
17;116;6;-1.1479260135311809e-17
17;116;7;-1.1479260135311809e-17
17;116;8;-1.1479260135311809e-17
18;116;1;0.0
18;116;2;0.0
18;116;3;0.0
18;116;4;0.0
18;116;5;0.0
18;116;6;0.0
18;116;7;0.0
18;116;8;0.0
19;116;1;0.0
19;116;2;0.0
19;116;3;0.0
19;116;4;0.0
19;116;5;0.0
19;116;6;0.0
19;116;7;0.0
19;116;8;0.0
20;116;1;0.0
20;116;2;0.0
20;116;3;-3.4697276222871714e-17
20;116;4;0.0
20;116;5;0.0
20;116;6;0.0
20;116;7;0.0
20;116;8;0.0
21;116;1;-1.2493414213188268e-17
21;116;2;-1.2493414213188268e-17
21;116;3;-3.994680240274644e-17
21;116;4;-0.9999999993807425
21;116;5;-1.2493414213188268e-17
21;116;6;-1.2493414213188268e-17
21;116;7;-1.2493414213188268e-17
21;116;8;-1.2493414213188268e-17
22;116;1;-2.859204981186019e-17
22;116;2;-2.859204981186019e-17
22;116;3;-1.3512245584098417e-16
22;116;4;-5.901030775135041e-10
22;116;5;-2.859204981186019e-17
22;116;6;-2.859204981186019e-17
22;116;7;-2.859204981186019e-17
22;116;8;-2.859204981186019e-17
23;116;1;0.0
23;116;2;0.0
23;116;3;0.0
23;116;4;0.0
23;116;5;0.0
23;116;6;0.0
23;116;7;0.0
23;116;8;0.0
24;116;1;0.0
24;116;2;0.0
24;116;3;0.0
24;116;4;0.0
24;116;5;0.0
24;116;6;0.0
24;116;7;0.0
24;116;8;0.0
25;116;1;0.0
25;116;2;0.0
25;116;3;0.0
25;116;4;0.0
25;116;5;0.0
25;116;6;0.0
25;116;7;0.0
25;116;8;0.0
26;116;1;0.0
26;116;2;0.0
26;116;3;0.0
26;116;4;0.0
26;116;5;0.0
26;116;6;0.0
26;116;7;0.0
26;116;8;0.0
27;116;1;0.0
27;116;2;0.0
27;116;3;0.0
27;116;4;0.0
27;116;5;0.0
27;116;6;0.0
27;116;7;0.0
27;116;8;0.0
28;116;1;0.0
28;116;2;0.0
28;116;3;0.0
28;116;4;0.0
28;116;5;0.0
28;116;6;0.0
28;116;7;0.0
28;116;8;0.0
29;116;1;0.0
29;116;2;0.0
29;116;3;0.0
29;116;4;0.0
29;116;5;0.0
29;116;6;0.0
29;116;7;0.0
29;116;8;0.0
30;116;1;0.0
30;116;2;0.0
30;116;3;0.0
30;116;4;0.0
30;116;5;0.0
30;116;6;0.0
30;116;7;0.0
30;116;8;0.0
31;116;1;0.0
31;116;2;0.0
31;116;3;0.0
31;116;4;0.0
31;116;5;0.0
31;116;6;0.0
31;116;7;0.0
31;116;8;0.0
32;116;1;0.0
32;116;2;0.0
32;116;3;0.0
32;116;4;0.0
32;116;5;0.0
32;116;6;0.0
32;116;7;0.0
32;116;8;0.0
33;116;1;0.0
33;116;2;0.0
33;116;3;0.0
33;116;4;0.0
33;116;5;0.0
33;116;6;0.0
33;116;7;0.0
33;116;8;0.0
34;116;1;0.0
34;116;2;0.0
34;116;3;0.0
34;116;4;0.0
34;116;5;0.0
34;116;6;0.0
34;116;7;0.0
34;116;8;0.0
35;116;1;0.0
35;116;2;0.0
35;116;3;0.0
35;116;4;0.0
35;116;5;0.0
35;116;6;0.0
35;116;7;0.0
35;116;8;0.0
36;116;1;0.0
36;116;2;0.0
36;116;3;0.0
36;116;4;0.0
36;116;5;0.0
36;116;6;0.0
36;116;7;0.0
36;116;8;0.0
37;116;1;0.0
37;116;2;0.0
37;116;3;0.0
37;116;4;0.0
37;116;5;0.0
37;116;6;0.0
37;116;7;0.0
37;116;8;0.0
38;116;1;0.0
38;116;2;0.0
38;116;3;0.0
38;116;4;0.0
38;116;5;0.0
38;116;6;0.0
38;116;7;0.0
38;116;8;0.0
39;116;1;0.0
39;116;2;0.0
39;116;3;0.0
39;116;4;0.0
39;116;5;0.0
39;116;6;0.0
39;116;7;0.0
39;116;8;0.0
40;116;1;0.0
40;116;2;0.0
40;116;3;0.0
40;116;4;0.0
40;116;5;0.0
40;116;6;0.0
40;116;7;0.0
40;116;8;0.0
41;116;1;0.0
41;116;2;0.0
41;116;3;0.0
41;116;4;0.0
41;116;5;0.0
41;116;6;0.0
41;116;7;0.0
41;116;8;0.0
42;116;1;0.0
42;116;2;0.0
42;116;3;0.0
42;116;4;0.0
42;116;5;0.0
42;116;6;0.0
42;116;7;0.0
42;116;8;0.0
43;116;1;0.0
43;116;2;0.0
43;116;3;0.0
43;116;4;0.0
43;116;5;0.0
43;116;6;0.0
43;116;7;0.0
43;116;8;0.0
44;116;1;0.0
44;116;2;0.0
44;116;3;0.0
44;116;4;0.0
44;116;5;0.0
44;116;6;0.0
44;116;7;0.0
44;116;8;0.0
45;116;1;0.0
45;116;2;0.0
45;116;3;0.0
45;116;4;0.0
45;116;5;0.0
45;116;6;0.0
45;116;7;0.0
45;116;8;0.0
46;116;1;0.0
46;116;2;0.0
46;116;3;0.0
46;116;4;0.0
46;116;5;0.0
46;116;6;0.0
46;116;7;0.0
46;116;8;0.0
47;116;1;-2.277604925285393e-17
47;116;2;-2.277604925285393e-17
47;116;3;-9.715461997188378e-17
47;116;4;-1.4252376501556109e-11
47;116;5;-2.277604925285393e-17
47;116;6;-2.277604925285393e-17
47;116;7;-2.277604925285393e-17
47;116;8;-2.277604925285393e-17
48;116;1;0.0
48;116;2;0.0
48;116;3;0.0
48;116;4;0.0
48;116;5;0.0
48;116;6;0.0
48;116;7;0.0
48;116;8;0.0
49;116;1;0.0
49;116;2;0.0
49;116;3;0.0
49;116;4;0.0
49;116;5;0.0
49;116;6;0.0
49;116;7;0.0
49;116;8;0.0
50;116;1;0.0
50;116;2;0.0
50;116;3;0.0
50;116;4;0.0
50;116;5;0.0
50;116;6;0.0
50;116;7;0.0
50;116;8;0.0
51;116;1;0.0
51;116;2;0.0
51;116;3;0.0
51;116;4;0.0
51;116;5;0.0
51;116;6;0.0
51;116;7;0.0
51;116;8;0.0
52;116;1;0.0
52;116;2;0.0
52;116;3;0.0
52;116;4;-2.7008765209149384e-13
52;116;5;0.0
52;116;6;0.0
52;116;7;0.0
52;116;8;0.0
53;116;1;0.0
53;116;2;0.0
53;116;3;0.0
53;116;4;0.0
53;116;5;0.0
53;116;6;0.0
53;116;7;0.0
53;116;8;0.0
54;116;1;0.0
54;116;2;0.0
54;116;3;0.0
54;116;4;-9.478020226599327e-15
54;116;5;0.0
54;116;6;0.0
54;116;7;0.0
54;116;8;0.0
55;116;1;0.0
55;116;2;0.0
55;116;3;0.0
55;116;4;0.0
55;116;5;0.0
55;116;6;0.0
55;116;7;0.0
55;116;8;0.0
56;116;1;0.0
56;116;2;0.0
56;116;3;0.0
56;116;4;0.0
56;116;5;0.0
56;116;6;0.0
56;116;7;0.0
56;116;8;0.0
57;116;1;0.0
57;116;2;0.0
57;116;3;0.0
57;116;4;0.0
57;116;5;0.0
57;116;6;0.0
57;116;7;0.0
57;116;8;0.0
58;116;1;0.0
58;116;2;0.0
58;116;3;0.0
58;116;4;0.0
58;116;5;0.0
58;116;6;0.0
58;116;7;0.0
58;116;8;0.0
59;116;1;0.0
59;116;2;0.0
59;116;3;0.0
59;116;4;0.0
59;116;5;0.0
59;116;6;0.0
59;116;7;0.0
59;116;8;0.0
1;117;1;0.0
1;117;2;0.0
1;117;3;0.0
1;117;4;0.0
1;117;5;0.0
1;117;6;0.0
1;117;7;0.0
1;117;8;0.0
2;117;1;0.0
2;117;2;0.0
2;117;3;0.0
2;117;4;0.0
2;117;5;0.0
2;117;6;0.0
2;117;7;0.0
2;117;8;0.0
3;117;1;0.0
3;117;2;0.0
3;117;3;0.0
3;117;4;0.0
3;117;5;0.0
3;117;6;0.0
3;117;7;0.0
3;117;8;0.0
4;117;1;0.0
4;117;2;0.0
4;117;3;0.0
4;117;4;0.0
4;117;5;0.0
4;117;6;0.0
4;117;7;0.0
4;117;8;0.0
5;117;1;0.0
5;117;2;0.0
5;117;3;0.0
5;117;4;0.0
5;117;5;0.0
5;117;6;0.0
5;117;7;0.0
5;117;8;0.0
6;117;1;0.0
6;117;2;0.0
6;117;3;0.0
6;117;4;0.0
6;117;5;0.0
6;117;6;0.0
6;117;7;0.0
6;117;8;0.0
7;117;1;0.0
7;117;2;0.0
7;117;3;0.0
7;117;4;0.0
7;117;5;0.0
7;117;6;0.0
7;117;7;0.0
7;117;8;0.0
8;117;1;0.0
8;117;2;0.0
8;117;3;0.0
8;117;4;0.0
8;117;5;0.0
8;117;6;0.0
8;117;7;0.0
8;117;8;0.0
9;117;1;0.0
9;117;2;0.0
9;117;3;0.0
9;117;4;0.0
9;117;5;0.0
9;117;6;0.0
9;117;7;0.0
9;117;8;0.0
10;117;1;0.0
10;117;2;0.0
10;117;3;0.0
10;117;4;0.0
10;117;5;0.0
10;117;6;0.0
10;117;7;0.0
10;117;8;0.0
11;117;1;0.0
11;117;2;0.0
11;117;3;0.0
11;117;4;0.0
11;117;5;0.0
11;117;6;0.0
11;117;7;0.0
11;117;8;0.0
12;117;1;0.0
12;117;2;0.0
12;117;3;0.0
12;117;4;0.0
12;117;5;0.0
12;117;6;0.0
12;117;7;0.0
12;117;8;0.0
13;117;1;0.0
13;117;2;0.0
13;117;3;0.0
13;117;4;0.0
13;117;5;0.0
13;117;6;0.0
13;117;7;0.0
13;117;8;0.0
14;117;1;0.0
14;117;2;0.0
14;117;3;0.0
14;117;4;0.0
14;117;5;0.0
14;117;6;0.0
14;117;7;0.0
14;117;8;0.0
15;117;1;0.0
15;117;2;0.0
15;117;3;0.0
15;117;4;0.0
15;117;5;0.0
15;117;6;0.0
15;117;7;0.0
15;117;8;0.0
16;117;1;0.0
16;117;2;0.0
16;117;3;0.0
16;117;4;0.0
16;117;5;0.0
16;117;6;0.0
16;117;7;0.0
16;117;8;0.0
17;117;1;-1.3436859825448206e-17
17;117;2;-1.3436859825448206e-17
17;117;3;-4.9640433793298085e-17
17;117;4;-1.0000000000017109
17;117;5;-1.3436859825448206e-17
17;117;6;-1.3436859825448206e-17
17;117;7;-1.3436859825448206e-17
17;117;8;-1.3436859825448206e-17
18;117;1;0.0
18;117;2;0.0
18;117;3;0.0
18;117;4;0.0
18;117;5;0.0
18;117;6;0.0
18;117;7;0.0
18;117;8;0.0
19;117;1;0.0
19;117;2;0.0
19;117;3;0.0
19;117;4;0.0
19;117;5;0.0
19;117;6;0.0
19;117;7;0.0
19;117;8;0.0
20;117;1;0.0
20;117;2;0.0
20;117;3;-3.8452730313005773e-17
20;117;4;0.0
20;117;5;0.0
20;117;6;0.0
20;117;7;0.0
20;117;8;0.0
21;117;1;-1.4703658695091686e-17
21;117;2;-1.4703658695091686e-17
21;117;3;-5.009261861870723e-17
21;117;4;-6.697294180974596e-13
21;117;5;-1.4703658695091686e-17
21;117;6;-1.4703658695091686e-17
21;117;7;-1.4703658695091686e-17
21;117;8;-1.4703658695091686e-17
22;117;1;-3.3091413756364385e-17
22;117;2;-3.3091413756364385e-17
22;117;3;-1.5354573941681118e-16
22;117;4;-3.1112890042095387e-12
22;117;5;-3.3091413756364385e-17
22;117;6;-3.3091413756364385e-17
22;117;7;-3.3091413756364385e-17
22;117;8;-3.3091413756364385e-17
23;117;1;0.0
23;117;2;0.0
23;117;3;0.0
23;117;4;0.0
23;117;5;0.0
23;117;6;0.0
23;117;7;0.0
23;117;8;0.0
24;117;1;0.0
24;117;2;0.0
24;117;3;0.0
24;117;4;0.0
24;117;5;0.0
24;117;6;0.0
24;117;7;0.0
24;117;8;0.0
25;117;1;0.0
25;117;2;0.0
25;117;3;0.0
25;117;4;0.0
25;117;5;0.0
25;117;6;0.0
25;117;7;0.0
25;117;8;0.0
26;117;1;0.0
26;117;2;0.0
26;117;3;0.0
26;117;4;0.0
26;117;5;0.0
26;117;6;0.0
26;117;7;0.0
26;117;8;0.0
27;117;1;0.0
27;117;2;0.0
27;117;3;0.0
27;117;4;0.0
27;117;5;0.0
27;117;6;0.0
27;117;7;0.0
27;117;8;0.0
28;117;1;0.0
28;117;2;0.0
28;117;3;0.0
28;117;4;0.0
28;117;5;0.0
28;117;6;0.0
28;117;7;0.0
28;117;8;0.0
29;117;1;0.0
29;117;2;0.0
29;117;3;0.0
29;117;4;0.0
29;117;5;0.0
29;117;6;0.0
29;117;7;0.0
29;117;8;0.0
30;117;1;0.0
30;117;2;0.0
30;117;3;0.0
30;117;4;0.0
30;117;5;0.0
30;117;6;0.0
30;117;7;0.0
30;117;8;0.0
31;117;1;0.0
31;117;2;0.0
31;117;3;0.0
31;117;4;0.0
31;117;5;0.0
31;117;6;0.0
31;117;7;0.0
31;117;8;0.0
32;117;1;0.0
32;117;2;0.0
32;117;3;0.0
32;117;4;0.0
32;117;5;0.0
32;117;6;0.0
32;117;7;0.0
32;117;8;0.0
33;117;1;0.0
33;117;2;0.0
33;117;3;0.0
33;117;4;0.0
33;117;5;0.0
33;117;6;0.0
33;117;7;0.0
33;117;8;0.0
34;117;1;0.0
34;117;2;0.0
34;117;3;0.0
34;117;4;0.0
34;117;5;0.0
34;117;6;0.0
34;117;7;0.0
34;117;8;0.0
35;117;1;0.0
35;117;2;0.0
35;117;3;0.0
35;117;4;0.0
35;117;5;0.0
35;117;6;0.0
35;117;7;0.0
35;117;8;0.0
36;117;1;0.0
36;117;2;0.0
36;117;3;0.0
36;117;4;0.0
36;117;5;0.0
36;117;6;0.0
36;117;7;0.0
36;117;8;0.0
37;117;1;0.0
37;117;2;0.0
37;117;3;0.0
37;117;4;0.0
37;117;5;0.0
37;117;6;0.0
37;117;7;0.0
37;117;8;0.0
38;117;1;0.0
38;117;2;0.0
38;117;3;0.0
38;117;4;0.0
38;117;5;0.0
38;117;6;0.0
38;117;7;0.0
38;117;8;0.0
39;117;1;0.0
39;117;2;0.0
39;117;3;0.0
39;117;4;0.0
39;117;5;0.0
39;117;6;0.0
39;117;7;0.0
39;117;8;0.0
40;117;1;0.0
40;117;2;0.0
40;117;3;0.0
40;117;4;0.0
40;117;5;0.0
40;117;6;0.0
40;117;7;0.0
40;117;8;0.0
41;117;1;0.0
41;117;2;0.0
41;117;3;0.0
41;117;4;0.0
41;117;5;0.0
41;117;6;0.0
41;117;7;0.0
41;117;8;0.0
42;117;1;0.0
42;117;2;0.0
42;117;3;0.0
42;117;4;0.0
42;117;5;0.0
42;117;6;0.0
42;117;7;0.0
42;117;8;0.0
43;117;1;0.0
43;117;2;0.0
43;117;3;0.0
43;117;4;0.0
43;117;5;0.0
43;117;6;0.0
43;117;7;0.0
43;117;8;0.0
44;117;1;0.0
44;117;2;0.0
44;117;3;0.0
44;117;4;0.0
44;117;5;0.0
44;117;6;0.0
44;117;7;0.0
44;117;8;0.0
45;117;1;0.0
45;117;2;0.0
45;117;3;0.0
45;117;4;0.0
45;117;5;0.0
45;117;6;0.0
45;117;7;0.0
45;117;8;0.0
46;117;1;0.0
46;117;2;0.0
46;117;3;0.0
46;117;4;0.0
46;117;5;0.0
46;117;6;0.0
46;117;7;0.0
46;117;8;0.0
47;117;1;-2.812015987444975e-17
47;117;2;-2.812015987444975e-17
47;117;3;-1.0309835096818471e-16
47;117;4;-1.0516080518284067e-12
47;117;5;-2.812015987444975e-17
47;117;6;-2.812015987444975e-17
47;117;7;-2.812015987444975e-17
47;117;8;-2.812015987444975e-17
48;117;1;0.0
48;117;2;0.0
48;117;3;0.0
48;117;4;0.0
48;117;5;0.0
48;117;6;0.0
48;117;7;0.0
48;117;8;0.0
49;117;1;0.0
49;117;2;0.0
49;117;3;0.0
49;117;4;0.0
49;117;5;0.0
49;117;6;0.0
49;117;7;0.0
49;117;8;0.0
50;117;1;0.0
50;117;2;0.0
50;117;3;0.0
50;117;4;0.0
50;117;5;0.0
50;117;6;0.0
50;117;7;0.0
50;117;8;0.0
51;117;1;0.0
51;117;2;0.0
51;117;3;0.0
51;117;4;0.0
51;117;5;0.0
51;117;6;0.0
51;117;7;0.0
51;117;8;0.0
52;117;1;0.0
52;117;2;0.0
52;117;3;0.0
52;117;4;-3.1693915108797916e-13
52;117;5;0.0
52;117;6;0.0
52;117;7;0.0
52;117;8;0.0
53;117;1;0.0
53;117;2;0.0
53;117;3;0.0
53;117;4;0.0
53;117;5;0.0
53;117;6;0.0
53;117;7;0.0
53;117;8;0.0
54;117;1;0.0
54;117;2;0.0
54;117;3;0.0
54;117;4;-7.459893566282085e-15
54;117;5;0.0
54;117;6;0.0
54;117;7;0.0
54;117;8;0.0
55;117;1;0.0
55;117;2;0.0
55;117;3;0.0
55;117;4;0.0
55;117;5;0.0
55;117;6;0.0
55;117;7;0.0
55;117;8;0.0
56;117;1;0.0
56;117;2;0.0
56;117;3;0.0
56;117;4;0.0
56;117;5;0.0
56;117;6;0.0
56;117;7;0.0
56;117;8;0.0
57;117;1;0.0
57;117;2;0.0
57;117;3;0.0
57;117;4;0.0
57;117;5;0.0
57;117;6;0.0
57;117;7;0.0
57;117;8;0.0
58;117;1;0.0
58;117;2;0.0
58;117;3;0.0
58;117;4;0.0
58;117;5;0.0
58;117;6;0.0
58;117;7;0.0
58;117;8;0.0
59;117;1;0.0
59;117;2;0.0
59;117;3;0.0
59;117;4;0.0
59;117;5;0.0
59;117;6;0.0
59;117;7;0.0
59;117;8;0.0
1;118;1;0.0
1;118;2;0.0
1;118;3;0.0
1;118;4;0.0
1;118;5;0.0
1;118;6;0.0
1;118;7;0.0
1;118;8;0.0
2;118;1;0.0
2;118;2;0.0
2;118;3;0.0
2;118;4;0.0
2;118;5;0.0
2;118;6;0.0
2;118;7;0.0
2;118;8;0.0
3;118;1;0.0
3;118;2;0.0
3;118;3;0.0
3;118;4;0.0
3;118;5;0.0
3;118;6;0.0
3;118;7;0.0
3;118;8;0.0
4;118;1;0.0
4;118;2;0.0
4;118;3;0.0
4;118;4;0.0
4;118;5;0.0
4;118;6;0.0
4;118;7;0.0
4;118;8;0.0
5;118;1;0.0
5;118;2;0.0
5;118;3;0.0
5;118;4;0.0
5;118;5;0.0
5;118;6;0.0
5;118;7;0.0
5;118;8;0.0
6;118;1;0.0
6;118;2;0.0
6;118;3;0.0
6;118;4;0.0
6;118;5;0.0
6;118;6;0.0
6;118;7;0.0
6;118;8;0.0
7;118;1;0.0
7;118;2;0.0
7;118;3;0.0
7;118;4;0.0
7;118;5;0.0
7;118;6;0.0
7;118;7;0.0
7;118;8;0.0
8;118;1;0.0
8;118;2;0.0
8;118;3;0.0
8;118;4;0.0
8;118;5;0.0
8;118;6;0.0
8;118;7;0.0
8;118;8;0.0
9;118;1;0.0
9;118;2;0.0
9;118;3;0.0
9;118;4;0.0
9;118;5;0.0
9;118;6;0.0
9;118;7;0.0
9;118;8;0.0
10;118;1;0.0
10;118;2;0.0
10;118;3;0.0
10;118;4;0.0
10;118;5;0.0
10;118;6;0.0
10;118;7;0.0
10;118;8;0.0
11;118;1;0.0
11;118;2;0.0
11;118;3;0.0
11;118;4;0.0
11;118;5;0.0
11;118;6;0.0
11;118;7;0.0
11;118;8;0.0
12;118;1;0.0
12;118;2;0.0
12;118;3;0.0
12;118;4;0.0
12;118;5;0.0
12;118;6;0.0
12;118;7;0.0
12;118;8;0.0
13;118;1;0.0
13;118;2;0.0
13;118;3;0.0
13;118;4;0.0
13;118;5;0.0
13;118;6;0.0
13;118;7;0.0
13;118;8;0.0
14;118;1;0.0
14;118;2;0.0
14;118;3;0.0
14;118;4;0.0
14;118;5;0.0
14;118;6;0.0
14;118;7;0.0
14;118;8;0.0
15;118;1;0.0
15;118;2;0.0
15;118;3;0.0
15;118;4;0.0
15;118;5;0.0
15;118;6;0.0
15;118;7;0.0
15;118;8;0.0
16;118;1;0.0
16;118;2;0.0
16;118;3;0.0
16;118;4;0.0
16;118;5;0.0
16;118;6;0.0
16;118;7;0.0
16;118;8;0.0
17;118;1;-1.578665002010887e-17
17;118;2;-1.578665002010887e-17
17;118;3;-5.712783034884987e-17
17;118;4;-2.0218154706960835e-11
17;118;5;-1.578665002010887e-17
17;118;6;-1.578665002010887e-17
17;118;7;-1.578665002010887e-17
17;118;8;-1.578665002010887e-17
18;118;1;0.0
18;118;2;0.0
18;118;3;0.0
18;118;4;0.0
18;118;5;0.0
18;118;6;0.0
18;118;7;0.0
18;118;8;0.0
19;118;1;0.0
19;118;2;0.0
19;118;3;0.0
19;118;4;0.0
19;118;5;0.0
19;118;6;0.0
19;118;7;0.0
19;118;8;0.0
20;118;1;0.0
20;118;2;0.0
20;118;3;-4.638289294456853e-17
20;118;4;0.0
20;118;5;0.0
20;118;6;0.0
20;118;7;0.0
20;118;8;0.0
21;118;1;-1.8001546680654368e-17
21;118;2;-1.8001546680654368e-17
21;118;3;-6.140165396712496e-17
21;118;4;-0.9999999980030063
21;118;5;-1.8001546680654368e-17
21;118;6;-1.8001546680654368e-17
21;118;7;-1.8001546680654368e-17
21;118;8;-1.8001546680654368e-17
22;118;1;-3.857044092668208e-17
22;118;2;-3.857044092668208e-17
22;118;3;-1.808917938476195e-16
22;118;4;-1.967345397702047e-09
22;118;5;-3.857044092668208e-17
22;118;6;-3.857044092668208e-17
22;118;7;-3.857044092668208e-17
22;118;8;-3.857044092668208e-17
23;118;1;0.0
23;118;2;0.0
23;118;3;0.0
23;118;4;0.0
23;118;5;0.0
23;118;6;0.0
23;118;7;0.0
23;118;8;0.0
24;118;1;0.0
24;118;2;0.0
24;118;3;0.0
24;118;4;0.0
24;118;5;0.0
24;118;6;0.0
24;118;7;0.0
24;118;8;0.0
25;118;1;0.0
25;118;2;0.0
25;118;3;0.0
25;118;4;0.0
25;118;5;0.0
25;118;6;0.0
25;118;7;0.0
25;118;8;0.0
26;118;1;0.0
26;118;2;0.0
26;118;3;0.0
26;118;4;0.0
26;118;5;0.0
26;118;6;0.0
26;118;7;0.0
26;118;8;0.0
27;118;1;0.0
27;118;2;0.0
27;118;3;0.0
27;118;4;0.0
27;118;5;0.0
27;118;6;0.0
27;118;7;0.0
27;118;8;0.0
28;118;1;0.0
28;118;2;0.0
28;118;3;0.0
28;118;4;0.0
28;118;5;0.0
28;118;6;0.0
28;118;7;0.0
28;118;8;0.0
29;118;1;0.0
29;118;2;0.0
29;118;3;0.0
29;118;4;0.0
29;118;5;0.0
29;118;6;0.0
29;118;7;0.0
29;118;8;0.0
30;118;1;0.0
30;118;2;0.0
30;118;3;0.0
30;118;4;0.0
30;118;5;0.0
30;118;6;0.0
30;118;7;0.0
30;118;8;0.0
31;118;1;0.0
31;118;2;0.0
31;118;3;0.0
31;118;4;0.0
31;118;5;0.0
31;118;6;0.0
31;118;7;0.0
31;118;8;0.0
32;118;1;0.0
32;118;2;0.0
32;118;3;0.0
32;118;4;0.0
32;118;5;0.0
32;118;6;0.0
32;118;7;0.0
32;118;8;0.0
33;118;1;0.0
33;118;2;0.0
33;118;3;0.0
33;118;4;0.0
33;118;5;0.0
33;118;6;0.0
33;118;7;0.0
33;118;8;0.0
34;118;1;0.0
34;118;2;0.0
34;118;3;0.0
34;118;4;0.0
34;118;5;0.0
34;118;6;0.0
34;118;7;0.0
34;118;8;0.0
35;118;1;0.0
35;118;2;0.0
35;118;3;0.0
35;118;4;0.0
35;118;5;0.0
35;118;6;0.0
35;118;7;0.0
35;118;8;0.0
36;118;1;0.0
36;118;2;0.0
36;118;3;0.0
36;118;4;0.0
36;118;5;0.0
36;118;6;0.0
36;118;7;0.0
36;118;8;0.0
37;118;1;0.0
37;118;2;0.0
37;118;3;0.0
37;118;4;0.0
37;118;5;0.0
37;118;6;0.0
37;118;7;0.0
37;118;8;0.0
38;118;1;0.0
38;118;2;0.0
38;118;3;0.0
38;118;4;0.0
38;118;5;0.0
38;118;6;0.0
38;118;7;0.0
38;118;8;0.0
39;118;1;0.0
39;118;2;0.0
39;118;3;0.0
39;118;4;0.0
39;118;5;0.0
39;118;6;0.0
39;118;7;0.0
39;118;8;0.0
40;118;1;0.0
40;118;2;0.0
40;118;3;0.0
40;118;4;0.0
40;118;5;0.0
40;118;6;0.0
40;118;7;0.0
40;118;8;0.0
41;118;1;0.0
41;118;2;0.0
41;118;3;0.0
41;118;4;0.0
41;118;5;0.0
41;118;6;0.0
41;118;7;0.0
41;118;8;0.0
42;118;1;0.0
42;118;2;0.0
42;118;3;0.0
42;118;4;0.0
42;118;5;0.0
42;118;6;0.0
42;118;7;0.0
42;118;8;0.0
43;118;1;0.0
43;118;2;0.0
43;118;3;0.0
43;118;4;0.0
43;118;5;0.0
43;118;6;0.0
43;118;7;0.0
43;118;8;0.0
44;118;1;0.0
44;118;2;0.0
44;118;3;0.0
44;118;4;0.0
44;118;5;0.0
44;118;6;0.0
44;118;7;0.0
44;118;8;0.0
45;118;1;0.0
45;118;2;0.0
45;118;3;0.0
45;118;4;0.0
45;118;5;0.0
45;118;6;0.0
45;118;7;0.0
45;118;8;0.0
46;118;1;0.0
46;118;2;0.0
46;118;3;0.0
46;118;4;0.0
46;118;5;0.0
46;118;6;0.0
46;118;7;0.0
46;118;8;0.0
47;118;1;-3.4740642797041364e-17
47;118;2;-3.4740642797041364e-17
47;118;3;-1.186422716814573e-16
47;118;4;-1.2913861712653822e-12
47;118;5;-3.4740642797041364e-17
47;118;6;-3.4740642797041364e-17
47;118;7;-3.4740642797041364e-17
47;118;8;-3.4740642797041364e-17
48;118;1;0.0
48;118;2;0.0
48;118;3;0.0
48;118;4;0.0
48;118;5;0.0
48;118;6;0.0
48;118;7;0.0
48;118;8;0.0
49;118;1;0.0
49;118;2;0.0
49;118;3;0.0
49;118;4;0.0
49;118;5;0.0
49;118;6;0.0
49;118;7;0.0
49;118;8;0.0
50;118;1;0.0
50;118;2;0.0
50;118;3;0.0
50;118;4;0.0
50;118;5;0.0
50;118;6;0.0
50;118;7;0.0
50;118;8;0.0
51;118;1;0.0
51;118;2;0.0
51;118;3;0.0
51;118;4;0.0
51;118;5;0.0
51;118;6;0.0
51;118;7;0.0
51;118;8;0.0
52;118;1;0.0
52;118;2;0.0
52;118;3;0.0
52;118;4;-2.672393352492763e-13
52;118;5;0.0
52;118;6;0.0
52;118;7;0.0
52;118;8;0.0
53;118;1;0.0
53;118;2;0.0
53;118;3;0.0
53;118;4;0.0
53;118;5;0.0
53;118;6;0.0
53;118;7;0.0
53;118;8;0.0
54;118;1;0.0
54;118;2;0.0
54;118;3;0.0
54;118;4;-7.896380421147788e-15
54;118;5;0.0
54;118;6;0.0
54;118;7;0.0
54;118;8;0.0
55;118;1;0.0
55;118;2;0.0
55;118;3;0.0
55;118;4;0.0
55;118;5;0.0
55;118;6;0.0
55;118;7;0.0
55;118;8;0.0
56;118;1;0.0
56;118;2;0.0
56;118;3;0.0
56;118;4;0.0
56;118;5;0.0
56;118;6;0.0
56;118;7;0.0
56;118;8;0.0
57;118;1;0.0
57;118;2;0.0
57;118;3;0.0
57;118;4;0.0
57;118;5;0.0
57;118;6;0.0
57;118;7;0.0
57;118;8;0.0
58;118;1;0.0
58;118;2;0.0
58;118;3;0.0
58;118;4;0.0
58;118;5;0.0
58;118;6;0.0
58;118;7;0.0
58;118;8;0.0
59;118;1;0.0
59;118;2;0.0
59;118;3;0.0
59;118;4;0.0
59;118;5;0.0
59;118;6;0.0
59;118;7;0.0
59;118;8;0.0
1;119;1;0.0
1;119;2;0.0
1;119;3;0.0
1;119;4;0.0
1;119;5;0.0
1;119;6;0.0
1;119;7;0.0
1;119;8;0.0
2;119;1;0.0
2;119;2;0.0
2;119;3;0.0
2;119;4;0.0
2;119;5;0.0
2;119;6;0.0
2;119;7;0.0
2;119;8;0.0
3;119;1;0.0
3;119;2;0.0
3;119;3;0.0
3;119;4;0.0
3;119;5;0.0
3;119;6;0.0
3;119;7;0.0
3;119;8;0.0
4;119;1;0.0
4;119;2;0.0
4;119;3;0.0
4;119;4;0.0
4;119;5;0.0
4;119;6;0.0
4;119;7;0.0
4;119;8;0.0
5;119;1;0.0
5;119;2;0.0
5;119;3;0.0
5;119;4;0.0
5;119;5;0.0
5;119;6;0.0
5;119;7;0.0
5;119;8;0.0
6;119;1;0.0
6;119;2;0.0
6;119;3;0.0
6;119;4;0.0
6;119;5;0.0
6;119;6;0.0
6;119;7;0.0
6;119;8;0.0
7;119;1;0.0
7;119;2;0.0
7;119;3;0.0
7;119;4;0.0
7;119;5;0.0
7;119;6;0.0
7;119;7;0.0
7;119;8;0.0
8;119;1;0.0
8;119;2;0.0
8;119;3;0.0
8;119;4;0.0
8;119;5;0.0
8;119;6;0.0
8;119;7;0.0
8;119;8;0.0
9;119;1;0.0
9;119;2;0.0
9;119;3;0.0
9;119;4;0.0
9;119;5;0.0
9;119;6;0.0
9;119;7;0.0
9;119;8;0.0
10;119;1;0.0
10;119;2;0.0
10;119;3;0.0
10;119;4;0.0
10;119;5;0.0
10;119;6;0.0
10;119;7;0.0
10;119;8;0.0
11;119;1;0.0
11;119;2;0.0
11;119;3;0.0
11;119;4;0.0
11;119;5;0.0
11;119;6;0.0
11;119;7;0.0
11;119;8;0.0
12;119;1;0.0
12;119;2;0.0
12;119;3;0.0
12;119;4;0.0
12;119;5;0.0
12;119;6;0.0
12;119;7;0.0
12;119;8;0.0
13;119;1;0.0
13;119;2;0.0
13;119;3;0.0
13;119;4;0.0
13;119;5;0.0
13;119;6;0.0
13;119;7;0.0
13;119;8;0.0
14;119;1;0.0
14;119;2;0.0
14;119;3;0.0
14;119;4;0.0
14;119;5;0.0
14;119;6;0.0
14;119;7;0.0
14;119;8;0.0
15;119;1;0.0
15;119;2;0.0
15;119;3;0.0
15;119;4;0.0
15;119;5;0.0
15;119;6;0.0
15;119;7;0.0
15;119;8;0.0
16;119;1;0.0
16;119;2;0.0
16;119;3;0.0
16;119;4;0.0
16;119;5;0.0
16;119;6;0.0
16;119;7;0.0
16;119;8;0.0
17;119;1;-1.940985225301838e-17
17;119;2;-1.940985225301838e-17
17;119;3;-6.717434066061803e-17
17;119;4;-2.97237908338418e-11
17;119;5;-1.940985225301838e-17
17;119;6;-1.940985225301838e-17
17;119;7;-1.940985225301838e-17
17;119;8;-1.940985225301838e-17
18;119;1;0.0
18;119;2;0.0
18;119;3;0.0
18;119;4;0.0
18;119;5;0.0
18;119;6;0.0
18;119;7;0.0
18;119;8;0.0
19;119;1;0.0
19;119;2;0.0
19;119;3;0.0
19;119;4;0.0
19;119;5;0.0
19;119;6;0.0
19;119;7;0.0
19;119;8;0.0
20;119;1;0.0
20;119;2;0.0
20;119;3;-5.1616261024048465e-17
20;119;4;0.0
20;119;5;0.0
20;119;6;0.0
20;119;7;0.0
20;119;8;0.0
21;119;1;-2.376032730168486e-17
21;119;2;-2.376032730168486e-17
21;119;3;-7.735427217917104e-17
21;119;4;-0.9999999981727813
21;119;5;-2.376032730168486e-17
21;119;6;-2.376032730168486e-17
21;119;7;-2.376032730168486e-17
21;119;8;-2.376032730168486e-17
22;119;1;-4.8517204955118506e-17
22;119;2;-4.8517204955118506e-17
22;119;3;-2.05310913491795e-16
22;119;4;-1.7928236673014908e-09
22;119;5;-4.8517204955118506e-17
22;119;6;-4.8517204955118506e-17
22;119;7;-4.8517204955118506e-17
22;119;8;-4.8517204955118506e-17
23;119;1;0.0
23;119;2;0.0
23;119;3;0.0
23;119;4;0.0
23;119;5;0.0
23;119;6;0.0
23;119;7;0.0
23;119;8;0.0
24;119;1;0.0
24;119;2;0.0
24;119;3;0.0
24;119;4;0.0
24;119;5;0.0
24;119;6;0.0
24;119;7;0.0
24;119;8;0.0
25;119;1;0.0
25;119;2;0.0
25;119;3;0.0
25;119;4;0.0
25;119;5;0.0
25;119;6;0.0
25;119;7;0.0
25;119;8;0.0
26;119;1;0.0
26;119;2;0.0
26;119;3;0.0
26;119;4;0.0
26;119;5;0.0
26;119;6;0.0
26;119;7;0.0
26;119;8;0.0
27;119;1;0.0
27;119;2;0.0
27;119;3;0.0
27;119;4;0.0
27;119;5;0.0
27;119;6;0.0
27;119;7;0.0
27;119;8;0.0
28;119;1;0.0
28;119;2;0.0
28;119;3;0.0
28;119;4;0.0
28;119;5;0.0
28;119;6;0.0
28;119;7;0.0
28;119;8;0.0
29;119;1;0.0
29;119;2;0.0
29;119;3;0.0
29;119;4;0.0
29;119;5;0.0
29;119;6;0.0
29;119;7;0.0
29;119;8;0.0
30;119;1;0.0
30;119;2;0.0
30;119;3;0.0
30;119;4;0.0
30;119;5;0.0
30;119;6;0.0
30;119;7;0.0
30;119;8;0.0
31;119;1;0.0
31;119;2;0.0
31;119;3;0.0
31;119;4;0.0
31;119;5;0.0
31;119;6;0.0
31;119;7;0.0
31;119;8;0.0
32;119;1;0.0
32;119;2;0.0
32;119;3;0.0
32;119;4;0.0
32;119;5;0.0
32;119;6;0.0
32;119;7;0.0
32;119;8;0.0
33;119;1;0.0
33;119;2;0.0
33;119;3;0.0
33;119;4;0.0
33;119;5;0.0
33;119;6;0.0
33;119;7;0.0
33;119;8;0.0
34;119;1;0.0
34;119;2;0.0
34;119;3;0.0
34;119;4;0.0
34;119;5;0.0
34;119;6;0.0
34;119;7;0.0
34;119;8;0.0
35;119;1;0.0
35;119;2;0.0
35;119;3;0.0
35;119;4;0.0
35;119;5;0.0
35;119;6;0.0
35;119;7;0.0
35;119;8;0.0
36;119;1;0.0
36;119;2;0.0
36;119;3;0.0
36;119;4;0.0
36;119;5;0.0
36;119;6;0.0
36;119;7;0.0
36;119;8;0.0
37;119;1;0.0
37;119;2;0.0
37;119;3;0.0
37;119;4;0.0
37;119;5;0.0
37;119;6;0.0
37;119;7;0.0
37;119;8;0.0
38;119;1;0.0
38;119;2;0.0
38;119;3;0.0
38;119;4;0.0
38;119;5;0.0
38;119;6;0.0
38;119;7;0.0
38;119;8;0.0
39;119;1;0.0
39;119;2;0.0
39;119;3;0.0
39;119;4;0.0
39;119;5;0.0
39;119;6;0.0
39;119;7;0.0
39;119;8;0.0
40;119;1;0.0
40;119;2;0.0
40;119;3;0.0
40;119;4;0.0
40;119;5;0.0
40;119;6;0.0
40;119;7;0.0
40;119;8;0.0
41;119;1;0.0
41;119;2;0.0
41;119;3;0.0
41;119;4;0.0
41;119;5;0.0
41;119;6;0.0
41;119;7;0.0
41;119;8;0.0
42;119;1;0.0
42;119;2;0.0
42;119;3;0.0
42;119;4;0.0
42;119;5;0.0
42;119;6;0.0
42;119;7;0.0
42;119;8;0.0
43;119;1;0.0
43;119;2;0.0
43;119;3;0.0
43;119;4;0.0
43;119;5;0.0
43;119;6;0.0
43;119;7;0.0
43;119;8;0.0
44;119;1;0.0
44;119;2;0.0
44;119;3;0.0
44;119;4;0.0
44;119;5;0.0
44;119;6;0.0
44;119;7;0.0
44;119;8;0.0
45;119;1;0.0
45;119;2;0.0
45;119;3;0.0
45;119;4;0.0
45;119;5;0.0
45;119;6;0.0
45;119;7;0.0
45;119;8;0.0
46;119;1;0.0
46;119;2;0.0
46;119;3;0.0
46;119;4;0.0
46;119;5;0.0
46;119;6;0.0
46;119;7;0.0
46;119;8;0.0
47;119;1;-4.513777629897878e-17
47;119;2;-4.513777629897878e-17
47;119;3;-1.4438948955723136e-16
47;119;4;-1.261631105897958e-12
47;119;5;-4.513777629897878e-17
47;119;6;-4.513777629897878e-17
47;119;7;-4.513777629897878e-17
47;119;8;-4.513777629897878e-17
48;119;1;0.0
48;119;2;0.0
48;119;3;0.0
48;119;4;0.0
48;119;5;0.0
48;119;6;0.0
48;119;7;0.0
48;119;8;0.0
49;119;1;0.0
49;119;2;0.0
49;119;3;0.0
49;119;4;0.0
49;119;5;0.0
49;119;6;0.0
49;119;7;0.0
49;119;8;0.0
50;119;1;0.0
50;119;2;0.0
50;119;3;0.0
50;119;4;0.0
50;119;5;0.0
50;119;6;0.0
50;119;7;0.0
50;119;8;0.0
51;119;1;0.0
51;119;2;0.0
51;119;3;0.0
51;119;4;0.0
51;119;5;0.0
51;119;6;0.0
51;119;7;0.0
51;119;8;0.0
52;119;1;0.0
52;119;2;0.0
52;119;3;0.0
52;119;4;-2.691307406607174e-13
52;119;5;0.0
52;119;6;0.0
52;119;7;0.0
52;119;8;0.0
53;119;1;0.0
53;119;2;0.0
53;119;3;0.0
53;119;4;0.0
53;119;5;0.0
53;119;6;0.0
53;119;7;0.0
53;119;8;0.0
54;119;1;0.0
54;119;2;0.0
54;119;3;0.0
54;119;4;-7.54852321335557e-15
54;119;5;0.0
54;119;6;0.0
54;119;7;0.0
54;119;8;0.0
55;119;1;0.0
55;119;2;0.0
55;119;3;0.0
55;119;4;0.0
55;119;5;0.0
55;119;6;0.0
55;119;7;0.0
55;119;8;0.0
56;119;1;0.0
56;119;2;0.0
56;119;3;0.0
56;119;4;0.0
56;119;5;0.0
56;119;6;0.0
56;119;7;0.0
56;119;8;0.0
57;119;1;0.0
57;119;2;0.0
57;119;3;0.0
57;119;4;0.0
57;119;5;0.0
57;119;6;0.0
57;119;7;0.0
57;119;8;0.0
58;119;1;0.0
58;119;2;0.0
58;119;3;0.0
58;119;4;0.0
58;119;5;0.0
58;119;6;0.0
58;119;7;0.0
58;119;8;0.0
59;119;1;0.0
59;119;2;0.0
59;119;3;0.0
59;119;4;0.0
59;119;5;0.0
59;119;6;0.0
59;119;7;0.0
59;119;8;0.0
1;120;1;0.0
1;120;2;0.0
1;120;3;0.0
1;120;4;0.0
1;120;5;0.0
1;120;6;0.0
1;120;7;0.0
1;120;8;0.0
2;120;1;0.0
2;120;2;0.0
2;120;3;0.0
2;120;4;0.0
2;120;5;0.0
2;120;6;0.0
2;120;7;0.0
2;120;8;0.0
3;120;1;0.0
3;120;2;0.0
3;120;3;0.0
3;120;4;0.0
3;120;5;0.0
3;120;6;0.0
3;120;7;0.0
3;120;8;0.0
4;120;1;0.0
4;120;2;0.0
4;120;3;0.0
4;120;4;0.0
4;120;5;0.0
4;120;6;0.0
4;120;7;0.0
4;120;8;0.0
5;120;1;0.0
5;120;2;0.0
5;120;3;0.0
5;120;4;0.0
5;120;5;0.0
5;120;6;0.0
5;120;7;0.0
5;120;8;0.0
6;120;1;0.0
6;120;2;0.0
6;120;3;0.0
6;120;4;0.0
6;120;5;0.0
6;120;6;0.0
6;120;7;0.0
6;120;8;0.0
7;120;1;0.0
7;120;2;0.0
7;120;3;0.0
7;120;4;0.0
7;120;5;0.0
7;120;6;0.0
7;120;7;0.0
7;120;8;0.0
8;120;1;0.0
8;120;2;0.0
8;120;3;0.0
8;120;4;0.0
8;120;5;0.0
8;120;6;0.0
8;120;7;0.0
8;120;8;0.0
9;120;1;0.0
9;120;2;0.0
9;120;3;0.0
9;120;4;0.0
9;120;5;0.0
9;120;6;0.0
9;120;7;0.0
9;120;8;0.0
10;120;1;0.0
10;120;2;0.0
10;120;3;0.0
10;120;4;0.0
10;120;5;0.0
10;120;6;0.0
10;120;7;0.0
10;120;8;0.0
11;120;1;0.0
11;120;2;0.0
11;120;3;0.0
11;120;4;0.0
11;120;5;0.0
11;120;6;0.0
11;120;7;0.0
11;120;8;0.0
12;120;1;0.0
12;120;2;0.0
12;120;3;0.0
12;120;4;0.0
12;120;5;0.0
12;120;6;0.0
12;120;7;0.0
12;120;8;0.0
13;120;1;0.0
13;120;2;0.0
13;120;3;0.0
13;120;4;0.0
13;120;5;0.0
13;120;6;0.0
13;120;7;0.0
13;120;8;0.0
14;120;1;0.0
14;120;2;0.0
14;120;3;0.0
14;120;4;0.0
14;120;5;0.0
14;120;6;0.0
14;120;7;0.0
14;120;8;0.0
15;120;1;0.0
15;120;2;0.0
15;120;3;0.0
15;120;4;0.0
15;120;5;0.0
15;120;6;0.0
15;120;7;0.0
15;120;8;0.0
16;120;1;0.0
16;120;2;0.0
16;120;3;0.0
16;120;4;0.0
16;120;5;0.0
16;120;6;0.0
16;120;7;0.0
16;120;8;0.0
17;120;1;-2.784916143695432e-17
17;120;2;-2.784916143695432e-17
17;120;3;-9.518953497241823e-17
17;120;4;-1.000000000006587
17;120;5;-2.784916143695432e-17
17;120;6;-2.784916143695432e-17
17;120;7;-2.784916143695432e-17
17;120;8;-2.784916143695432e-17
18;120;1;0.0
18;120;2;0.0
18;120;3;0.0
18;120;4;0.0
18;120;5;0.0
18;120;6;0.0
18;120;7;0.0
18;120;8;0.0
19;120;1;0.0
19;120;2;0.0
19;120;3;0.0
19;120;4;0.0
19;120;5;0.0
19;120;6;0.0
19;120;7;0.0
19;120;8;0.0
20;120;1;0.0
20;120;2;0.0
20;120;3;5.853665407593687e-16
20;120;4;0.0
20;120;5;0.0
20;120;6;0.0
20;120;7;0.0
20;120;8;0.0
21;120;1;-3.923426624390474e-17
21;120;2;-3.923426624390474e-17
21;120;3;-1.2374525729073744e-16
21;120;4;-6.023116752503585e-13
21;120;5;-3.923426624390474e-17
21;120;6;-3.923426624390474e-17
21;120;7;-3.923426624390474e-17
21;120;8;-3.923426624390474e-17
22;120;1;-7.818074726865972e-17
22;120;2;-7.818074726865972e-17
22;120;3;-3.052549930589863e-16
22;120;4;-3.099742684753437e-13
22;120;5;-7.818074726865972e-17
22;120;6;-7.818074726865972e-17
22;120;7;-7.818074726865972e-17
22;120;8;-7.818074726865972e-17
23;120;1;0.0
23;120;2;0.0
23;120;3;0.0
23;120;4;0.0
23;120;5;0.0
23;120;6;0.0
23;120;7;0.0
23;120;8;0.0
24;120;1;0.0
24;120;2;0.0
24;120;3;0.0
24;120;4;0.0
24;120;5;0.0
24;120;6;0.0
24;120;7;0.0
24;120;8;0.0
25;120;1;0.0
25;120;2;0.0
25;120;3;0.0
25;120;4;0.0
25;120;5;0.0
25;120;6;0.0
25;120;7;0.0
25;120;8;0.0
26;120;1;0.0
26;120;2;0.0
26;120;3;0.0
26;120;4;0.0
26;120;5;0.0
26;120;6;0.0
26;120;7;0.0
26;120;8;0.0
27;120;1;0.0
27;120;2;0.0
27;120;3;0.0
27;120;4;0.0
27;120;5;0.0
27;120;6;0.0
27;120;7;0.0
27;120;8;0.0
28;120;1;0.0
28;120;2;0.0
28;120;3;0.0
28;120;4;0.0
28;120;5;0.0
28;120;6;0.0
28;120;7;0.0
28;120;8;0.0
29;120;1;0.0
29;120;2;0.0
29;120;3;0.0
29;120;4;0.0
29;120;5;0.0
29;120;6;0.0
29;120;7;0.0
29;120;8;0.0
30;120;1;0.0
30;120;2;0.0
30;120;3;0.0
30;120;4;0.0
30;120;5;0.0
30;120;6;0.0
30;120;7;0.0
30;120;8;0.0
31;120;1;0.0
31;120;2;0.0
31;120;3;0.0
31;120;4;0.0
31;120;5;0.0
31;120;6;0.0
31;120;7;0.0
31;120;8;0.0
32;120;1;0.0
32;120;2;0.0
32;120;3;0.0
32;120;4;0.0
32;120;5;0.0
32;120;6;0.0
32;120;7;0.0
32;120;8;0.0
33;120;1;0.0
33;120;2;0.0
33;120;3;0.0
33;120;4;0.0
33;120;5;0.0
33;120;6;0.0
33;120;7;0.0
33;120;8;0.0
34;120;1;0.0
34;120;2;0.0
34;120;3;0.0
34;120;4;0.0
34;120;5;0.0
34;120;6;0.0
34;120;7;0.0
34;120;8;0.0
35;120;1;0.0
35;120;2;0.0
35;120;3;0.0
35;120;4;0.0
35;120;5;0.0
35;120;6;0.0
35;120;7;0.0
35;120;8;0.0
36;120;1;0.0
36;120;2;0.0
36;120;3;0.0
36;120;4;0.0
36;120;5;0.0
36;120;6;0.0
36;120;7;0.0
36;120;8;0.0
37;120;1;0.0
37;120;2;0.0
37;120;3;0.0
37;120;4;0.0
37;120;5;0.0
37;120;6;0.0
37;120;7;0.0
37;120;8;0.0
38;120;1;0.0
38;120;2;0.0
38;120;3;0.0
38;120;4;0.0
38;120;5;0.0
38;120;6;0.0
38;120;7;0.0
38;120;8;0.0
39;120;1;0.0
39;120;2;0.0
39;120;3;0.0
39;120;4;0.0
39;120;5;0.0
39;120;6;0.0
39;120;7;0.0
39;120;8;0.0
40;120;1;0.0
40;120;2;0.0
40;120;3;0.0
40;120;4;0.0
40;120;5;0.0
40;120;6;0.0
40;120;7;0.0
40;120;8;0.0
41;120;1;0.0
41;120;2;0.0
41;120;3;0.0
41;120;4;0.0
41;120;5;0.0
41;120;6;0.0
41;120;7;0.0
41;120;8;0.0
42;120;1;0.0
42;120;2;0.0
42;120;3;0.0
42;120;4;0.0
42;120;5;0.0
42;120;6;0.0
42;120;7;0.0
42;120;8;0.0
43;120;1;0.0
43;120;2;0.0
43;120;3;0.0
43;120;4;0.0
43;120;5;0.0
43;120;6;0.0
43;120;7;0.0
43;120;8;0.0
44;120;1;0.0
44;120;2;0.0
44;120;3;0.0
44;120;4;0.0
44;120;5;0.0
44;120;6;0.0
44;120;7;0.0
44;120;8;0.0
45;120;1;0.0
45;120;2;0.0
45;120;3;0.0
45;120;4;0.0
45;120;5;0.0
45;120;6;0.0
45;120;7;0.0
45;120;8;0.0
46;120;1;0.0
46;120;2;0.0
46;120;3;0.0
46;120;4;0.0
46;120;5;0.0
46;120;6;0.0
46;120;7;0.0
46;120;8;0.0
47;120;1;-6.817486931644452e-17
47;120;2;-6.817486931644452e-17
47;120;3;-2.1940444899913387e-16
47;120;4;-5.989696031087544e-13
47;120;5;-6.817486931644452e-17
47;120;6;-6.817486931644452e-17
47;120;7;-6.817486931644452e-17
47;120;8;-6.817486931644452e-17
48;120;1;0.0
48;120;2;0.0
48;120;3;0.0
48;120;4;0.0
48;120;5;0.0
48;120;6;0.0
48;120;7;0.0
48;120;8;0.0
49;120;1;0.0
49;120;2;0.0
49;120;3;0.0
49;120;4;0.0
49;120;5;0.0
49;120;6;0.0
49;120;7;0.0
49;120;8;0.0
50;120;1;0.0
50;120;2;0.0
50;120;3;0.0
50;120;4;0.0
50;120;5;0.0
50;120;6;0.0
50;120;7;0.0
50;120;8;0.0
51;120;1;0.0
51;120;2;0.0
51;120;3;0.0
51;120;4;0.0
51;120;5;0.0
51;120;6;0.0
51;120;7;0.0
51;120;8;0.0
52;120;1;0.0
52;120;2;0.0
52;120;3;0.0
52;120;4;-2.9034181877895475e-13
52;120;5;0.0
52;120;6;0.0
52;120;7;0.0
52;120;8;0.0
53;120;1;0.0
53;120;2;0.0
53;120;3;0.0
53;120;4;0.0
53;120;5;0.0
53;120;6;0.0
53;120;7;0.0
53;120;8;0.0
54;120;1;0.0
54;120;2;0.0
54;120;3;0.0
54;120;4;2.099653784171096e-12
54;120;5;0.0
54;120;6;0.0
54;120;7;0.0
54;120;8;0.0
55;120;1;0.0
55;120;2;0.0
55;120;3;0.0
55;120;4;0.0
55;120;5;0.0
55;120;6;0.0
55;120;7;0.0
55;120;8;0.0
56;120;1;0.0
56;120;2;0.0
56;120;3;0.0
56;120;4;0.0
56;120;5;0.0
56;120;6;0.0
56;120;7;0.0
56;120;8;0.0
57;120;1;0.0
57;120;2;0.0
57;120;3;0.0
57;120;4;0.0
57;120;5;0.0
57;120;6;0.0
57;120;7;0.0
57;120;8;0.0
58;120;1;0.0
58;120;2;0.0
58;120;3;0.0
58;120;4;0.0
58;120;5;0.0
58;120;6;0.0
58;120;7;0.0
58;120;8;0.0
59;120;1;0.0
59;120;2;0.0
59;120;3;0.0
59;120;4;0.0
59;120;5;0.0
59;120;6;0.0
59;120;7;0.0
59;120;8;0.0
1;121;1;0.0
1;121;2;0.0
1;121;3;0.0
1;121;4;0.0
1;121;5;0.0
1;121;6;0.0
1;121;7;0.0
1;121;8;0.0
2;121;1;0.0
2;121;2;0.0
2;121;3;0.0
2;121;4;0.0
2;121;5;0.0
2;121;6;0.0
2;121;7;0.0
2;121;8;0.0
3;121;1;0.0
3;121;2;0.0
3;121;3;0.0
3;121;4;0.0
3;121;5;0.0
3;121;6;0.0
3;121;7;0.0
3;121;8;0.0
4;121;1;0.0
4;121;2;0.0
4;121;3;0.0
4;121;4;0.0
4;121;5;0.0
4;121;6;0.0
4;121;7;0.0
4;121;8;0.0
5;121;1;0.0
5;121;2;0.0
5;121;3;0.0
5;121;4;0.0
5;121;5;0.0
5;121;6;0.0
5;121;7;0.0
5;121;8;0.0
6;121;1;0.0
6;121;2;0.0
6;121;3;0.0
6;121;4;0.0
6;121;5;0.0
6;121;6;0.0
6;121;7;0.0
6;121;8;0.0
7;121;1;0.0
7;121;2;0.0
7;121;3;0.0
7;121;4;0.0
7;121;5;0.0
7;121;6;0.0
7;121;7;0.0
7;121;8;0.0
8;121;1;0.0
8;121;2;0.0
8;121;3;0.0
8;121;4;0.0
8;121;5;0.0
8;121;6;0.0
8;121;7;0.0
8;121;8;0.0
9;121;1;0.0
9;121;2;0.0
9;121;3;0.0
9;121;4;0.0
9;121;5;0.0
9;121;6;0.0
9;121;7;0.0
9;121;8;0.0
10;121;1;0.0
10;121;2;0.0
10;121;3;0.0
10;121;4;0.0
10;121;5;0.0
10;121;6;0.0
10;121;7;0.0
10;121;8;0.0
11;121;1;0.0
11;121;2;0.0
11;121;3;0.0
11;121;4;0.0
11;121;5;0.0
11;121;6;0.0
11;121;7;0.0
11;121;8;0.0
12;121;1;0.0
12;121;2;0.0
12;121;3;0.0
12;121;4;0.0
12;121;5;0.0
12;121;6;0.0
12;121;7;0.0
12;121;8;0.0
13;121;1;0.0
13;121;2;0.0
13;121;3;0.0
13;121;4;0.0
13;121;5;0.0
13;121;6;0.0
13;121;7;0.0
13;121;8;0.0
14;121;1;0.0
14;121;2;0.0
14;121;3;0.0
14;121;4;0.0
14;121;5;0.0
14;121;6;0.0
14;121;7;0.0
14;121;8;0.0
15;121;1;0.0
15;121;2;0.0
15;121;3;0.0
15;121;4;0.0
15;121;5;0.0
15;121;6;0.0
15;121;7;0.0
15;121;8;0.0
16;121;1;0.0
16;121;2;0.0
16;121;3;0.0
16;121;4;0.0
16;121;5;0.0
16;121;6;0.0
16;121;7;0.0
16;121;8;0.0
17;121;1;0.0
17;121;2;0.0
17;121;3;0.0
17;121;4;-0.9999999996412707
17;121;5;0.0
17;121;6;0.0
17;121;7;0.0
17;121;8;0.0
18;121;1;0.0
18;121;2;0.0
18;121;3;0.0
18;121;4;0.0
18;121;5;0.0
18;121;6;0.0
18;121;7;0.0
18;121;8;0.0
19;121;1;0.0
19;121;2;0.0
19;121;3;0.0
19;121;4;0.0
19;121;5;0.0
19;121;6;0.0
19;121;7;0.0
19;121;8;0.0
20;121;1;0.0
20;121;2;0.0
20;121;3;0.0
20;121;4;0.0
20;121;5;0.0
20;121;6;0.0
20;121;7;0.0
20;121;8;0.0
21;121;1;0.0
21;121;2;0.0
21;121;3;0.0
21;121;4;-2.651840407804709e-13
21;121;5;0.0
21;121;6;0.0
21;121;7;0.0
21;121;8;0.0
22;121;1;0.0
22;121;2;0.0
22;121;3;0.0
22;121;4;-5.062616992290714e-14
22;121;5;0.0
22;121;6;0.0
22;121;7;0.0
22;121;8;0.0
23;121;1;0.0
23;121;2;0.0
23;121;3;0.0
23;121;4;0.0
23;121;5;0.0
23;121;6;0.0
23;121;7;0.0
23;121;8;0.0
24;121;1;0.0
24;121;2;0.0
24;121;3;0.0
24;121;4;0.0
24;121;5;0.0
24;121;6;0.0
24;121;7;0.0
24;121;8;0.0
25;121;1;0.0
25;121;2;0.0
25;121;3;0.0
25;121;4;0.0
25;121;5;0.0
25;121;6;0.0
25;121;7;0.0
25;121;8;0.0
26;121;1;0.0
26;121;2;0.0
26;121;3;0.0
26;121;4;0.0
26;121;5;0.0
26;121;6;0.0
26;121;7;0.0
26;121;8;0.0
27;121;1;0.0
27;121;2;0.0
27;121;3;0.0
27;121;4;0.0
27;121;5;0.0
27;121;6;0.0
27;121;7;0.0
27;121;8;0.0
28;121;1;0.0
28;121;2;0.0
28;121;3;0.0
28;121;4;0.0
28;121;5;0.0
28;121;6;0.0
28;121;7;0.0
28;121;8;0.0
29;121;1;0.0
29;121;2;0.0
29;121;3;0.0
29;121;4;0.0
29;121;5;0.0
29;121;6;0.0
29;121;7;0.0
29;121;8;0.0
30;121;1;0.0
30;121;2;0.0
30;121;3;0.0
30;121;4;0.0
30;121;5;0.0
30;121;6;0.0
30;121;7;0.0
30;121;8;0.0
31;121;1;0.0
31;121;2;0.0
31;121;3;0.0
31;121;4;0.0
31;121;5;0.0
31;121;6;0.0
31;121;7;0.0
31;121;8;0.0
32;121;1;0.0
32;121;2;0.0
32;121;3;0.0
32;121;4;0.0
32;121;5;0.0
32;121;6;0.0
32;121;7;0.0
32;121;8;0.0
33;121;1;0.0
33;121;2;0.0
33;121;3;0.0
33;121;4;0.0
33;121;5;0.0
33;121;6;0.0
33;121;7;0.0
33;121;8;0.0
34;121;1;0.0
34;121;2;0.0
34;121;3;0.0
34;121;4;0.0
34;121;5;0.0
34;121;6;0.0
34;121;7;0.0
34;121;8;0.0
35;121;1;0.0
35;121;2;0.0
35;121;3;0.0
35;121;4;0.0
35;121;5;0.0
35;121;6;0.0
35;121;7;0.0
35;121;8;0.0
36;121;1;0.0
36;121;2;0.0
36;121;3;0.0
36;121;4;0.0
36;121;5;0.0
36;121;6;0.0
36;121;7;0.0
36;121;8;0.0
37;121;1;0.0
37;121;2;0.0
37;121;3;0.0
37;121;4;0.0
37;121;5;0.0
37;121;6;0.0
37;121;7;0.0
37;121;8;0.0
38;121;1;0.0
38;121;2;0.0
38;121;3;0.0
38;121;4;0.0
38;121;5;0.0
38;121;6;0.0
38;121;7;0.0
38;121;8;0.0
39;121;1;0.0
39;121;2;0.0
39;121;3;0.0
39;121;4;0.0
39;121;5;0.0
39;121;6;0.0
39;121;7;0.0
39;121;8;0.0
40;121;1;0.0
40;121;2;0.0
40;121;3;0.0
40;121;4;0.0
40;121;5;0.0
40;121;6;0.0
40;121;7;0.0
40;121;8;0.0
41;121;1;0.0
41;121;2;0.0
41;121;3;0.0
41;121;4;0.0
41;121;5;0.0
41;121;6;0.0
41;121;7;0.0
41;121;8;0.0
42;121;1;0.0
42;121;2;0.0
42;121;3;0.0
42;121;4;0.0
42;121;5;0.0
42;121;6;0.0
42;121;7;0.0
42;121;8;0.0
43;121;1;0.0
43;121;2;0.0
43;121;3;0.0
43;121;4;0.0
43;121;5;0.0
43;121;6;0.0
43;121;7;0.0
43;121;8;0.0
44;121;1;0.0
44;121;2;0.0
44;121;3;0.0
44;121;4;0.0
44;121;5;0.0
44;121;6;0.0
44;121;7;0.0
44;121;8;0.0
45;121;1;0.0
45;121;2;0.0
45;121;3;0.0
45;121;4;0.0
45;121;5;0.0
45;121;6;0.0
45;121;7;0.0
45;121;8;0.0
46;121;1;0.0
46;121;2;0.0
46;121;3;0.0
46;121;4;0.0
46;121;5;0.0
46;121;6;0.0
46;121;7;0.0
46;121;8;0.0
47;121;1;0.0
47;121;2;0.0
47;121;3;0.0
47;121;4;-3.5818120501675825e-10
47;121;5;0.0
47;121;6;0.0
47;121;7;0.0
47;121;8;0.0
48;121;1;0.0
48;121;2;0.0
48;121;3;0.0
48;121;4;0.0
48;121;5;0.0
48;121;6;0.0
48;121;7;0.0
48;121;8;0.0
49;121;1;0.0
49;121;2;0.0
49;121;3;0.0
49;121;4;0.0
49;121;5;0.0
49;121;6;0.0
49;121;7;0.0
49;121;8;0.0
50;121;1;0.0
50;121;2;0.0
50;121;3;0.0
50;121;4;0.0
50;121;5;0.0
50;121;6;0.0
50;121;7;0.0
50;121;8;0.0
51;121;1;0.0
51;121;2;0.0
51;121;3;0.0
51;121;4;0.0
51;121;5;0.0
51;121;6;0.0
51;121;7;0.0
51;121;8;0.0
52;121;1;0.0
52;121;2;0.0
52;121;3;0.0
52;121;4;-1.6151821145423497e-13
52;121;5;0.0
52;121;6;0.0
52;121;7;0.0
52;121;8;0.0
53;121;1;0.0
53;121;2;0.0
53;121;3;0.0
53;121;4;0.0
53;121;5;0.0
53;121;6;0.0
53;121;7;0.0
53;121;8;0.0
54;121;1;0.0
54;121;2;0.0
54;121;3;0.0
54;121;4;-9.320562160006277e-15
54;121;5;0.0
54;121;6;0.0
54;121;7;0.0
54;121;8;0.0
55;121;1;0.0
55;121;2;0.0
55;121;3;0.0
55;121;4;0.0
55;121;5;0.0
55;121;6;0.0
55;121;7;0.0
55;121;8;0.0
56;121;1;0.0
56;121;2;0.0
56;121;3;0.0
56;121;4;0.0
56;121;5;0.0
56;121;6;0.0
56;121;7;0.0
56;121;8;0.0
57;121;1;0.0
57;121;2;0.0
57;121;3;0.0
57;121;4;0.0
57;121;5;0.0
57;121;6;0.0
57;121;7;0.0
57;121;8;0.0
58;121;1;0.0
58;121;2;0.0
58;121;3;0.0
58;121;4;0.0
58;121;5;0.0
58;121;6;0.0
58;121;7;0.0
58;121;8;0.0
59;121;1;0.0
59;121;2;0.0
59;121;3;0.0
59;121;4;0.0
59;121;5;0.0
59;121;6;0.0
59;121;7;0.0
59;121;8;0.0
1;122;1;0.0
1;122;2;0.0
1;122;3;0.0
1;122;4;0.0
1;122;5;0.0
1;122;6;0.0
1;122;7;0.0
1;122;8;0.0
2;122;1;0.0
2;122;2;0.0
2;122;3;0.0
2;122;4;0.0
2;122;5;0.0
2;122;6;0.0
2;122;7;0.0
2;122;8;0.0
3;122;1;0.0
3;122;2;0.0
3;122;3;0.0
3;122;4;0.0
3;122;5;0.0
3;122;6;0.0
3;122;7;0.0
3;122;8;0.0
4;122;1;0.0
4;122;2;0.0
4;122;3;0.0
4;122;4;0.0
4;122;5;0.0
4;122;6;0.0
4;122;7;0.0
4;122;8;0.0
5;122;1;0.0
5;122;2;0.0
5;122;3;0.0
5;122;4;0.0
5;122;5;0.0
5;122;6;0.0
5;122;7;0.0
5;122;8;0.0
6;122;1;0.0
6;122;2;0.0
6;122;3;0.0
6;122;4;0.0
6;122;5;0.0
6;122;6;0.0
6;122;7;0.0
6;122;8;0.0
7;122;1;0.0
7;122;2;0.0
7;122;3;0.0
7;122;4;0.0
7;122;5;0.0
7;122;6;0.0
7;122;7;0.0
7;122;8;0.0
8;122;1;0.0
8;122;2;0.0
8;122;3;0.0
8;122;4;0.0
8;122;5;0.0
8;122;6;0.0
8;122;7;0.0
8;122;8;0.0
9;122;1;0.0
9;122;2;0.0
9;122;3;0.0
9;122;4;0.0
9;122;5;0.0
9;122;6;0.0
9;122;7;0.0
9;122;8;0.0
10;122;1;0.0
10;122;2;0.0
10;122;3;0.0
10;122;4;0.0
10;122;5;0.0
10;122;6;0.0
10;122;7;0.0
10;122;8;0.0
11;122;1;0.0
11;122;2;0.0
11;122;3;0.0
11;122;4;0.0
11;122;5;0.0
11;122;6;0.0
11;122;7;0.0
11;122;8;0.0
12;122;1;0.0
12;122;2;0.0
12;122;3;0.0
12;122;4;0.0
12;122;5;0.0
12;122;6;0.0
12;122;7;0.0
12;122;8;0.0
13;122;1;0.0
13;122;2;0.0
13;122;3;0.0
13;122;4;0.0
13;122;5;0.0
13;122;6;0.0
13;122;7;0.0
13;122;8;0.0
14;122;1;0.0
14;122;2;0.0
14;122;3;0.0
14;122;4;0.0
14;122;5;0.0
14;122;6;0.0
14;122;7;0.0
14;122;8;0.0
15;122;1;0.0
15;122;2;0.0
15;122;3;0.0
15;122;4;0.0
15;122;5;0.0
15;122;6;0.0
15;122;7;0.0
15;122;8;0.0
16;122;1;0.0
16;122;2;0.0
16;122;3;0.0
16;122;4;0.0
16;122;5;0.0
16;122;6;0.0
16;122;7;0.0
16;122;8;0.0
17;122;1;0.0
17;122;2;0.0
17;122;3;0.0
17;122;4;-0.9999999973634935
17;122;5;0.0
17;122;6;0.0
17;122;7;0.0
17;122;8;0.0
18;122;1;0.0
18;122;2;0.0
18;122;3;0.0
18;122;4;0.0
18;122;5;0.0
18;122;6;0.0
18;122;7;0.0
18;122;8;0.0
19;122;1;0.0
19;122;2;0.0
19;122;3;0.0
19;122;4;0.0
19;122;5;0.0
19;122;6;0.0
19;122;7;0.0
19;122;8;0.0
20;122;1;0.0
20;122;2;0.0
20;122;3;0.0
20;122;4;0.0
20;122;5;0.0
20;122;6;0.0
20;122;7;0.0
20;122;8;0.0
21;122;1;0.0
21;122;2;0.0
21;122;3;0.0
21;122;4;-3.274311925552491e-13
21;122;5;0.0
21;122;6;0.0
21;122;7;0.0
21;122;8;0.0
22;122;1;-1.9534174385432174e-17
22;122;2;-1.9534174385432174e-17
22;122;3;0.0
22;122;4;-5.1514348342607263e-14
22;122;5;-1.9534174385432174e-17
22;122;6;-1.9534174385432174e-17
22;122;7;-1.9534174385432174e-17
22;122;8;-1.9534174385432174e-17
23;122;1;0.0
23;122;2;0.0
23;122;3;0.0
23;122;4;0.0
23;122;5;0.0
23;122;6;0.0
23;122;7;0.0
23;122;8;0.0
24;122;1;0.0
24;122;2;0.0
24;122;3;0.0
24;122;4;0.0
24;122;5;0.0
24;122;6;0.0
24;122;7;0.0
24;122;8;0.0
25;122;1;0.0
25;122;2;0.0
25;122;3;0.0
25;122;4;0.0
25;122;5;0.0
25;122;6;0.0
25;122;7;0.0
25;122;8;0.0
26;122;1;0.0
26;122;2;0.0
26;122;3;0.0
26;122;4;0.0
26;122;5;0.0
26;122;6;0.0
26;122;7;0.0
26;122;8;0.0
27;122;1;0.0
27;122;2;0.0
27;122;3;0.0
27;122;4;0.0
27;122;5;0.0
27;122;6;0.0
27;122;7;0.0
27;122;8;0.0
28;122;1;0.0
28;122;2;0.0
28;122;3;0.0
28;122;4;0.0
28;122;5;0.0
28;122;6;0.0
28;122;7;0.0
28;122;8;0.0
29;122;1;0.0
29;122;2;0.0
29;122;3;0.0
29;122;4;0.0
29;122;5;0.0
29;122;6;0.0
29;122;7;0.0
29;122;8;0.0
30;122;1;0.0
30;122;2;0.0
30;122;3;0.0
30;122;4;0.0
30;122;5;0.0
30;122;6;0.0
30;122;7;0.0
30;122;8;0.0
31;122;1;0.0
31;122;2;0.0
31;122;3;0.0
31;122;4;0.0
31;122;5;0.0
31;122;6;0.0
31;122;7;0.0
31;122;8;0.0
32;122;1;0.0
32;122;2;0.0
32;122;3;0.0
32;122;4;0.0
32;122;5;0.0
32;122;6;0.0
32;122;7;0.0
32;122;8;0.0
33;122;1;0.0
33;122;2;0.0
33;122;3;0.0
33;122;4;0.0
33;122;5;0.0
33;122;6;0.0
33;122;7;0.0
33;122;8;0.0
34;122;1;0.0
34;122;2;0.0
34;122;3;0.0
34;122;4;0.0
34;122;5;0.0
34;122;6;0.0
34;122;7;0.0
34;122;8;0.0
35;122;1;0.0
35;122;2;0.0
35;122;3;0.0
35;122;4;0.0
35;122;5;0.0
35;122;6;0.0
35;122;7;0.0
35;122;8;0.0
36;122;1;0.0
36;122;2;0.0
36;122;3;0.0
36;122;4;0.0
36;122;5;0.0
36;122;6;0.0
36;122;7;0.0
36;122;8;0.0
37;122;1;0.0
37;122;2;0.0
37;122;3;0.0
37;122;4;0.0
37;122;5;0.0
37;122;6;0.0
37;122;7;0.0
37;122;8;0.0
38;122;1;0.0
38;122;2;0.0
38;122;3;0.0
38;122;4;0.0
38;122;5;0.0
38;122;6;0.0
38;122;7;0.0
38;122;8;0.0
39;122;1;0.0
39;122;2;0.0
39;122;3;0.0
39;122;4;0.0
39;122;5;0.0
39;122;6;0.0
39;122;7;0.0
39;122;8;0.0
40;122;1;0.0
40;122;2;0.0
40;122;3;0.0
40;122;4;0.0
40;122;5;0.0
40;122;6;0.0
40;122;7;0.0
40;122;8;0.0
41;122;1;0.0
41;122;2;0.0
41;122;3;0.0
41;122;4;0.0
41;122;5;0.0
41;122;6;0.0
41;122;7;0.0
41;122;8;0.0
42;122;1;0.0
42;122;2;0.0
42;122;3;0.0
42;122;4;0.0
42;122;5;0.0
42;122;6;0.0
42;122;7;0.0
42;122;8;0.0
43;122;1;0.0
43;122;2;0.0
43;122;3;0.0
43;122;4;0.0
43;122;5;0.0
43;122;6;0.0
43;122;7;0.0
43;122;8;0.0
44;122;1;0.0
44;122;2;0.0
44;122;3;0.0
44;122;4;0.0
44;122;5;0.0
44;122;6;0.0
44;122;7;0.0
44;122;8;0.0
45;122;1;0.0
45;122;2;0.0
45;122;3;0.0
45;122;4;0.0
45;122;5;0.0
45;122;6;0.0
45;122;7;0.0
45;122;8;0.0
46;122;1;0.0
46;122;2;0.0
46;122;3;0.0
46;122;4;0.0
46;122;5;0.0
46;122;6;0.0
46;122;7;0.0
46;122;8;0.0
47;122;1;0.0
47;122;2;0.0
47;122;3;0.0
47;122;4;-2.6326591270055776e-09
47;122;5;0.0
47;122;6;0.0
47;122;7;0.0
47;122;8;0.0
48;122;1;0.0
48;122;2;0.0
48;122;3;0.0
48;122;4;0.0
48;122;5;0.0
48;122;6;0.0
48;122;7;0.0
48;122;8;0.0
49;122;1;0.0
49;122;2;0.0
49;122;3;0.0
49;122;4;0.0
49;122;5;0.0
49;122;6;0.0
49;122;7;0.0
49;122;8;0.0
50;122;1;0.0
50;122;2;0.0
50;122;3;0.0
50;122;4;0.0
50;122;5;0.0
50;122;6;0.0
50;122;7;0.0
50;122;8;0.0
51;122;1;0.0
51;122;2;0.0
51;122;3;0.0
51;122;4;0.0
51;122;5;0.0
51;122;6;0.0
51;122;7;0.0
51;122;8;0.0
52;122;1;0.0
52;122;2;0.0
52;122;3;0.0
52;122;4;-3.187920356536873e-13
52;122;5;0.0
52;122;6;0.0
52;122;7;0.0
52;122;8;0.0
53;122;1;0.0
53;122;2;0.0
53;122;3;0.0
53;122;4;0.0
53;122;5;0.0
53;122;6;0.0
53;122;7;0.0
53;122;8;0.0
54;122;1;0.0
54;122;2;0.0
54;122;3;0.0
54;122;4;-8.730192415799692e-15
54;122;5;0.0
54;122;6;0.0
54;122;7;0.0
54;122;8;0.0
55;122;1;0.0
55;122;2;0.0
55;122;3;0.0
55;122;4;0.0
55;122;5;0.0
55;122;6;0.0
55;122;7;0.0
55;122;8;0.0
56;122;1;0.0
56;122;2;0.0
56;122;3;0.0
56;122;4;0.0
56;122;5;0.0
56;122;6;0.0
56;122;7;0.0
56;122;8;0.0
57;122;1;0.0
57;122;2;0.0
57;122;3;0.0
57;122;4;0.0
57;122;5;0.0
57;122;6;0.0
57;122;7;0.0
57;122;8;0.0
58;122;1;0.0
58;122;2;0.0
58;122;3;0.0
58;122;4;0.0
58;122;5;0.0
58;122;6;0.0
58;122;7;0.0
58;122;8;0.0
59;122;1;0.0
59;122;2;0.0
59;122;3;0.0
59;122;4;0.0
59;122;5;0.0
59;122;6;0.0
59;122;7;0.0
59;122;8;0.0
1;123;1;0.0
1;123;2;0.0
1;123;3;0.0
1;123;4;0.0
1;123;5;0.0
1;123;6;0.0
1;123;7;0.0
1;123;8;0.0
2;123;1;0.0
2;123;2;0.0
2;123;3;0.0
2;123;4;0.0
2;123;5;0.0
2;123;6;0.0
2;123;7;0.0
2;123;8;0.0
3;123;1;0.0
3;123;2;0.0
3;123;3;0.0
3;123;4;0.0
3;123;5;0.0
3;123;6;0.0
3;123;7;0.0
3;123;8;0.0
4;123;1;0.0
4;123;2;0.0
4;123;3;0.0
4;123;4;0.0
4;123;5;0.0
4;123;6;0.0
4;123;7;0.0
4;123;8;0.0
5;123;1;0.0
5;123;2;0.0
5;123;3;0.0
5;123;4;0.0
5;123;5;0.0
5;123;6;0.0
5;123;7;0.0
5;123;8;0.0
6;123;1;0.0
6;123;2;0.0
6;123;3;0.0
6;123;4;0.0
6;123;5;0.0
6;123;6;0.0
6;123;7;0.0
6;123;8;0.0
7;123;1;0.0
7;123;2;0.0
7;123;3;0.0
7;123;4;0.0
7;123;5;0.0
7;123;6;0.0
7;123;7;0.0
7;123;8;0.0
8;123;1;0.0
8;123;2;0.0
8;123;3;0.0
8;123;4;0.0
8;123;5;0.0
8;123;6;0.0
8;123;7;0.0
8;123;8;0.0
9;123;1;0.0
9;123;2;0.0
9;123;3;0.0
9;123;4;0.0
9;123;5;0.0
9;123;6;0.0
9;123;7;0.0
9;123;8;0.0
10;123;1;0.0
10;123;2;0.0
10;123;3;0.0
10;123;4;0.0
10;123;5;0.0
10;123;6;0.0
10;123;7;0.0
10;123;8;0.0
11;123;1;0.0
11;123;2;0.0
11;123;3;0.0
11;123;4;0.0
11;123;5;0.0
11;123;6;0.0
11;123;7;0.0
11;123;8;0.0
12;123;1;0.0
12;123;2;0.0
12;123;3;0.0
12;123;4;0.0
12;123;5;0.0
12;123;6;0.0
12;123;7;0.0
12;123;8;0.0
13;123;1;0.0
13;123;2;0.0
13;123;3;0.0
13;123;4;0.0
13;123;5;0.0
13;123;6;0.0
13;123;7;0.0
13;123;8;0.0
14;123;1;0.0
14;123;2;0.0
14;123;3;0.0
14;123;4;0.0
14;123;5;0.0
14;123;6;0.0
14;123;7;0.0
14;123;8;0.0
15;123;1;0.0
15;123;2;0.0
15;123;3;0.0
15;123;4;0.0
15;123;5;0.0
15;123;6;0.0
15;123;7;0.0
15;123;8;0.0
16;123;1;0.0
16;123;2;0.0
16;123;3;0.0
16;123;4;0.0
16;123;5;0.0
16;123;6;0.0
16;123;7;0.0
16;123;8;0.0
17;123;1;-9.58882339404529e-18
17;123;2;-9.58882339404529e-18
17;123;3;-3.650141917769873e-17
17;123;4;-0.9999999974399112
17;123;5;-9.58882339404529e-18
17;123;6;-9.58882339404529e-18
17;123;7;-9.58882339404529e-18
17;123;8;-9.58882339404529e-18
18;123;1;0.0
18;123;2;0.0
18;123;3;0.0
18;123;4;0.0
18;123;5;0.0
18;123;6;0.0
18;123;7;0.0
18;123;8;0.0
19;123;1;0.0
19;123;2;0.0
19;123;3;0.0
19;123;4;0.0
19;123;5;0.0
19;123;6;0.0
19;123;7;0.0
19;123;8;0.0
20;123;1;0.0
20;123;2;0.0
20;123;3;-2.921739099274495e-17
20;123;4;0.0
20;123;5;0.0
20;123;6;0.0
20;123;7;0.0
20;123;8;0.0
21;123;1;-1.1121459357477333e-17
21;123;2;-1.1121459357477333e-17
21;123;3;-3.507813091030142e-17
21;123;4;-2.943536812049273e-13
21;123;5;-1.1121459357477333e-17
21;123;6;-1.1121459357477333e-17
21;123;7;-1.1121459357477333e-17
21;123;8;-1.1121459357477333e-17
22;123;1;-2.4975110987595435e-17
22;123;2;-2.4975110987595435e-17
22;123;3;-9.948831195352871e-17
22;123;4;-4.796163466380676e-14
22;123;5;-2.4975110987595435e-17
22;123;6;-2.4975110987595435e-17
22;123;7;-2.4975110987595435e-17
22;123;8;-2.4975110987595435e-17
23;123;1;0.0
23;123;2;0.0
23;123;3;0.0
23;123;4;0.0
23;123;5;0.0
23;123;6;0.0
23;123;7;0.0
23;123;8;0.0
24;123;1;0.0
24;123;2;0.0
24;123;3;0.0
24;123;4;0.0
24;123;5;0.0
24;123;6;0.0
24;123;7;0.0
24;123;8;0.0
25;123;1;0.0
25;123;2;0.0
25;123;3;0.0
25;123;4;0.0
25;123;5;0.0
25;123;6;0.0
25;123;7;0.0
25;123;8;0.0
26;123;1;0.0
26;123;2;0.0
26;123;3;0.0
26;123;4;0.0
26;123;5;0.0
26;123;6;0.0
26;123;7;0.0
26;123;8;0.0
27;123;1;0.0
27;123;2;0.0
27;123;3;0.0
27;123;4;0.0
27;123;5;0.0
27;123;6;0.0
27;123;7;0.0
27;123;8;0.0
28;123;1;0.0
28;123;2;0.0
28;123;3;0.0
28;123;4;0.0
28;123;5;0.0
28;123;6;0.0
28;123;7;0.0
28;123;8;0.0
29;123;1;0.0
29;123;2;0.0
29;123;3;0.0
29;123;4;0.0
29;123;5;0.0
29;123;6;0.0
29;123;7;0.0
29;123;8;0.0
30;123;1;0.0
30;123;2;0.0
30;123;3;0.0
30;123;4;0.0
30;123;5;0.0
30;123;6;0.0
30;123;7;0.0
30;123;8;0.0
31;123;1;0.0
31;123;2;0.0
31;123;3;0.0
31;123;4;0.0
31;123;5;0.0
31;123;6;0.0
31;123;7;0.0
31;123;8;0.0
32;123;1;0.0
32;123;2;0.0
32;123;3;0.0
32;123;4;0.0
32;123;5;0.0
32;123;6;0.0
32;123;7;0.0
32;123;8;0.0
33;123;1;0.0
33;123;2;0.0
33;123;3;0.0
33;123;4;0.0
33;123;5;0.0
33;123;6;0.0
33;123;7;0.0
33;123;8;0.0
34;123;1;0.0
34;123;2;0.0
34;123;3;0.0
34;123;4;0.0
34;123;5;0.0
34;123;6;0.0
34;123;7;0.0
34;123;8;0.0
35;123;1;0.0
35;123;2;0.0
35;123;3;0.0
35;123;4;0.0
35;123;5;0.0
35;123;6;0.0
35;123;7;0.0
35;123;8;0.0
36;123;1;0.0
36;123;2;0.0
36;123;3;0.0
36;123;4;0.0
36;123;5;0.0
36;123;6;0.0
36;123;7;0.0
36;123;8;0.0
37;123;1;0.0
37;123;2;0.0
37;123;3;0.0
37;123;4;0.0
37;123;5;0.0
37;123;6;0.0
37;123;7;0.0
37;123;8;0.0
38;123;1;0.0
38;123;2;0.0
38;123;3;0.0
38;123;4;0.0
38;123;5;0.0
38;123;6;0.0
38;123;7;0.0
38;123;8;0.0
39;123;1;0.0
39;123;2;0.0
39;123;3;0.0
39;123;4;0.0
39;123;5;0.0
39;123;6;0.0
39;123;7;0.0
39;123;8;0.0
40;123;1;0.0
40;123;2;0.0
40;123;3;0.0
40;123;4;0.0
40;123;5;0.0
40;123;6;0.0
40;123;7;0.0
40;123;8;0.0
41;123;1;0.0
41;123;2;0.0
41;123;3;0.0
41;123;4;0.0
41;123;5;0.0
41;123;6;0.0
41;123;7;0.0
41;123;8;0.0
42;123;1;0.0
42;123;2;0.0
42;123;3;0.0
42;123;4;0.0
42;123;5;0.0
42;123;6;0.0
42;123;7;0.0
42;123;8;0.0
43;123;1;0.0
43;123;2;0.0
43;123;3;0.0
43;123;4;0.0
43;123;5;0.0
43;123;6;0.0
43;123;7;0.0
43;123;8;0.0
44;123;1;0.0
44;123;2;0.0
44;123;3;0.0
44;123;4;0.0
44;123;5;0.0
44;123;6;0.0
44;123;7;0.0
44;123;8;0.0
45;123;1;0.0
45;123;2;0.0
45;123;3;0.0
45;123;4;0.0
45;123;5;0.0
45;123;6;0.0
45;123;7;0.0
45;123;8;0.0
46;123;1;0.0
46;123;2;0.0
46;123;3;0.0
46;123;4;0.0
46;123;5;0.0
46;123;6;0.0
46;123;7;0.0
46;123;8;0.0
47;123;1;-1.746653000484331e-17
47;123;2;-1.746653000484331e-17
47;123;3;-8.34607556781528e-17
47;123;4;-2.5534966306656426e-09
47;123;5;-1.746653000484331e-17
47;123;6;-1.746653000484331e-17
47;123;7;-1.746653000484331e-17
47;123;8;-1.746653000484331e-17
48;123;1;0.0
48;123;2;0.0
48;123;3;0.0
48;123;4;0.0
48;123;5;0.0
48;123;6;0.0
48;123;7;0.0
48;123;8;0.0
49;123;1;0.0
49;123;2;0.0
49;123;3;0.0
49;123;4;0.0
49;123;5;0.0
49;123;6;0.0
49;123;7;0.0
49;123;8;0.0
50;123;1;0.0
50;123;2;0.0
50;123;3;0.0
50;123;4;0.0
50;123;5;0.0
50;123;6;0.0
50;123;7;0.0
50;123;8;0.0
51;123;1;0.0
51;123;2;0.0
51;123;3;0.0
51;123;4;0.0
51;123;5;0.0
51;123;6;0.0
51;123;7;0.0
51;123;8;0.0
52;123;1;0.0
52;123;2;0.0
52;123;3;0.0
52;123;4;-3.2241489535892227e-13
52;123;5;0.0
52;123;6;0.0
52;123;7;0.0
52;123;8;0.0
53;123;1;0.0
53;123;2;0.0
53;123;3;0.0
53;123;4;0.0
53;123;5;0.0
53;123;6;0.0
53;123;7;0.0
53;123;8;0.0
54;123;1;0.0
54;123;2;0.0
54;123;3;0.0
54;123;4;-8.236935659253962e-15
54;123;5;0.0
54;123;6;0.0
54;123;7;0.0
54;123;8;0.0
55;123;1;0.0
55;123;2;0.0
55;123;3;0.0
55;123;4;0.0
55;123;5;0.0
55;123;6;0.0
55;123;7;0.0
55;123;8;0.0
56;123;1;0.0
56;123;2;0.0
56;123;3;0.0
56;123;4;0.0
56;123;5;0.0
56;123;6;0.0
56;123;7;0.0
56;123;8;0.0
57;123;1;0.0
57;123;2;0.0
57;123;3;0.0
57;123;4;0.0
57;123;5;0.0
57;123;6;0.0
57;123;7;0.0
57;123;8;0.0
58;123;1;0.0
58;123;2;0.0
58;123;3;0.0
58;123;4;0.0
58;123;5;0.0
58;123;6;0.0
58;123;7;0.0
58;123;8;0.0
59;123;1;0.0
59;123;2;0.0
59;123;3;0.0
59;123;4;0.0
59;123;5;0.0
59;123;6;0.0
59;123;7;0.0
59;123;8;0.0
1;124;1;0.0
1;124;2;0.0
1;124;3;0.0
1;124;4;0.0
1;124;5;0.0
1;124;6;0.0
1;124;7;0.0
1;124;8;0.0
2;124;1;0.0
2;124;2;0.0
2;124;3;0.0
2;124;4;0.0
2;124;5;0.0
2;124;6;0.0
2;124;7;0.0
2;124;8;0.0
3;124;1;0.0
3;124;2;0.0
3;124;3;0.0
3;124;4;0.0
3;124;5;0.0
3;124;6;0.0
3;124;7;0.0
3;124;8;0.0
4;124;1;0.0
4;124;2;0.0
4;124;3;0.0
4;124;4;0.0
4;124;5;0.0
4;124;6;0.0
4;124;7;0.0
4;124;8;0.0
5;124;1;0.0
5;124;2;0.0
5;124;3;0.0
5;124;4;0.0
5;124;5;0.0
5;124;6;0.0
5;124;7;0.0
5;124;8;0.0
6;124;1;0.0
6;124;2;0.0
6;124;3;0.0
6;124;4;0.0
6;124;5;0.0
6;124;6;0.0
6;124;7;0.0
6;124;8;0.0
7;124;1;0.0
7;124;2;0.0
7;124;3;0.0
7;124;4;0.0
7;124;5;0.0
7;124;6;0.0
7;124;7;0.0
7;124;8;0.0
8;124;1;0.0
8;124;2;0.0
8;124;3;0.0
8;124;4;0.0
8;124;5;0.0
8;124;6;0.0
8;124;7;0.0
8;124;8;0.0
9;124;1;0.0
9;124;2;0.0
9;124;3;0.0
9;124;4;0.0
9;124;5;0.0
9;124;6;0.0
9;124;7;0.0
9;124;8;0.0
10;124;1;0.0
10;124;2;0.0
10;124;3;0.0
10;124;4;0.0
10;124;5;0.0
10;124;6;0.0
10;124;7;0.0
10;124;8;0.0
11;124;1;0.0
11;124;2;0.0
11;124;3;0.0
11;124;4;0.0
11;124;5;0.0
11;124;6;0.0
11;124;7;0.0
11;124;8;0.0
12;124;1;0.0
12;124;2;0.0
12;124;3;0.0
12;124;4;0.0
12;124;5;0.0
12;124;6;0.0
12;124;7;0.0
12;124;8;0.0
13;124;1;0.0
13;124;2;0.0
13;124;3;0.0
13;124;4;0.0
13;124;5;0.0
13;124;6;0.0
13;124;7;0.0
13;124;8;0.0
14;124;1;0.0
14;124;2;0.0
14;124;3;0.0
14;124;4;0.0
14;124;5;0.0
14;124;6;0.0
14;124;7;0.0
14;124;8;0.0
15;124;1;0.0
15;124;2;0.0
15;124;3;0.0
15;124;4;0.0
15;124;5;0.0
15;124;6;0.0
15;124;7;0.0
15;124;8;0.0
16;124;1;0.0
16;124;2;0.0
16;124;3;0.0
16;124;4;0.0
16;124;5;0.0
16;124;6;0.0
16;124;7;0.0
16;124;8;0.0
17;124;1;-1.1474917899948997e-17
17;124;2;-1.1474917899948997e-17
17;124;3;-4.639770903640694e-17
17;124;4;-0.9999999975346577
17;124;5;-1.1474917899948997e-17
17;124;6;-1.1474917899948997e-17
17;124;7;-1.1474917899948997e-17
17;124;8;-1.1474917899948997e-17
18;124;1;0.0
18;124;2;0.0
18;124;3;0.0
18;124;4;0.0
18;124;5;0.0
18;124;6;0.0
18;124;7;0.0
18;124;8;0.0
19;124;1;0.0
19;124;2;0.0
19;124;3;0.0
19;124;4;0.0
19;124;5;0.0
19;124;6;0.0
19;124;7;0.0
19;124;8;0.0
20;124;1;0.0
20;124;2;0.0
20;124;3;-3.5090529187262886e-17
20;124;4;0.0
20;124;5;0.0
20;124;6;0.0
20;124;7;0.0
20;124;8;0.0
21;124;1;-1.2474859635038922e-17
21;124;2;-1.2474859635038922e-17
21;124;3;-4.6432292600723563e-17
21;124;4;-2.9971184752985936e-13
21;124;5;-1.2474859635038922e-17
21;124;6;-1.2474859635038922e-17
21;124;7;-1.2474859635038922e-17
21;124;8;-1.2474859635038922e-17
22;124;1;-2.9193544698522743e-17
22;124;2;-2.9193544698522743e-17
22;124;3;-1.3583047557068446e-16
22;124;4;-4.973799150320701e-14
22;124;5;-2.9193544698522743e-17
22;124;6;-2.9193544698522743e-17
22;124;7;-2.9193544698522743e-17
22;124;8;-2.9193544698522743e-17
23;124;1;0.0
23;124;2;0.0
23;124;3;0.0
23;124;4;0.0
23;124;5;0.0
23;124;6;0.0
23;124;7;0.0
23;124;8;0.0
24;124;1;0.0
24;124;2;0.0
24;124;3;0.0
24;124;4;0.0
24;124;5;0.0
24;124;6;0.0
24;124;7;0.0
24;124;8;0.0
25;124;1;0.0
25;124;2;0.0
25;124;3;0.0
25;124;4;0.0
25;124;5;0.0
25;124;6;0.0
25;124;7;0.0
25;124;8;0.0
26;124;1;0.0
26;124;2;0.0
26;124;3;0.0
26;124;4;0.0
26;124;5;0.0
26;124;6;0.0
26;124;7;0.0
26;124;8;0.0
27;124;1;0.0
27;124;2;0.0
27;124;3;0.0
27;124;4;0.0
27;124;5;0.0
27;124;6;0.0
27;124;7;0.0
27;124;8;0.0
28;124;1;0.0
28;124;2;0.0
28;124;3;0.0
28;124;4;0.0
28;124;5;0.0
28;124;6;0.0
28;124;7;0.0
28;124;8;0.0
29;124;1;0.0
29;124;2;0.0
29;124;3;0.0
29;124;4;0.0
29;124;5;0.0
29;124;6;0.0
29;124;7;0.0
29;124;8;0.0
30;124;1;0.0
30;124;2;0.0
30;124;3;0.0
30;124;4;0.0
30;124;5;0.0
30;124;6;0.0
30;124;7;0.0
30;124;8;0.0
31;124;1;0.0
31;124;2;0.0
31;124;3;0.0
31;124;4;0.0
31;124;5;0.0
31;124;6;0.0
31;124;7;0.0
31;124;8;0.0
32;124;1;0.0
32;124;2;0.0
32;124;3;0.0
32;124;4;0.0
32;124;5;0.0
32;124;6;0.0
32;124;7;0.0
32;124;8;0.0
33;124;1;0.0
33;124;2;0.0
33;124;3;0.0
33;124;4;0.0
33;124;5;0.0
33;124;6;0.0
33;124;7;0.0
33;124;8;0.0
34;124;1;0.0
34;124;2;0.0
34;124;3;0.0
34;124;4;0.0
34;124;5;0.0
34;124;6;0.0
34;124;7;0.0
34;124;8;0.0
35;124;1;0.0
35;124;2;0.0
35;124;3;0.0
35;124;4;0.0
35;124;5;0.0
35;124;6;0.0
35;124;7;0.0
35;124;8;0.0
36;124;1;0.0
36;124;2;0.0
36;124;3;0.0
36;124;4;0.0
36;124;5;0.0
36;124;6;0.0
36;124;7;0.0
36;124;8;0.0
37;124;1;0.0
37;124;2;0.0
37;124;3;0.0
37;124;4;0.0
37;124;5;0.0
37;124;6;0.0
37;124;7;0.0
37;124;8;0.0
38;124;1;0.0
38;124;2;0.0
38;124;3;0.0
38;124;4;0.0
38;124;5;0.0
38;124;6;0.0
38;124;7;0.0
38;124;8;0.0
39;124;1;0.0
39;124;2;0.0
39;124;3;0.0
39;124;4;0.0
39;124;5;0.0
39;124;6;0.0
39;124;7;0.0
39;124;8;0.0
40;124;1;0.0
40;124;2;0.0
40;124;3;0.0
40;124;4;0.0
40;124;5;0.0
40;124;6;0.0
40;124;7;0.0
40;124;8;0.0
41;124;1;0.0
41;124;2;0.0
41;124;3;0.0
41;124;4;0.0
41;124;5;0.0
41;124;6;0.0
41;124;7;0.0
41;124;8;0.0
42;124;1;0.0
42;124;2;0.0
42;124;3;0.0
42;124;4;0.0
42;124;5;0.0
42;124;6;0.0
42;124;7;0.0
42;124;8;0.0
43;124;1;0.0
43;124;2;0.0
43;124;3;0.0
43;124;4;0.0
43;124;5;0.0
43;124;6;0.0
43;124;7;0.0
43;124;8;0.0
44;124;1;0.0
44;124;2;0.0
44;124;3;0.0
44;124;4;0.0
44;124;5;0.0
44;124;6;0.0
44;124;7;0.0
44;124;8;0.0
45;124;1;0.0
45;124;2;0.0
45;124;3;0.0
45;124;4;0.0
45;124;5;0.0
45;124;6;0.0
45;124;7;0.0
45;124;8;0.0
46;124;1;0.0
46;124;2;0.0
46;124;3;0.0
46;124;4;0.0
46;124;5;0.0
46;124;6;0.0
46;124;7;0.0
46;124;8;0.0
47;124;1;-2.2722109553214542e-17
47;124;2;-2.2722109553214542e-17
47;124;3;-1.1082996938280733e-16
47;124;4;-2.4763870206849443e-09
47;124;5;-2.2722109553214542e-17
47;124;6;-2.2722109553214542e-17
47;124;7;-2.2722109553214542e-17
47;124;8;-2.2722109553214542e-17
48;124;1;0.0
48;124;2;0.0
48;124;3;0.0
48;124;4;0.0
48;124;5;0.0
48;124;6;0.0
48;124;7;0.0
48;124;8;0.0
49;124;1;0.0
49;124;2;0.0
49;124;3;0.0
49;124;4;0.0
49;124;5;0.0
49;124;6;0.0
49;124;7;0.0
49;124;8;0.0
50;124;1;0.0
50;124;2;0.0
50;124;3;0.0
50;124;4;0.0
50;124;5;0.0
50;124;6;0.0
50;124;7;0.0
50;124;8;0.0
51;124;1;0.0
51;124;2;0.0
51;124;3;0.0
51;124;4;0.0
51;124;5;0.0
51;124;6;0.0
51;124;7;0.0
51;124;8;0.0
52;124;1;0.0
52;124;2;0.0
52;124;3;0.0
52;124;4;-3.3461758984472005e-13
52;124;5;0.0
52;124;6;0.0
52;124;7;0.0
52;124;8;0.0
53;124;1;0.0
53;124;2;0.0
53;124;3;0.0
53;124;4;0.0
53;124;5;0.0
53;124;6;0.0
53;124;7;0.0
53;124;8;0.0
54;124;1;0.0
54;124;2;0.0
54;124;3;0.0
54;124;4;-9.795298925081956e-15
54;124;5;0.0
54;124;6;0.0
54;124;7;0.0
54;124;8;0.0
55;124;1;0.0
55;124;2;0.0
55;124;3;0.0
55;124;4;0.0
55;124;5;0.0
55;124;6;0.0
55;124;7;0.0
55;124;8;0.0
56;124;1;0.0
56;124;2;0.0
56;124;3;0.0
56;124;4;0.0
56;124;5;0.0
56;124;6;0.0
56;124;7;0.0
56;124;8;0.0
57;124;1;0.0
57;124;2;0.0
57;124;3;0.0
57;124;4;0.0
57;124;5;0.0
57;124;6;0.0
57;124;7;0.0
57;124;8;0.0
58;124;1;0.0
58;124;2;0.0
58;124;3;0.0
58;124;4;0.0
58;124;5;0.0
58;124;6;0.0
58;124;7;0.0
58;124;8;0.0
59;124;1;0.0
59;124;2;0.0
59;124;3;0.0
59;124;4;0.0
59;124;5;0.0
59;124;6;0.0
59;124;7;0.0
59;124;8;0.0
1;125;1;0.0
1;125;2;0.0
1;125;3;0.0
1;125;4;0.0
1;125;5;0.0
1;125;6;0.0
1;125;7;0.0
1;125;8;0.0
2;125;1;0.0
2;125;2;0.0
2;125;3;0.0
2;125;4;0.0
2;125;5;0.0
2;125;6;0.0
2;125;7;0.0
2;125;8;0.0
3;125;1;0.0
3;125;2;0.0
3;125;3;0.0
3;125;4;0.0
3;125;5;0.0
3;125;6;0.0
3;125;7;0.0
3;125;8;0.0
4;125;1;0.0
4;125;2;0.0
4;125;3;0.0
4;125;4;0.0
4;125;5;0.0
4;125;6;0.0
4;125;7;0.0
4;125;8;0.0
5;125;1;0.0
5;125;2;0.0
5;125;3;0.0
5;125;4;0.0
5;125;5;0.0
5;125;6;0.0
5;125;7;0.0
5;125;8;0.0
6;125;1;0.0
6;125;2;0.0
6;125;3;0.0
6;125;4;0.0
6;125;5;0.0
6;125;6;0.0
6;125;7;0.0
6;125;8;0.0
7;125;1;0.0
7;125;2;0.0
7;125;3;0.0
7;125;4;0.0
7;125;5;0.0
7;125;6;0.0
7;125;7;0.0
7;125;8;0.0
8;125;1;0.0
8;125;2;0.0
8;125;3;0.0
8;125;4;0.0
8;125;5;0.0
8;125;6;0.0
8;125;7;0.0
8;125;8;0.0
9;125;1;0.0
9;125;2;0.0
9;125;3;0.0
9;125;4;0.0
9;125;5;0.0
9;125;6;0.0
9;125;7;0.0
9;125;8;0.0
10;125;1;0.0
10;125;2;0.0
10;125;3;0.0
10;125;4;0.0
10;125;5;0.0
10;125;6;0.0
10;125;7;0.0
10;125;8;0.0
11;125;1;0.0
11;125;2;0.0
11;125;3;0.0
11;125;4;0.0
11;125;5;0.0
11;125;6;0.0
11;125;7;0.0
11;125;8;0.0
12;125;1;0.0
12;125;2;0.0
12;125;3;0.0
12;125;4;0.0
12;125;5;0.0
12;125;6;0.0
12;125;7;0.0
12;125;8;0.0
13;125;1;0.0
13;125;2;0.0
13;125;3;0.0
13;125;4;0.0
13;125;5;0.0
13;125;6;0.0
13;125;7;0.0
13;125;8;0.0
14;125;1;0.0
14;125;2;0.0
14;125;3;0.0
14;125;4;0.0
14;125;5;0.0
14;125;6;0.0
14;125;7;0.0
14;125;8;0.0
15;125;1;0.0
15;125;2;0.0
15;125;3;0.0
15;125;4;0.0
15;125;5;0.0
15;125;6;0.0
15;125;7;0.0
15;125;8;0.0
16;125;1;0.0
16;125;2;0.0
16;125;3;0.0
16;125;4;0.0
16;125;5;0.0
16;125;6;0.0
16;125;7;0.0
16;125;8;0.0
17;125;1;-1.3393092445157445e-17
17;125;2;-1.3393092445157445e-17
17;125;3;-5.4107948975115836e-17
17;125;4;-1.0000000000036318
17;125;5;-1.3393092445157445e-17
17;125;6;-1.3393092445157445e-17
17;125;7;-1.3393092445157445e-17
17;125;8;-1.3393092445157445e-17
18;125;1;0.0
18;125;2;0.0
18;125;3;0.0
18;125;4;0.0
18;125;5;0.0
18;125;6;0.0
18;125;7;0.0
18;125;8;0.0
19;125;1;0.0
19;125;2;0.0
19;125;3;0.0
19;125;4;0.0
19;125;5;0.0
19;125;6;0.0
19;125;7;0.0
19;125;8;0.0
20;125;1;0.0
20;125;2;0.0
20;125;3;-3.9294643612130825e-17
20;125;4;0.0
20;125;5;0.0
20;125;6;0.0
20;125;7;0.0
20;125;8;0.0
21;125;1;-1.4643744697298977e-17
21;125;2;-1.4643744697298977e-17
21;125;3;-5.725263474809641e-17
21;125;4;-7.222629725940001e-13
21;125;5;-1.4643744697298977e-17
21;125;6;-1.4643744697298977e-17
21;125;7;-1.4643744697298977e-17
21;125;8;-1.4643744697298977e-17
22;125;1;-3.3177082325981634e-17
22;125;2;-3.3177082325981634e-17
22;125;3;-1.5730440649656815e-16
22;125;4;-9.947598300641403e-13
22;125;5;-3.3177082325981634e-17
22;125;6;-3.3177082325981634e-17
22;125;7;-3.3177082325981634e-17
22;125;8;-3.3177082325981634e-17
23;125;1;0.0
23;125;2;0.0
23;125;3;0.0
23;125;4;0.0
23;125;5;0.0
23;125;6;0.0
23;125;7;0.0
23;125;8;0.0
24;125;1;0.0
24;125;2;0.0
24;125;3;0.0
24;125;4;0.0
24;125;5;0.0
24;125;6;0.0
24;125;7;0.0
24;125;8;0.0
25;125;1;0.0
25;125;2;0.0
25;125;3;0.0
25;125;4;0.0
25;125;5;0.0
25;125;6;0.0
25;125;7;0.0
25;125;8;0.0
26;125;1;0.0
26;125;2;0.0
26;125;3;0.0
26;125;4;0.0
26;125;5;0.0
26;125;6;0.0
26;125;7;0.0
26;125;8;0.0
27;125;1;0.0
27;125;2;0.0
27;125;3;0.0
27;125;4;0.0
27;125;5;0.0
27;125;6;0.0
27;125;7;0.0
27;125;8;0.0
28;125;1;0.0
28;125;2;0.0
28;125;3;0.0
28;125;4;0.0
28;125;5;0.0
28;125;6;0.0
28;125;7;0.0
28;125;8;0.0
29;125;1;0.0
29;125;2;0.0
29;125;3;0.0
29;125;4;0.0
29;125;5;0.0
29;125;6;0.0
29;125;7;0.0
29;125;8;0.0
30;125;1;0.0
30;125;2;0.0
30;125;3;0.0
30;125;4;0.0
30;125;5;0.0
30;125;6;0.0
30;125;7;0.0
30;125;8;0.0
31;125;1;0.0
31;125;2;0.0
31;125;3;0.0
31;125;4;0.0
31;125;5;0.0
31;125;6;0.0
31;125;7;0.0
31;125;8;0.0
32;125;1;0.0
32;125;2;0.0
32;125;3;0.0
32;125;4;0.0
32;125;5;0.0
32;125;6;0.0
32;125;7;0.0
32;125;8;0.0
33;125;1;0.0
33;125;2;0.0
33;125;3;0.0
33;125;4;0.0
33;125;5;0.0
33;125;6;0.0
33;125;7;0.0
33;125;8;0.0
34;125;1;0.0
34;125;2;0.0
34;125;3;0.0
34;125;4;0.0
34;125;5;0.0
34;125;6;0.0
34;125;7;0.0
34;125;8;0.0
35;125;1;0.0
35;125;2;0.0
35;125;3;0.0
35;125;4;0.0
35;125;5;0.0
35;125;6;0.0
35;125;7;0.0
35;125;8;0.0
36;125;1;0.0
36;125;2;0.0
36;125;3;0.0
36;125;4;0.0
36;125;5;0.0
36;125;6;0.0
36;125;7;0.0
36;125;8;0.0
37;125;1;0.0
37;125;2;0.0
37;125;3;0.0
37;125;4;0.0
37;125;5;0.0
37;125;6;0.0
37;125;7;0.0
37;125;8;0.0
38;125;1;0.0
38;125;2;0.0
38;125;3;0.0
38;125;4;0.0
38;125;5;0.0
38;125;6;0.0
38;125;7;0.0
38;125;8;0.0
39;125;1;0.0
39;125;2;0.0
39;125;3;0.0
39;125;4;0.0
39;125;5;0.0
39;125;6;0.0
39;125;7;0.0
39;125;8;0.0
40;125;1;0.0
40;125;2;0.0
40;125;3;0.0
40;125;4;0.0
40;125;5;0.0
40;125;6;0.0
40;125;7;0.0
40;125;8;0.0
41;125;1;0.0
41;125;2;0.0
41;125;3;0.0
41;125;4;0.0
41;125;5;0.0
41;125;6;0.0
41;125;7;0.0
41;125;8;0.0
42;125;1;0.0
42;125;2;0.0
42;125;3;0.0
42;125;4;0.0
42;125;5;0.0
42;125;6;0.0
42;125;7;0.0
42;125;8;0.0
43;125;1;0.0
43;125;2;0.0
43;125;3;0.0
43;125;4;0.0
43;125;5;0.0
43;125;6;0.0
43;125;7;0.0
43;125;8;0.0
44;125;1;0.0
44;125;2;0.0
44;125;3;0.0
44;125;4;0.0
44;125;5;0.0
44;125;6;0.0
44;125;7;0.0
44;125;8;0.0
45;125;1;0.0
45;125;2;0.0
45;125;3;0.0
45;125;4;0.0
45;125;5;0.0
45;125;6;0.0
45;125;7;0.0
45;125;8;0.0
46;125;1;0.0
46;125;2;0.0
46;125;3;0.0
46;125;4;0.0
46;125;5;0.0
46;125;6;0.0
46;125;7;0.0
46;125;8;0.0
47;125;1;-2.801259516771475e-17
47;125;2;-2.801259516771475e-17
47;125;3;-1.1605287582360102e-16
47;125;4;-1.1335349892037473e-12
47;125;5;-2.801259516771475e-17
47;125;6;-2.801259516771475e-17
47;125;7;-2.801259516771475e-17
47;125;8;-2.801259516771475e-17
48;125;1;0.0
48;125;2;0.0
48;125;3;0.0
48;125;4;0.0
48;125;5;0.0
48;125;6;0.0
48;125;7;0.0
48;125;8;0.0
49;125;1;0.0
49;125;2;0.0
49;125;3;0.0
49;125;4;0.0
49;125;5;0.0
49;125;6;0.0
49;125;7;0.0
49;125;8;0.0
50;125;1;0.0
50;125;2;0.0
50;125;3;0.0
50;125;4;0.0
50;125;5;0.0
50;125;6;0.0
50;125;7;0.0
50;125;8;0.0
51;125;1;0.0
51;125;2;0.0
51;125;3;0.0
51;125;4;0.0
51;125;5;0.0
51;125;6;0.0
51;125;7;0.0
51;125;8;0.0
52;125;1;0.0
52;125;2;0.0
52;125;3;0.0
52;125;4;-3.2786594405631106e-13
52;125;5;0.0
52;125;6;0.0
52;125;7;0.0
52;125;8;0.0
53;125;1;0.0
53;125;2;0.0
53;125;3;0.0
53;125;4;0.0
53;125;5;0.0
53;125;6;0.0
53;125;7;0.0
53;125;8;0.0
54;125;1;0.0
54;125;2;0.0
54;125;3;0.0
54;125;4;-7.435448892298143e-15
54;125;5;0.0
54;125;6;0.0
54;125;7;0.0
54;125;8;0.0
55;125;1;0.0
55;125;2;0.0
55;125;3;0.0
55;125;4;0.0
55;125;5;0.0
55;125;6;0.0
55;125;7;0.0
55;125;8;0.0
56;125;1;0.0
56;125;2;0.0
56;125;3;0.0
56;125;4;0.0
56;125;5;0.0
56;125;6;0.0
56;125;7;0.0
56;125;8;0.0
57;125;1;0.0
57;125;2;0.0
57;125;3;0.0
57;125;4;0.0
57;125;5;0.0
57;125;6;0.0
57;125;7;0.0
57;125;8;0.0
58;125;1;0.0
58;125;2;0.0
58;125;3;0.0
58;125;4;0.0
58;125;5;0.0
58;125;6;0.0
58;125;7;0.0
58;125;8;0.0
59;125;1;0.0
59;125;2;0.0
59;125;3;0.0
59;125;4;0.0
59;125;5;0.0
59;125;6;0.0
59;125;7;0.0
59;125;8;0.0
1;126;1;0.0
1;126;2;0.0
1;126;3;0.0
1;126;4;0.0
1;126;5;0.0
1;126;6;0.0
1;126;7;0.0
1;126;8;0.0
2;126;1;0.0
2;126;2;0.0
2;126;3;0.0
2;126;4;0.0
2;126;5;0.0
2;126;6;0.0
2;126;7;0.0
2;126;8;0.0
3;126;1;0.0
3;126;2;0.0
3;126;3;0.0
3;126;4;0.0
3;126;5;0.0
3;126;6;0.0
3;126;7;0.0
3;126;8;0.0
4;126;1;0.0
4;126;2;0.0
4;126;3;0.0
4;126;4;0.0
4;126;5;0.0
4;126;6;0.0
4;126;7;0.0
4;126;8;0.0
5;126;1;0.0
5;126;2;0.0
5;126;3;0.0
5;126;4;0.0
5;126;5;0.0
5;126;6;0.0
5;126;7;0.0
5;126;8;0.0
6;126;1;0.0
6;126;2;0.0
6;126;3;0.0
6;126;4;0.0
6;126;5;0.0
6;126;6;0.0
6;126;7;0.0
6;126;8;0.0
7;126;1;0.0
7;126;2;0.0
7;126;3;0.0
7;126;4;0.0
7;126;5;0.0
7;126;6;0.0
7;126;7;0.0
7;126;8;0.0
8;126;1;0.0
8;126;2;0.0
8;126;3;0.0
8;126;4;0.0
8;126;5;0.0
8;126;6;0.0
8;126;7;0.0
8;126;8;0.0
9;126;1;0.0
9;126;2;0.0
9;126;3;0.0
9;126;4;0.0
9;126;5;0.0
9;126;6;0.0
9;126;7;0.0
9;126;8;0.0
10;126;1;0.0
10;126;2;0.0
10;126;3;0.0
10;126;4;0.0
10;126;5;0.0
10;126;6;0.0
10;126;7;0.0
10;126;8;0.0
11;126;1;0.0
11;126;2;0.0
11;126;3;0.0
11;126;4;0.0
11;126;5;0.0
11;126;6;0.0
11;126;7;0.0
11;126;8;0.0
12;126;1;0.0
12;126;2;0.0
12;126;3;0.0
12;126;4;0.0
12;126;5;0.0
12;126;6;0.0
12;126;7;0.0
12;126;8;0.0
13;126;1;0.0
13;126;2;0.0
13;126;3;0.0
13;126;4;0.0
13;126;5;0.0
13;126;6;0.0
13;126;7;0.0
13;126;8;0.0
14;126;1;0.0
14;126;2;0.0
14;126;3;0.0
14;126;4;0.0
14;126;5;0.0
14;126;6;0.0
14;126;7;0.0
14;126;8;0.0
15;126;1;0.0
15;126;2;0.0
15;126;3;0.0
15;126;4;0.0
15;126;5;0.0
15;126;6;0.0
15;126;7;0.0
15;126;8;0.0
16;126;1;0.0
16;126;2;0.0
16;126;3;0.0
16;126;4;0.0
16;126;5;0.0
16;126;6;0.0
16;126;7;0.0
16;126;8;0.0
17;126;1;-1.5675053570343825e-17
17;126;2;-1.5675053570343825e-17
17;126;3;-6.11382172949411e-17
17;126;4;-0.9999999999981211
17;126;5;-1.5675053570343825e-17
17;126;6;-1.5675053570343825e-17
17;126;7;-1.5675053570343825e-17
17;126;8;-1.5675053570343825e-17
18;126;1;0.0
18;126;2;0.0
18;126;3;0.0
18;126;4;0.0
18;126;5;0.0
18;126;6;0.0
18;126;7;0.0
18;126;8;0.0
19;126;1;0.0
19;126;2;0.0
19;126;3;0.0
19;126;4;0.0
19;126;5;0.0
19;126;6;0.0
19;126;7;0.0
19;126;8;0.0
20;126;1;0.0
20;126;2;0.0
20;126;3;-4.848311000379973e-17
20;126;4;0.0
20;126;5;0.0
20;126;6;0.0
20;126;7;0.0
20;126;8;0.0
21;126;1;-1.78100374541433e-17
21;126;2;-1.78100374541433e-17
21;126;3;-6.813291775146406e-17
21;126;4;-3.0136074651762805e-13
21;126;5;-1.78100374541433e-17
21;126;6;-1.78100374541433e-17
21;126;7;-1.78100374541433e-17
21;126;8;-1.78100374541433e-17
22;126;1;-3.8404314354509836e-17
22;126;2;-3.8404314354509836e-17
22;126;3;-1.8903897174895965e-16
22;126;4;-5.062616992290714e-14
22;126;5;-3.8404314354509836e-17
22;126;6;-3.8404314354509836e-17
22;126;7;-3.8404314354509836e-17
22;126;8;-3.8404314354509836e-17
23;126;1;0.0
23;126;2;0.0
23;126;3;0.0
23;126;4;0.0
23;126;5;0.0
23;126;6;0.0
23;126;7;0.0
23;126;8;0.0
24;126;1;0.0
24;126;2;0.0
24;126;3;0.0
24;126;4;0.0
24;126;5;0.0
24;126;6;0.0
24;126;7;0.0
24;126;8;0.0
25;126;1;0.0
25;126;2;0.0
25;126;3;0.0
25;126;4;0.0
25;126;5;0.0
25;126;6;0.0
25;126;7;0.0
25;126;8;0.0
26;126;1;0.0
26;126;2;0.0
26;126;3;0.0
26;126;4;0.0
26;126;5;0.0
26;126;6;0.0
26;126;7;0.0
26;126;8;0.0
27;126;1;0.0
27;126;2;0.0
27;126;3;0.0
27;126;4;0.0
27;126;5;0.0
27;126;6;0.0
27;126;7;0.0
27;126;8;0.0
28;126;1;0.0
28;126;2;0.0
28;126;3;0.0
28;126;4;0.0
28;126;5;0.0
28;126;6;0.0
28;126;7;0.0
28;126;8;0.0
29;126;1;0.0
29;126;2;0.0
29;126;3;0.0
29;126;4;0.0
29;126;5;0.0
29;126;6;0.0
29;126;7;0.0
29;126;8;0.0
30;126;1;0.0
30;126;2;0.0
30;126;3;0.0
30;126;4;0.0
30;126;5;0.0
30;126;6;0.0
30;126;7;0.0
30;126;8;0.0
31;126;1;0.0
31;126;2;0.0
31;126;3;0.0
31;126;4;0.0
31;126;5;0.0
31;126;6;0.0
31;126;7;0.0
31;126;8;0.0
32;126;1;0.0
32;126;2;0.0
32;126;3;0.0
32;126;4;0.0
32;126;5;0.0
32;126;6;0.0
32;126;7;0.0
32;126;8;0.0
33;126;1;0.0
33;126;2;0.0
33;126;3;0.0
33;126;4;0.0
33;126;5;0.0
33;126;6;0.0
33;126;7;0.0
33;126;8;0.0
34;126;1;0.0
34;126;2;0.0
34;126;3;0.0
34;126;4;0.0
34;126;5;0.0
34;126;6;0.0
34;126;7;0.0
34;126;8;0.0
35;126;1;0.0
35;126;2;0.0
35;126;3;0.0
35;126;4;0.0
35;126;5;0.0
35;126;6;0.0
35;126;7;0.0
35;126;8;0.0
36;126;1;0.0
36;126;2;0.0
36;126;3;0.0
36;126;4;0.0
36;126;5;0.0
36;126;6;0.0
36;126;7;0.0
36;126;8;0.0
37;126;1;0.0
37;126;2;0.0
37;126;3;0.0
37;126;4;0.0
37;126;5;0.0
37;126;6;0.0
37;126;7;0.0
37;126;8;0.0
38;126;1;0.0
38;126;2;0.0
38;126;3;0.0
38;126;4;0.0
38;126;5;0.0
38;126;6;0.0
38;126;7;0.0
38;126;8;0.0
39;126;1;0.0
39;126;2;0.0
39;126;3;0.0
39;126;4;0.0
39;126;5;0.0
39;126;6;0.0
39;126;7;0.0
39;126;8;0.0
40;126;1;0.0
40;126;2;0.0
40;126;3;0.0
40;126;4;0.0
40;126;5;0.0
40;126;6;0.0
40;126;7;0.0
40;126;8;0.0
41;126;1;0.0
41;126;2;0.0
41;126;3;0.0
41;126;4;0.0
41;126;5;0.0
41;126;6;0.0
41;126;7;0.0
41;126;8;0.0
42;126;1;0.0
42;126;2;0.0
42;126;3;0.0
42;126;4;0.0
42;126;5;0.0
42;126;6;0.0
42;126;7;0.0
42;126;8;0.0
43;126;1;0.0
43;126;2;0.0
43;126;3;0.0
43;126;4;0.0
43;126;5;0.0
43;126;6;0.0
43;126;7;0.0
43;126;8;0.0
44;126;1;0.0
44;126;2;0.0
44;126;3;0.0
44;126;4;0.0
44;126;5;0.0
44;126;6;0.0
44;126;7;0.0
44;126;8;0.0
45;126;1;0.0
45;126;2;0.0
45;126;3;0.0
45;126;4;0.0
45;126;5;0.0
45;126;6;0.0
45;126;7;0.0
45;126;8;0.0
46;126;1;0.0
46;126;2;0.0
46;126;3;0.0
46;126;4;0.0
46;126;5;0.0
46;126;6;0.0
46;126;7;0.0
46;126;8;0.0
47;126;1;-3.4528811516251805e-17
47;126;2;-3.4528811516251805e-17
47;126;3;-1.3054716555207034e-16
47;126;4;-2.0961391465919645e-12
47;126;5;-3.4528811516251805e-17
47;126;6;-3.4528811516251805e-17
47;126;7;-3.4528811516251805e-17
47;126;8;-3.4528811516251805e-17
48;126;1;0.0
48;126;2;0.0
48;126;3;0.0
48;126;4;0.0
48;126;5;0.0
48;126;6;0.0
48;126;7;0.0
48;126;8;0.0
49;126;1;0.0
49;126;2;0.0
49;126;3;0.0
49;126;4;0.0
49;126;5;0.0
49;126;6;0.0
49;126;7;0.0
49;126;8;0.0
50;126;1;0.0
50;126;2;0.0
50;126;3;0.0
50;126;4;0.0
50;126;5;0.0
50;126;6;0.0
50;126;7;0.0
50;126;8;0.0
51;126;1;0.0
51;126;2;0.0
51;126;3;0.0
51;126;4;0.0
51;126;5;0.0
51;126;6;0.0
51;126;7;0.0
51;126;8;0.0
52;126;1;0.0
52;126;2;0.0
52;126;3;0.0
52;126;4;-3.2412762877536136e-13
52;126;5;0.0
52;126;6;0.0
52;126;7;0.0
52;126;8;0.0
53;126;1;0.0
53;126;2;0.0
53;126;3;0.0
53;126;4;0.0
53;126;5;0.0
53;126;6;0.0
53;126;7;0.0
53;126;8;0.0
54;126;1;0.0
54;126;2;0.0
54;126;3;0.0
54;126;4;-8.169782580350408e-15
54;126;5;0.0
54;126;6;0.0
54;126;7;0.0
54;126;8;0.0
55;126;1;0.0
55;126;2;0.0
55;126;3;0.0
55;126;4;0.0
55;126;5;0.0
55;126;6;0.0
55;126;7;0.0
55;126;8;0.0
56;126;1;0.0
56;126;2;0.0
56;126;3;0.0
56;126;4;0.0
56;126;5;0.0
56;126;6;0.0
56;126;7;0.0
56;126;8;0.0
57;126;1;0.0
57;126;2;0.0
57;126;3;0.0
57;126;4;0.0
57;126;5;0.0
57;126;6;0.0
57;126;7;0.0
57;126;8;0.0
58;126;1;0.0
58;126;2;0.0
58;126;3;0.0
58;126;4;0.0
58;126;5;0.0
58;126;6;0.0
58;126;7;0.0
58;126;8;0.0
59;126;1;0.0
59;126;2;0.0
59;126;3;0.0
59;126;4;0.0
59;126;5;0.0
59;126;6;0.0
59;126;7;0.0
59;126;8;0.0
1;127;1;0.0
1;127;2;0.0
1;127;3;0.0
1;127;4;0.0
1;127;5;0.0
1;127;6;0.0
1;127;7;0.0
1;127;8;0.0
2;127;1;0.0
2;127;2;0.0
2;127;3;0.0
2;127;4;0.0
2;127;5;0.0
2;127;6;0.0
2;127;7;0.0
2;127;8;0.0
3;127;1;0.0
3;127;2;0.0
3;127;3;0.0
3;127;4;0.0
3;127;5;0.0
3;127;6;0.0
3;127;7;0.0
3;127;8;0.0
4;127;1;0.0
4;127;2;0.0
4;127;3;0.0
4;127;4;0.0
4;127;5;0.0
4;127;6;0.0
4;127;7;0.0
4;127;8;0.0
5;127;1;0.0
5;127;2;0.0
5;127;3;0.0
5;127;4;0.0
5;127;5;0.0
5;127;6;0.0
5;127;7;0.0
5;127;8;0.0
6;127;1;0.0
6;127;2;0.0
6;127;3;0.0
6;127;4;0.0
6;127;5;0.0
6;127;6;0.0
6;127;7;0.0
6;127;8;0.0
7;127;1;0.0
7;127;2;0.0
7;127;3;0.0
7;127;4;0.0
7;127;5;0.0
7;127;6;0.0
7;127;7;0.0
7;127;8;0.0
8;127;1;0.0
8;127;2;0.0
8;127;3;0.0
8;127;4;0.0
8;127;5;0.0
8;127;6;0.0
8;127;7;0.0
8;127;8;0.0
9;127;1;0.0
9;127;2;0.0
9;127;3;0.0
9;127;4;0.0
9;127;5;0.0
9;127;6;0.0
9;127;7;0.0
9;127;8;0.0
10;127;1;0.0
10;127;2;0.0
10;127;3;0.0
10;127;4;0.0
10;127;5;0.0
10;127;6;0.0
10;127;7;0.0
10;127;8;0.0
11;127;1;0.0
11;127;2;0.0
11;127;3;0.0
11;127;4;0.0
11;127;5;0.0
11;127;6;0.0
11;127;7;0.0
11;127;8;0.0
12;127;1;0.0
12;127;2;0.0
12;127;3;0.0
12;127;4;0.0
12;127;5;0.0
12;127;6;0.0
12;127;7;0.0
12;127;8;0.0
13;127;1;0.0
13;127;2;0.0
13;127;3;0.0
13;127;4;0.0
13;127;5;0.0
13;127;6;0.0
13;127;7;0.0
13;127;8;0.0
14;127;1;0.0
14;127;2;0.0
14;127;3;0.0
14;127;4;0.0
14;127;5;0.0
14;127;6;0.0
14;127;7;0.0
14;127;8;0.0
15;127;1;0.0
15;127;2;0.0
15;127;3;0.0
15;127;4;0.0
15;127;5;0.0
15;127;6;0.0
15;127;7;0.0
15;127;8;0.0
16;127;1;0.0
16;127;2;0.0
16;127;3;0.0
16;127;4;0.0
16;127;5;0.0
16;127;6;0.0
16;127;7;0.0
16;127;8;0.0
17;127;1;-1.9151159659266633e-17
17;127;2;-1.9151159659266633e-17
17;127;3;-7.065448443215076e-17
17;127;4;-0.999999999984213
17;127;5;-1.9151159659266633e-17
17;127;6;-1.9151159659266633e-17
17;127;7;-1.9151159659266633e-17
17;127;8;-1.9151159659266633e-17
18;127;1;0.0
18;127;2;0.0
18;127;3;0.0
18;127;4;0.0
18;127;5;0.0
18;127;6;0.0
18;127;7;0.0
18;127;8;0.0
19;127;1;0.0
19;127;2;0.0
19;127;3;0.0
19;127;4;0.0
19;127;5;0.0
19;127;6;0.0
19;127;7;0.0
19;127;8;0.0
20;127;1;0.0
20;127;2;0.0
20;127;3;-5.29299323266394e-17
20;127;4;0.0
20;127;5;0.0
20;127;6;0.0
20;127;7;0.0
20;127;8;0.0
21;127;1;-2.3330410023319765e-17
21;127;2;-2.3330410023319765e-17
21;127;3;-8.343566816945736e-17
21;127;4;-2.9555113607851207e-13
21;127;5;-2.3330410023319765e-17
21;127;6;-2.3330410023319765e-17
21;127;7;-2.3330410023319765e-17
21;127;8;-2.3330410023319765e-17
22;127;1;-4.548237307441308e-17
22;127;2;-4.548237307441308e-17
22;127;3;-2.1065464795161886e-16
22;127;4;-5.3290705182007514e-14
22;127;5;-4.548237307441308e-17
22;127;6;-4.548237307441308e-17
22;127;7;-4.548237307441308e-17
22;127;8;-4.548237307441308e-17
23;127;1;0.0
23;127;2;0.0
23;127;3;0.0
23;127;4;0.0
23;127;5;0.0
23;127;6;0.0
23;127;7;0.0
23;127;8;0.0
24;127;1;0.0
24;127;2;0.0
24;127;3;0.0
24;127;4;0.0
24;127;5;0.0
24;127;6;0.0
24;127;7;0.0
24;127;8;0.0
25;127;1;0.0
25;127;2;0.0
25;127;3;0.0
25;127;4;0.0
25;127;5;0.0
25;127;6;0.0
25;127;7;0.0
25;127;8;0.0
26;127;1;0.0
26;127;2;0.0
26;127;3;0.0
26;127;4;0.0
26;127;5;0.0
26;127;6;0.0
26;127;7;0.0
26;127;8;0.0
27;127;1;0.0
27;127;2;0.0
27;127;3;0.0
27;127;4;0.0
27;127;5;0.0
27;127;6;0.0
27;127;7;0.0
27;127;8;0.0
28;127;1;0.0
28;127;2;0.0
28;127;3;0.0
28;127;4;0.0
28;127;5;0.0
28;127;6;0.0
28;127;7;0.0
28;127;8;0.0
29;127;1;0.0
29;127;2;0.0
29;127;3;0.0
29;127;4;0.0
29;127;5;0.0
29;127;6;0.0
29;127;7;0.0
29;127;8;0.0
30;127;1;0.0
30;127;2;0.0
30;127;3;0.0
30;127;4;0.0
30;127;5;0.0
30;127;6;0.0
30;127;7;0.0
30;127;8;0.0
31;127;1;0.0
31;127;2;0.0
31;127;3;0.0
31;127;4;0.0
31;127;5;0.0
31;127;6;0.0
31;127;7;0.0
31;127;8;0.0
32;127;1;0.0
32;127;2;0.0
32;127;3;0.0
32;127;4;0.0
32;127;5;0.0
32;127;6;0.0
32;127;7;0.0
32;127;8;0.0
33;127;1;0.0
33;127;2;0.0
33;127;3;0.0
33;127;4;0.0
33;127;5;0.0
33;127;6;0.0
33;127;7;0.0
33;127;8;0.0
34;127;1;0.0
34;127;2;0.0
34;127;3;0.0
34;127;4;0.0
34;127;5;0.0
34;127;6;0.0
34;127;7;0.0
34;127;8;0.0
35;127;1;0.0
35;127;2;0.0
35;127;3;0.0
35;127;4;0.0
35;127;5;0.0
35;127;6;0.0
35;127;7;0.0
35;127;8;0.0
36;127;1;0.0
36;127;2;0.0
36;127;3;0.0
36;127;4;0.0
36;127;5;0.0
36;127;6;0.0
36;127;7;0.0
36;127;8;0.0
37;127;1;0.0
37;127;2;0.0
37;127;3;0.0
37;127;4;0.0
37;127;5;0.0
37;127;6;0.0
37;127;7;0.0
37;127;8;0.0
38;127;1;0.0
38;127;2;0.0
38;127;3;0.0
38;127;4;0.0
38;127;5;0.0
38;127;6;0.0
38;127;7;0.0
38;127;8;0.0
39;127;1;0.0
39;127;2;0.0
39;127;3;0.0
39;127;4;0.0
39;127;5;0.0
39;127;6;0.0
39;127;7;0.0
39;127;8;0.0
40;127;1;0.0
40;127;2;0.0
40;127;3;0.0
40;127;4;0.0
40;127;5;0.0
40;127;6;0.0
40;127;7;0.0
40;127;8;0.0
41;127;1;0.0
41;127;2;0.0
41;127;3;0.0
41;127;4;0.0
41;127;5;0.0
41;127;6;0.0
41;127;7;0.0
41;127;8;0.0
42;127;1;0.0
42;127;2;0.0
42;127;3;0.0
42;127;4;0.0
42;127;5;0.0
42;127;6;0.0
42;127;7;0.0
42;127;8;0.0
43;127;1;0.0
43;127;2;0.0
43;127;3;0.0
43;127;4;0.0
43;127;5;0.0
43;127;6;0.0
43;127;7;0.0
43;127;8;0.0
44;127;1;0.0
44;127;2;0.0
44;127;3;0.0
44;127;4;0.0
44;127;5;0.0
44;127;6;0.0
44;127;7;0.0
44;127;8;0.0
45;127;1;0.0
45;127;2;0.0
45;127;3;0.0
45;127;4;0.0
45;127;5;0.0
45;127;6;0.0
45;127;7;0.0
45;127;8;0.0
46;127;1;0.0
46;127;2;0.0
46;127;3;0.0
46;127;4;0.0
46;127;5;0.0
46;127;6;0.0
46;127;7;0.0
46;127;8;0.0
47;127;1;-4.478184252917915e-17
47;127;2;-4.478184252917915e-17
47;127;3;-1.5481442614529492e-16
47;127;4;-1.975950034071961e-12
47;127;5;-4.478184252917915e-17
47;127;6;-4.478184252917915e-17
47;127;7;-4.478184252917915e-17
47;127;8;-4.478184252917915e-17
48;127;1;0.0
48;127;2;0.0
48;127;3;0.0
48;127;4;0.0
48;127;5;0.0
48;127;6;0.0
48;127;7;0.0
48;127;8;0.0
49;127;1;0.0
49;127;2;0.0
49;127;3;0.0
49;127;4;0.0
49;127;5;0.0
49;127;6;0.0
49;127;7;0.0
49;127;8;0.0
50;127;1;0.0
50;127;2;0.0
50;127;3;0.0
50;127;4;0.0
50;127;5;0.0
50;127;6;0.0
50;127;7;0.0
50;127;8;0.0
51;127;1;0.0
51;127;2;0.0
51;127;3;0.0
51;127;4;0.0
51;127;5;0.0
51;127;6;0.0
51;127;7;0.0
51;127;8;0.0
52;127;1;0.0
52;127;2;0.0
52;127;3;0.0
52;127;4;-3.261453255187625e-13
52;127;5;0.0
52;127;6;0.0
52;127;7;0.0
52;127;8;0.0
53;127;1;0.0
53;127;2;0.0
53;127;3;0.0
53;127;4;0.0
53;127;5;0.0
53;127;6;0.0
53;127;7;0.0
53;127;8;0.0
54;127;1;0.0
54;127;2;0.0
54;127;3;0.0
54;127;4;-7.82312616320784e-15
54;127;5;0.0
54;127;6;0.0
54;127;7;0.0
54;127;8;0.0
55;127;1;0.0
55;127;2;0.0
55;127;3;0.0
55;127;4;0.0
55;127;5;0.0
55;127;6;0.0
55;127;7;0.0
55;127;8;0.0
56;127;1;0.0
56;127;2;0.0
56;127;3;0.0
56;127;4;0.0
56;127;5;0.0
56;127;6;0.0
56;127;7;0.0
56;127;8;0.0
57;127;1;0.0
57;127;2;0.0
57;127;3;0.0
57;127;4;0.0
57;127;5;0.0
57;127;6;0.0
57;127;7;0.0
57;127;8;0.0
58;127;1;0.0
58;127;2;0.0
58;127;3;0.0
58;127;4;0.0
58;127;5;0.0
58;127;6;0.0
58;127;7;0.0
58;127;8;0.0
59;127;1;0.0
59;127;2;0.0
59;127;3;0.0
59;127;4;0.0
59;127;5;0.0
59;127;6;0.0
59;127;7;0.0
59;127;8;0.0
1;128;1;0.0
1;128;2;0.0
1;128;3;0.0
1;128;4;0.0
1;128;5;0.0
1;128;6;0.0
1;128;7;0.0
1;128;8;0.0
2;128;1;0.0
2;128;2;0.0
2;128;3;0.0
2;128;4;0.0
2;128;5;0.0
2;128;6;0.0
2;128;7;0.0
2;128;8;0.0
3;128;1;0.0
3;128;2;0.0
3;128;3;0.0
3;128;4;0.0
3;128;5;0.0
3;128;6;0.0
3;128;7;0.0
3;128;8;0.0
4;128;1;0.0
4;128;2;0.0
4;128;3;0.0
4;128;4;0.0
4;128;5;0.0
4;128;6;0.0
4;128;7;0.0
4;128;8;0.0
5;128;1;0.0
5;128;2;0.0
5;128;3;0.0
5;128;4;0.0
5;128;5;0.0
5;128;6;0.0
5;128;7;0.0
5;128;8;0.0
6;128;1;0.0
6;128;2;0.0
6;128;3;0.0
6;128;4;0.0
6;128;5;0.0
6;128;6;0.0
6;128;7;0.0
6;128;8;0.0
7;128;1;0.0
7;128;2;0.0
7;128;3;0.0
7;128;4;0.0
7;128;5;0.0
7;128;6;0.0
7;128;7;0.0
7;128;8;0.0
8;128;1;0.0
8;128;2;0.0
8;128;3;0.0
8;128;4;0.0
8;128;5;0.0
8;128;6;0.0
8;128;7;0.0
8;128;8;0.0
9;128;1;0.0
9;128;2;0.0
9;128;3;0.0
9;128;4;0.0
9;128;5;0.0
9;128;6;0.0
9;128;7;0.0
9;128;8;0.0
10;128;1;0.0
10;128;2;0.0
10;128;3;0.0
10;128;4;0.0
10;128;5;0.0
10;128;6;0.0
10;128;7;0.0
10;128;8;0.0
11;128;1;0.0
11;128;2;0.0
11;128;3;0.0
11;128;4;0.0
11;128;5;0.0
11;128;6;0.0
11;128;7;0.0
11;128;8;0.0
12;128;1;0.0
12;128;2;0.0
12;128;3;0.0
12;128;4;0.0
12;128;5;0.0
12;128;6;0.0
12;128;7;0.0
12;128;8;0.0
13;128;1;0.0
13;128;2;0.0
13;128;3;0.0
13;128;4;0.0
13;128;5;0.0
13;128;6;0.0
13;128;7;0.0
13;128;8;0.0
14;128;1;0.0
14;128;2;0.0
14;128;3;0.0
14;128;4;0.0
14;128;5;0.0
14;128;6;0.0
14;128;7;0.0
14;128;8;0.0
15;128;1;0.0
15;128;2;0.0
15;128;3;0.0
15;128;4;0.0
15;128;5;0.0
15;128;6;0.0
15;128;7;0.0
15;128;8;0.0
16;128;1;0.0
16;128;2;0.0
16;128;3;0.0
16;128;4;0.0
16;128;5;0.0
16;128;6;0.0
16;128;7;0.0
16;128;8;0.0
17;128;1;-2.7284860832722197e-17
17;128;2;-2.7284860832722197e-17
17;128;3;-9.93836467924945e-17
17;128;4;-1.000000000006871
17;128;5;-2.7284860832722197e-17
17;128;6;-2.7284860832722197e-17
17;128;7;-2.7284860832722197e-17
17;128;8;-2.7284860832722197e-17
18;128;1;0.0
18;128;2;0.0
18;128;3;0.0
18;128;4;0.0
18;128;5;0.0
18;128;6;0.0
18;128;7;0.0
18;128;8;0.0
19;128;1;0.0
19;128;2;0.0
19;128;3;0.0
19;128;4;0.0
19;128;5;0.0
19;128;6;0.0
19;128;7;0.0
19;128;8;0.0
20;128;1;0.0
20;128;2;0.0
20;128;3;6.564469269425278e-16
20;128;4;0.0
20;128;5;0.0
20;128;6;0.0
20;128;7;0.0
20;128;8;0.0
21;128;1;-3.834898572955011e-17
21;128;2;-3.834898572955011e-17
21;128;3;-1.3171248328715447e-16
21;128;4;-6.079017049286511e-13
21;128;5;-3.834898572955011e-17
21;128;6;-3.834898572955011e-17
21;128;7;-3.834898572955011e-17
21;128;8;-3.834898572955011e-17
22;128;1;-7.095815914170455e-17
22;128;2;-7.095815914170455e-17
22;128;3;-3.020043886542504e-16
22;128;4;-1.6964207816272392e-13
22;128;5;-7.095815914170455e-17
22;128;6;-7.095815914170455e-17
22;128;7;-7.095815914170455e-17
22;128;8;-7.095815914170455e-17
23;128;1;0.0
23;128;2;0.0
23;128;3;0.0
23;128;4;0.0
23;128;5;0.0
23;128;6;0.0
23;128;7;0.0
23;128;8;0.0
24;128;1;0.0
24;128;2;0.0
24;128;3;0.0
24;128;4;0.0
24;128;5;0.0
24;128;6;0.0
24;128;7;0.0
24;128;8;0.0
25;128;1;0.0
25;128;2;0.0
25;128;3;0.0
25;128;4;0.0
25;128;5;0.0
25;128;6;0.0
25;128;7;0.0
25;128;8;0.0
26;128;1;0.0
26;128;2;0.0
26;128;3;0.0
26;128;4;0.0
26;128;5;0.0
26;128;6;0.0
26;128;7;0.0
26;128;8;0.0
27;128;1;0.0
27;128;2;0.0
27;128;3;0.0
27;128;4;0.0
27;128;5;0.0
27;128;6;0.0
27;128;7;0.0
27;128;8;0.0
28;128;1;0.0
28;128;2;0.0
28;128;3;0.0
28;128;4;0.0
28;128;5;0.0
28;128;6;0.0
28;128;7;0.0
28;128;8;0.0
29;128;1;0.0
29;128;2;0.0
29;128;3;0.0
29;128;4;0.0
29;128;5;0.0
29;128;6;0.0
29;128;7;0.0
29;128;8;0.0
30;128;1;0.0
30;128;2;0.0
30;128;3;0.0
30;128;4;0.0
30;128;5;0.0
30;128;6;0.0
30;128;7;0.0
30;128;8;0.0
31;128;1;0.0
31;128;2;0.0
31;128;3;0.0
31;128;4;0.0
31;128;5;0.0
31;128;6;0.0
31;128;7;0.0
31;128;8;0.0
32;128;1;0.0
32;128;2;0.0
32;128;3;0.0
32;128;4;0.0
32;128;5;0.0
32;128;6;0.0
32;128;7;0.0
32;128;8;0.0
33;128;1;0.0
33;128;2;0.0
33;128;3;0.0
33;128;4;0.0
33;128;5;0.0
33;128;6;0.0
33;128;7;0.0
33;128;8;0.0
34;128;1;0.0
34;128;2;0.0
34;128;3;0.0
34;128;4;0.0
34;128;5;0.0
34;128;6;0.0
34;128;7;0.0
34;128;8;0.0
35;128;1;0.0
35;128;2;0.0
35;128;3;0.0
35;128;4;0.0
35;128;5;0.0
35;128;6;0.0
35;128;7;0.0
35;128;8;0.0
36;128;1;0.0
36;128;2;0.0
36;128;3;0.0
36;128;4;0.0
36;128;5;0.0
36;128;6;0.0
36;128;7;0.0
36;128;8;0.0
37;128;1;0.0
37;128;2;0.0
37;128;3;0.0
37;128;4;0.0
37;128;5;0.0
37;128;6;0.0
37;128;7;0.0
37;128;8;0.0
38;128;1;0.0
38;128;2;0.0
38;128;3;0.0
38;128;4;0.0
38;128;5;0.0
38;128;6;0.0
38;128;7;0.0
38;128;8;0.0
39;128;1;0.0
39;128;2;0.0
39;128;3;0.0
39;128;4;0.0
39;128;5;0.0
39;128;6;0.0
39;128;7;0.0
39;128;8;0.0
40;128;1;0.0
40;128;2;0.0
40;128;3;0.0
40;128;4;0.0
40;128;5;0.0
40;128;6;0.0
40;128;7;0.0
40;128;8;0.0
41;128;1;0.0
41;128;2;0.0
41;128;3;0.0
41;128;4;0.0
41;128;5;0.0
41;128;6;0.0
41;128;7;0.0
41;128;8;0.0
42;128;1;0.0
42;128;2;0.0
42;128;3;0.0
42;128;4;0.0
42;128;5;0.0
42;128;6;0.0
42;128;7;0.0
42;128;8;0.0
43;128;1;0.0
43;128;2;0.0
43;128;3;0.0
43;128;4;0.0
43;128;5;0.0
43;128;6;0.0
43;128;7;0.0
43;128;8;0.0
44;128;1;0.0
44;128;2;0.0
44;128;3;0.0
44;128;4;0.0
44;128;5;0.0
44;128;6;0.0
44;128;7;0.0
44;128;8;0.0
45;128;1;0.0
45;128;2;0.0
45;128;3;0.0
45;128;4;0.0
45;128;5;0.0
45;128;6;0.0
45;128;7;0.0
45;128;8;0.0
46;128;1;0.0
46;128;2;0.0
46;128;3;0.0
46;128;4;0.0
46;128;5;0.0
46;128;6;0.0
46;128;7;0.0
46;128;8;0.0
47;128;1;-6.750402306736698e-17
47;128;2;-6.750402306736698e-17
47;128;3;-2.3152563341745355e-16
47;128;4;-6.050043976185826e-13
47;128;5;-6.750402306736698e-17
47;128;6;-6.750402306736698e-17
47;128;7;-6.750402306736698e-17
47;128;8;-6.750402306736698e-17
48;128;1;0.0
48;128;2;0.0
48;128;3;0.0
48;128;4;0.0
48;128;5;0.0
48;128;6;0.0
48;128;7;0.0
48;128;8;0.0
49;128;1;0.0
49;128;2;0.0
49;128;3;0.0
49;128;4;0.0
49;128;5;0.0
49;128;6;0.0
49;128;7;0.0
49;128;8;0.0
50;128;1;0.0
50;128;2;0.0
50;128;3;0.0
50;128;4;0.0
50;128;5;0.0
50;128;6;0.0
50;128;7;0.0
50;128;8;0.0
51;128;1;0.0
51;128;2;0.0
51;128;3;0.0
51;128;4;0.0
51;128;5;0.0
51;128;6;0.0
51;128;7;0.0
51;128;8;0.0
52;128;1;0.0
52;128;2;0.0
52;128;3;0.0
52;128;4;-2.9058895157395555e-13
52;128;5;0.0
52;128;6;0.0
52;128;7;0.0
52;128;8;0.0
53;128;1;0.0
53;128;2;0.0
53;128;3;0.0
53;128;4;0.0
53;128;5;0.0
53;128;6;0.0
53;128;7;0.0
53;128;8;0.0
54;128;1;0.0
54;128;2;0.0
54;128;3;0.0
54;128;4;-2.0028423364237824e-12
54;128;5;0.0
54;128;6;0.0
54;128;7;0.0
54;128;8;0.0
55;128;1;0.0
55;128;2;0.0
55;128;3;0.0
55;128;4;0.0
55;128;5;0.0
55;128;6;0.0
55;128;7;0.0
55;128;8;0.0
56;128;1;0.0
56;128;2;0.0
56;128;3;0.0
56;128;4;0.0
56;128;5;0.0
56;128;6;0.0
56;128;7;0.0
56;128;8;0.0
57;128;1;0.0
57;128;2;0.0
57;128;3;0.0
57;128;4;0.0
57;128;5;0.0
57;128;6;0.0
57;128;7;0.0
57;128;8;0.0
58;128;1;0.0
58;128;2;0.0
58;128;3;0.0
58;128;4;0.0
58;128;5;0.0
58;128;6;0.0
58;128;7;0.0
58;128;8;0.0
59;128;1;0.0
59;128;2;0.0
59;128;3;0.0
59;128;4;0.0
59;128;5;0.0
59;128;6;0.0
59;128;7;0.0
59;128;8;0.0
1;129;1;0.0
1;129;2;0.0
1;129;3;0.0
1;129;4;0.0
1;129;5;0.0
1;129;6;0.0
1;129;7;0.0
1;129;8;0.0
2;129;1;0.0
2;129;2;0.0
2;129;3;0.0
2;129;4;0.0
2;129;5;0.0
2;129;6;0.0
2;129;7;0.0
2;129;8;0.0
3;129;1;0.0
3;129;2;0.0
3;129;3;0.0
3;129;4;0.0
3;129;5;0.0
3;129;6;0.0
3;129;7;0.0
3;129;8;0.0
4;129;1;0.0
4;129;2;0.0
4;129;3;0.0
4;129;4;0.0
4;129;5;0.0
4;129;6;0.0
4;129;7;0.0
4;129;8;0.0
5;129;1;0.0
5;129;2;0.0
5;129;3;0.0
5;129;4;0.0
5;129;5;0.0
5;129;6;0.0
5;129;7;0.0
5;129;8;0.0
6;129;1;0.0
6;129;2;0.0
6;129;3;0.0
6;129;4;0.0
6;129;5;0.0
6;129;6;0.0
6;129;7;0.0
6;129;8;0.0
7;129;1;0.0
7;129;2;0.0
7;129;3;0.0
7;129;4;0.0
7;129;5;0.0
7;129;6;0.0
7;129;7;0.0
7;129;8;0.0
8;129;1;0.0
8;129;2;0.0
8;129;3;0.0
8;129;4;0.0
8;129;5;0.0
8;129;6;0.0
8;129;7;0.0
8;129;8;0.0
9;129;1;0.0
9;129;2;0.0
9;129;3;0.0
9;129;4;0.0
9;129;5;0.0
9;129;6;0.0
9;129;7;0.0
9;129;8;0.0
10;129;1;0.0
10;129;2;0.0
10;129;3;0.0
10;129;4;0.0
10;129;5;0.0
10;129;6;0.0
10;129;7;0.0
10;129;8;0.0
11;129;1;0.0
11;129;2;0.0
11;129;3;0.0
11;129;4;0.0
11;129;5;0.0
11;129;6;0.0
11;129;7;0.0
11;129;8;0.0
12;129;1;0.0
12;129;2;0.0
12;129;3;0.0
12;129;4;0.0
12;129;5;0.0
12;129;6;0.0
12;129;7;0.0
12;129;8;0.0
13;129;1;0.0
13;129;2;0.0
13;129;3;0.0
13;129;4;0.0
13;129;5;0.0
13;129;6;0.0
13;129;7;0.0
13;129;8;0.0
14;129;1;0.0
14;129;2;0.0
14;129;3;0.0
14;129;4;0.0
14;129;5;0.0
14;129;6;0.0
14;129;7;0.0
14;129;8;0.0
15;129;1;0.0
15;129;2;0.0
15;129;3;0.0
15;129;4;0.0
15;129;5;0.0
15;129;6;0.0
15;129;7;0.0
15;129;8;0.0
16;129;1;0.0
16;129;2;0.0
16;129;3;0.0
16;129;4;0.0
16;129;5;0.0
16;129;6;0.0
16;129;7;0.0
16;129;8;0.0
17;129;1;0.0
17;129;2;0.0
17;129;3;0.0
17;129;4;-0.999999999674951
17;129;5;0.0
17;129;6;0.0
17;129;7;0.0
17;129;8;0.0
18;129;1;0.0
18;129;2;0.0
18;129;3;0.0
18;129;4;0.0
18;129;5;0.0
18;129;6;0.0
18;129;7;0.0
18;129;8;0.0
19;129;1;0.0
19;129;2;0.0
19;129;3;0.0
19;129;4;0.0
19;129;5;0.0
19;129;6;0.0
19;129;7;0.0
19;129;8;0.0
20;129;1;0.0
20;129;2;0.0
20;129;3;0.0
20;129;4;0.0
20;129;5;0.0
20;129;6;0.0
20;129;7;0.0
20;129;8;0.0
21;129;1;0.0
21;129;2;0.0
21;129;3;0.0
21;129;4;-2.6524836773501867e-13
21;129;5;0.0
21;129;6;0.0
21;129;7;0.0
21;129;8;0.0
22;129;1;0.0
22;129;2;0.0
22;129;3;0.0
22;129;4;-5.062616992290714e-14
22;129;5;0.0
22;129;6;0.0
22;129;7;0.0
22;129;8;0.0
23;129;1;0.0
23;129;2;0.0
23;129;3;0.0
23;129;4;0.0
23;129;5;0.0
23;129;6;0.0
23;129;7;0.0
23;129;8;0.0
24;129;1;0.0
24;129;2;0.0
24;129;3;0.0
24;129;4;0.0
24;129;5;0.0
24;129;6;0.0
24;129;7;0.0
24;129;8;0.0
25;129;1;0.0
25;129;2;0.0
25;129;3;0.0
25;129;4;0.0
25;129;5;0.0
25;129;6;0.0
25;129;7;0.0
25;129;8;0.0
26;129;1;0.0
26;129;2;0.0
26;129;3;0.0
26;129;4;0.0
26;129;5;0.0
26;129;6;0.0
26;129;7;0.0
26;129;8;0.0
27;129;1;0.0
27;129;2;0.0
27;129;3;0.0
27;129;4;0.0
27;129;5;0.0
27;129;6;0.0
27;129;7;0.0
27;129;8;0.0
28;129;1;0.0
28;129;2;0.0
28;129;3;0.0
28;129;4;0.0
28;129;5;0.0
28;129;6;0.0
28;129;7;0.0
28;129;8;0.0
29;129;1;0.0
29;129;2;0.0
29;129;3;0.0
29;129;4;0.0
29;129;5;0.0
29;129;6;0.0
29;129;7;0.0
29;129;8;0.0
30;129;1;0.0
30;129;2;0.0
30;129;3;0.0
30;129;4;0.0
30;129;5;0.0
30;129;6;0.0
30;129;7;0.0
30;129;8;0.0
31;129;1;0.0
31;129;2;0.0
31;129;3;0.0
31;129;4;0.0
31;129;5;0.0
31;129;6;0.0
31;129;7;0.0
31;129;8;0.0
32;129;1;0.0
32;129;2;0.0
32;129;3;0.0
32;129;4;0.0
32;129;5;0.0
32;129;6;0.0
32;129;7;0.0
32;129;8;0.0
33;129;1;0.0
33;129;2;0.0
33;129;3;0.0
33;129;4;0.0
33;129;5;0.0
33;129;6;0.0
33;129;7;0.0
33;129;8;0.0
34;129;1;0.0
34;129;2;0.0
34;129;3;0.0
34;129;4;0.0
34;129;5;0.0
34;129;6;0.0
34;129;7;0.0
34;129;8;0.0
35;129;1;0.0
35;129;2;0.0
35;129;3;0.0
35;129;4;0.0
35;129;5;0.0
35;129;6;0.0
35;129;7;0.0
35;129;8;0.0
36;129;1;0.0
36;129;2;0.0
36;129;3;0.0
36;129;4;0.0
36;129;5;0.0
36;129;6;0.0
36;129;7;0.0
36;129;8;0.0
37;129;1;0.0
37;129;2;0.0
37;129;3;0.0
37;129;4;0.0
37;129;5;0.0
37;129;6;0.0
37;129;7;0.0
37;129;8;0.0
38;129;1;0.0
38;129;2;0.0
38;129;3;0.0
38;129;4;0.0
38;129;5;0.0
38;129;6;0.0
38;129;7;0.0
38;129;8;0.0
39;129;1;0.0
39;129;2;0.0
39;129;3;0.0
39;129;4;0.0
39;129;5;0.0
39;129;6;0.0
39;129;7;0.0
39;129;8;0.0
40;129;1;0.0
40;129;2;0.0
40;129;3;0.0
40;129;4;0.0
40;129;5;0.0
40;129;6;0.0
40;129;7;0.0
40;129;8;0.0
41;129;1;0.0
41;129;2;0.0
41;129;3;0.0
41;129;4;0.0
41;129;5;0.0
41;129;6;0.0
41;129;7;0.0
41;129;8;0.0
42;129;1;0.0
42;129;2;0.0
42;129;3;0.0
42;129;4;0.0
42;129;5;0.0
42;129;6;0.0
42;129;7;0.0
42;129;8;0.0
43;129;1;0.0
43;129;2;0.0
43;129;3;0.0
43;129;4;0.0
43;129;5;0.0
43;129;6;0.0
43;129;7;0.0
43;129;8;0.0
44;129;1;0.0
44;129;2;0.0
44;129;3;0.0
44;129;4;0.0
44;129;5;0.0
44;129;6;0.0
44;129;7;0.0
44;129;8;0.0
45;129;1;0.0
45;129;2;0.0
45;129;3;0.0
45;129;4;0.0
45;129;5;0.0
45;129;6;0.0
45;129;7;0.0
45;129;8;0.0
46;129;1;0.0
46;129;2;0.0
46;129;3;0.0
46;129;4;0.0
46;129;5;0.0
46;129;6;0.0
46;129;7;0.0
46;129;8;0.0
47;129;1;0.0
47;129;2;0.0
47;129;3;0.0
47;129;4;-3.2469943852011837e-10
47;129;5;0.0
47;129;6;0.0
47;129;7;0.0
47;129;8;0.0
48;129;1;0.0
48;129;2;0.0
48;129;3;0.0
48;129;4;0.0
48;129;5;0.0
48;129;6;0.0
48;129;7;0.0
48;129;8;0.0
49;129;1;0.0
49;129;2;0.0
49;129;3;0.0
49;129;4;0.0
49;129;5;0.0
49;129;6;0.0
49;129;7;0.0
49;129;8;0.0
50;129;1;0.0
50;129;2;0.0
50;129;3;0.0
50;129;4;0.0
50;129;5;0.0
50;129;6;0.0
50;129;7;0.0
50;129;8;0.0
51;129;1;0.0
51;129;2;0.0
51;129;3;0.0
51;129;4;0.0
51;129;5;0.0
51;129;6;0.0
51;129;7;0.0
51;129;8;0.0
52;129;1;0.0
52;129;2;0.0
52;129;3;0.0
52;129;4;-1.6179621220119737e-13
52;129;5;0.0
52;129;6;0.0
52;129;7;0.0
52;129;8;0.0
53;129;1;0.0
53;129;2;0.0
53;129;3;0.0
53;129;4;0.0
53;129;5;0.0
53;129;6;0.0
53;129;7;0.0
53;129;8;0.0
54;129;1;0.0
54;129;2;0.0
54;129;3;0.0
54;129;4;-9.327305463984731e-15
54;129;5;0.0
54;129;6;0.0
54;129;7;0.0
54;129;8;0.0
55;129;1;0.0
55;129;2;0.0
55;129;3;0.0
55;129;4;0.0
55;129;5;0.0
55;129;6;0.0
55;129;7;0.0
55;129;8;0.0
56;129;1;0.0
56;129;2;0.0
56;129;3;0.0
56;129;4;0.0
56;129;5;0.0
56;129;6;0.0
56;129;7;0.0
56;129;8;0.0
57;129;1;0.0
57;129;2;0.0
57;129;3;0.0
57;129;4;0.0
57;129;5;0.0
57;129;6;0.0
57;129;7;0.0
57;129;8;0.0
58;129;1;0.0
58;129;2;0.0
58;129;3;0.0
58;129;4;0.0
58;129;5;0.0
58;129;6;0.0
58;129;7;0.0
58;129;8;0.0
59;129;1;0.0
59;129;2;0.0
59;129;3;0.0
59;129;4;0.0
59;129;5;0.0
59;129;6;0.0
59;129;7;0.0
59;129;8;0.0
1;130;1;0.0
1;130;2;0.0
1;130;3;0.0
1;130;4;0.0
1;130;5;0.0
1;130;6;0.0
1;130;7;0.0
1;130;8;0.0
2;130;1;0.0
2;130;2;0.0
2;130;3;0.0
2;130;4;0.0
2;130;5;0.0
2;130;6;0.0
2;130;7;0.0
2;130;8;0.0
3;130;1;0.0
3;130;2;0.0
3;130;3;0.0
3;130;4;0.0
3;130;5;0.0
3;130;6;0.0
3;130;7;0.0
3;130;8;0.0
4;130;1;0.0
4;130;2;0.0
4;130;3;0.0
4;130;4;0.0
4;130;5;0.0
4;130;6;0.0
4;130;7;0.0
4;130;8;0.0
5;130;1;0.0
5;130;2;0.0
5;130;3;0.0
5;130;4;0.0
5;130;5;0.0
5;130;6;0.0
5;130;7;0.0
5;130;8;0.0
6;130;1;0.0
6;130;2;0.0
6;130;3;0.0
6;130;4;0.0
6;130;5;0.0
6;130;6;0.0
6;130;7;0.0
6;130;8;0.0
7;130;1;0.0
7;130;2;0.0
7;130;3;0.0
7;130;4;0.0
7;130;5;0.0
7;130;6;0.0
7;130;7;0.0
7;130;8;0.0
8;130;1;0.0
8;130;2;0.0
8;130;3;0.0
8;130;4;0.0
8;130;5;0.0
8;130;6;0.0
8;130;7;0.0
8;130;8;0.0
9;130;1;0.0
9;130;2;0.0
9;130;3;0.0
9;130;4;0.0
9;130;5;0.0
9;130;6;0.0
9;130;7;0.0
9;130;8;0.0
10;130;1;0.0
10;130;2;0.0
10;130;3;0.0
10;130;4;0.0
10;130;5;0.0
10;130;6;0.0
10;130;7;0.0
10;130;8;0.0
11;130;1;0.0
11;130;2;0.0
11;130;3;0.0
11;130;4;0.0
11;130;5;0.0
11;130;6;0.0
11;130;7;0.0
11;130;8;0.0
12;130;1;0.0
12;130;2;0.0
12;130;3;0.0
12;130;4;0.0
12;130;5;0.0
12;130;6;0.0
12;130;7;0.0
12;130;8;0.0
13;130;1;0.0
13;130;2;0.0
13;130;3;0.0
13;130;4;0.0
13;130;5;0.0
13;130;6;0.0
13;130;7;0.0
13;130;8;0.0
14;130;1;0.0
14;130;2;0.0
14;130;3;0.0
14;130;4;0.0
14;130;5;0.0
14;130;6;0.0
14;130;7;0.0
14;130;8;0.0
15;130;1;0.0
15;130;2;0.0
15;130;3;0.0
15;130;4;0.0
15;130;5;0.0
15;130;6;0.0
15;130;7;0.0
15;130;8;0.0
16;130;1;0.0
16;130;2;0.0
16;130;3;0.0
16;130;4;0.0
16;130;5;0.0
16;130;6;0.0
16;130;7;0.0
16;130;8;0.0
17;130;1;0.0
17;130;2;0.0
17;130;3;0.0
17;130;4;-0.9999999973703471
17;130;5;0.0
17;130;6;0.0
17;130;7;0.0
17;130;8;0.0
18;130;1;0.0
18;130;2;0.0
18;130;3;0.0
18;130;4;0.0
18;130;5;0.0
18;130;6;0.0
18;130;7;0.0
18;130;8;0.0
19;130;1;0.0
19;130;2;0.0
19;130;3;0.0
19;130;4;0.0
19;130;5;0.0
19;130;6;0.0
19;130;7;0.0
19;130;8;0.0
20;130;1;0.0
20;130;2;0.0
20;130;3;0.0
20;130;4;0.0
20;130;5;0.0
20;130;6;0.0
20;130;7;0.0
20;130;8;0.0
21;130;1;0.0
21;130;2;0.0
21;130;3;0.0
21;130;4;-3.2745606511464203e-13
21;130;5;0.0
21;130;6;0.0
21;130;7;0.0
21;130;8;0.0
22;130;1;-1.9742096880732177e-17
22;130;2;-1.9742096880732177e-17
22;130;3;0.0
22;130;4;-5.1514348342607263e-14
22;130;5;-1.9742096880732177e-17
22;130;6;-1.9742096880732177e-17
22;130;7;-1.9742096880732177e-17
22;130;8;-1.9742096880732177e-17
23;130;1;0.0
23;130;2;0.0
23;130;3;0.0
23;130;4;0.0
23;130;5;0.0
23;130;6;0.0
23;130;7;0.0
23;130;8;0.0
24;130;1;0.0
24;130;2;0.0
24;130;3;0.0
24;130;4;0.0
24;130;5;0.0
24;130;6;0.0
24;130;7;0.0
24;130;8;0.0
25;130;1;0.0
25;130;2;0.0
25;130;3;0.0
25;130;4;0.0
25;130;5;0.0
25;130;6;0.0
25;130;7;0.0
25;130;8;0.0
26;130;1;0.0
26;130;2;0.0
26;130;3;0.0
26;130;4;0.0
26;130;5;0.0
26;130;6;0.0
26;130;7;0.0
26;130;8;0.0
27;130;1;0.0
27;130;2;0.0
27;130;3;0.0
27;130;4;0.0
27;130;5;0.0
27;130;6;0.0
27;130;7;0.0
27;130;8;0.0
28;130;1;0.0
28;130;2;0.0
28;130;3;0.0
28;130;4;0.0
28;130;5;0.0
28;130;6;0.0
28;130;7;0.0
28;130;8;0.0
29;130;1;0.0
29;130;2;0.0
29;130;3;0.0
29;130;4;0.0
29;130;5;0.0
29;130;6;0.0
29;130;7;0.0
29;130;8;0.0
30;130;1;0.0
30;130;2;0.0
30;130;3;0.0
30;130;4;0.0
30;130;5;0.0
30;130;6;0.0
30;130;7;0.0
30;130;8;0.0
31;130;1;0.0
31;130;2;0.0
31;130;3;0.0
31;130;4;0.0
31;130;5;0.0
31;130;6;0.0
31;130;7;0.0
31;130;8;0.0
32;130;1;0.0
32;130;2;0.0
32;130;3;0.0
32;130;4;0.0
32;130;5;0.0
32;130;6;0.0
32;130;7;0.0
32;130;8;0.0
33;130;1;0.0
33;130;2;0.0
33;130;3;0.0
33;130;4;0.0
33;130;5;0.0
33;130;6;0.0
33;130;7;0.0
33;130;8;0.0
34;130;1;0.0
34;130;2;0.0
34;130;3;0.0
34;130;4;0.0
34;130;5;0.0
34;130;6;0.0
34;130;7;0.0
34;130;8;0.0
35;130;1;0.0
35;130;2;0.0
35;130;3;0.0
35;130;4;0.0
35;130;5;0.0
35;130;6;0.0
35;130;7;0.0
35;130;8;0.0
36;130;1;0.0
36;130;2;0.0
36;130;3;0.0
36;130;4;0.0
36;130;5;0.0
36;130;6;0.0
36;130;7;0.0
36;130;8;0.0
37;130;1;0.0
37;130;2;0.0
37;130;3;0.0
37;130;4;0.0
37;130;5;0.0
37;130;6;0.0
37;130;7;0.0
37;130;8;0.0
38;130;1;0.0
38;130;2;0.0
38;130;3;0.0
38;130;4;0.0
38;130;5;0.0
38;130;6;0.0
38;130;7;0.0
38;130;8;0.0
39;130;1;0.0
39;130;2;0.0
39;130;3;0.0
39;130;4;0.0
39;130;5;0.0
39;130;6;0.0
39;130;7;0.0
39;130;8;0.0
40;130;1;0.0
40;130;2;0.0
40;130;3;0.0
40;130;4;0.0
40;130;5;0.0
40;130;6;0.0
40;130;7;0.0
40;130;8;0.0
41;130;1;0.0
41;130;2;0.0
41;130;3;0.0
41;130;4;0.0
41;130;5;0.0
41;130;6;0.0
41;130;7;0.0
41;130;8;0.0
42;130;1;0.0
42;130;2;0.0
42;130;3;0.0
42;130;4;0.0
42;130;5;0.0
42;130;6;0.0
42;130;7;0.0
42;130;8;0.0
43;130;1;0.0
43;130;2;0.0
43;130;3;0.0
43;130;4;0.0
43;130;5;0.0
43;130;6;0.0
43;130;7;0.0
43;130;8;0.0
44;130;1;0.0
44;130;2;0.0
44;130;3;0.0
44;130;4;0.0
44;130;5;0.0
44;130;6;0.0
44;130;7;0.0
44;130;8;0.0
45;130;1;0.0
45;130;2;0.0
45;130;3;0.0
45;130;4;0.0
45;130;5;0.0
45;130;6;0.0
45;130;7;0.0
45;130;8;0.0
46;130;1;0.0
46;130;2;0.0
46;130;3;0.0
46;130;4;0.0
46;130;5;0.0
46;130;6;0.0
46;130;7;0.0
46;130;8;0.0
47;130;1;0.0
47;130;2;0.0
47;130;3;0.0
47;130;4;-2.6289523394160293e-09
47;130;5;0.0
47;130;6;0.0
47;130;7;0.0
47;130;8;0.0
48;130;1;0.0
48;130;2;0.0
48;130;3;0.0
48;130;4;0.0
48;130;5;0.0
48;130;6;0.0
48;130;7;0.0
48;130;8;0.0
49;130;1;0.0
49;130;2;0.0
49;130;3;0.0
49;130;4;0.0
49;130;5;0.0
49;130;6;0.0
49;130;7;0.0
49;130;8;0.0
50;130;1;0.0
50;130;2;0.0
50;130;3;0.0
50;130;4;0.0
50;130;5;0.0
50;130;6;0.0
50;130;7;0.0
50;130;8;0.0
51;130;1;0.0
51;130;2;0.0
51;130;3;0.0
51;130;4;0.0
51;130;5;0.0
51;130;6;0.0
51;130;7;0.0
51;130;8;0.0
52;130;1;0.0
52;130;2;0.0
52;130;3;0.0
52;130;4;-3.1896744612909397e-13
52;130;5;0.0
52;130;6;0.0
52;130;7;0.0
52;130;8;0.0
53;130;1;0.0
53;130;2;0.0
53;130;3;0.0
53;130;4;0.0
53;130;5;0.0
53;130;6;0.0
53;130;7;0.0
53;130;8;0.0
54;130;1;0.0
54;130;2;0.0
54;130;3;0.0
54;130;4;-8.735641776287212e-15
54;130;5;0.0
54;130;6;0.0
54;130;7;0.0
54;130;8;0.0
55;130;1;0.0
55;130;2;0.0
55;130;3;0.0
55;130;4;0.0
55;130;5;0.0
55;130;6;0.0
55;130;7;0.0
55;130;8;0.0
56;130;1;0.0
56;130;2;0.0
56;130;3;0.0
56;130;4;0.0
56;130;5;0.0
56;130;6;0.0
56;130;7;0.0
56;130;8;0.0
57;130;1;0.0
57;130;2;0.0
57;130;3;0.0
57;130;4;0.0
57;130;5;0.0
57;130;6;0.0
57;130;7;0.0
57;130;8;0.0
58;130;1;0.0
58;130;2;0.0
58;130;3;0.0
58;130;4;0.0
58;130;5;0.0
58;130;6;0.0
58;130;7;0.0
58;130;8;0.0
59;130;1;0.0
59;130;2;0.0
59;130;3;0.0
59;130;4;0.0
59;130;5;0.0
59;130;6;0.0
59;130;7;0.0
59;130;8;0.0
1;131;1;0.0
1;131;2;0.0
1;131;3;0.0
1;131;4;0.0
1;131;5;0.0
1;131;6;0.0
1;131;7;0.0
1;131;8;0.0
2;131;1;0.0
2;131;2;0.0
2;131;3;0.0
2;131;4;0.0
2;131;5;0.0
2;131;6;0.0
2;131;7;0.0
2;131;8;0.0
3;131;1;0.0
3;131;2;0.0
3;131;3;0.0
3;131;4;0.0
3;131;5;0.0
3;131;6;0.0
3;131;7;0.0
3;131;8;0.0
4;131;1;0.0
4;131;2;0.0
4;131;3;0.0
4;131;4;0.0
4;131;5;0.0
4;131;6;0.0
4;131;7;0.0
4;131;8;0.0
5;131;1;0.0
5;131;2;0.0
5;131;3;0.0
5;131;4;0.0
5;131;5;0.0
5;131;6;0.0
5;131;7;0.0
5;131;8;0.0
6;131;1;0.0
6;131;2;0.0
6;131;3;0.0
6;131;4;0.0
6;131;5;0.0
6;131;6;0.0
6;131;7;0.0
6;131;8;0.0
7;131;1;0.0
7;131;2;0.0
7;131;3;0.0
7;131;4;0.0
7;131;5;0.0
7;131;6;0.0
7;131;7;0.0
7;131;8;0.0
8;131;1;0.0
8;131;2;0.0
8;131;3;0.0
8;131;4;0.0
8;131;5;0.0
8;131;6;0.0
8;131;7;0.0
8;131;8;0.0
9;131;1;0.0
9;131;2;0.0
9;131;3;0.0
9;131;4;0.0
9;131;5;0.0
9;131;6;0.0
9;131;7;0.0
9;131;8;0.0
10;131;1;0.0
10;131;2;0.0
10;131;3;0.0
10;131;4;0.0
10;131;5;0.0
10;131;6;0.0
10;131;7;0.0
10;131;8;0.0
11;131;1;0.0
11;131;2;0.0
11;131;3;0.0
11;131;4;0.0
11;131;5;0.0
11;131;6;0.0
11;131;7;0.0
11;131;8;0.0
12;131;1;0.0
12;131;2;0.0
12;131;3;0.0
12;131;4;0.0
12;131;5;0.0
12;131;6;0.0
12;131;7;0.0
12;131;8;0.0
13;131;1;0.0
13;131;2;0.0
13;131;3;0.0
13;131;4;0.0
13;131;5;0.0
13;131;6;0.0
13;131;7;0.0
13;131;8;0.0
14;131;1;0.0
14;131;2;0.0
14;131;3;0.0
14;131;4;0.0
14;131;5;0.0
14;131;6;0.0
14;131;7;0.0
14;131;8;0.0
15;131;1;0.0
15;131;2;0.0
15;131;3;0.0
15;131;4;0.0
15;131;5;0.0
15;131;6;0.0
15;131;7;0.0
15;131;8;0.0
16;131;1;0.0
16;131;2;0.0
16;131;3;0.0
16;131;4;0.0
16;131;5;0.0
16;131;6;0.0
16;131;7;0.0
16;131;8;0.0
17;131;1;-9.55509939721501e-18
17;131;2;-9.55509939721501e-18
17;131;3;-3.550306279595431e-17
17;131;4;-0.9999999974481384
17;131;5;-9.55509939721501e-18
17;131;6;-9.55509939721501e-18
17;131;7;-9.55509939721501e-18
17;131;8;-9.55509939721501e-18
18;131;1;0.0
18;131;2;0.0
18;131;3;0.0
18;131;4;0.0
18;131;5;0.0
18;131;6;0.0
18;131;7;0.0
18;131;8;0.0
19;131;1;0.0
19;131;2;0.0
19;131;3;0.0
19;131;4;0.0
19;131;5;0.0
19;131;6;0.0
19;131;7;0.0
19;131;8;0.0
20;131;1;0.0
20;131;2;0.0
20;131;3;-3.0504620474630745e-17
20;131;4;0.0
20;131;5;0.0
20;131;6;0.0
20;131;7;0.0
20;131;8;0.0
21;131;1;-1.1039964783110074e-17
21;131;2;-1.1039964783110074e-17
21;131;3;-3.3632086078031414e-17
21;131;4;-2.943646591495908e-13
21;131;5;-1.1039964783110074e-17
21;131;6;-1.1039964783110074e-17
21;131;7;-1.1039964783110074e-17
21;131;8;-1.1039964783110074e-17
22;131;1;-2.5289617113412928e-17
22;131;2;-2.5289617113412928e-17
22;131;3;-1.0382381331308829e-16
22;131;4;-4.884981308350689e-14
22;131;5;-2.5289617113412928e-17
22;131;6;-2.5289617113412928e-17
22;131;7;-2.5289617113412928e-17
22;131;8;-2.5289617113412928e-17
23;131;1;0.0
23;131;2;0.0
23;131;3;0.0
23;131;4;0.0
23;131;5;0.0
23;131;6;0.0
23;131;7;0.0
23;131;8;0.0
24;131;1;0.0
24;131;2;0.0
24;131;3;0.0
24;131;4;0.0
24;131;5;0.0
24;131;6;0.0
24;131;7;0.0
24;131;8;0.0
25;131;1;0.0
25;131;2;0.0
25;131;3;0.0
25;131;4;0.0
25;131;5;0.0
25;131;6;0.0
25;131;7;0.0
25;131;8;0.0
26;131;1;0.0
26;131;2;0.0
26;131;3;0.0
26;131;4;0.0
26;131;5;0.0
26;131;6;0.0
26;131;7;0.0
26;131;8;0.0
27;131;1;0.0
27;131;2;0.0
27;131;3;0.0
27;131;4;0.0
27;131;5;0.0
27;131;6;0.0
27;131;7;0.0
27;131;8;0.0
28;131;1;0.0
28;131;2;0.0
28;131;3;0.0
28;131;4;0.0
28;131;5;0.0
28;131;6;0.0
28;131;7;0.0
28;131;8;0.0
29;131;1;0.0
29;131;2;0.0
29;131;3;0.0
29;131;4;0.0
29;131;5;0.0
29;131;6;0.0
29;131;7;0.0
29;131;8;0.0
30;131;1;0.0
30;131;2;0.0
30;131;3;0.0
30;131;4;0.0
30;131;5;0.0
30;131;6;0.0
30;131;7;0.0
30;131;8;0.0
31;131;1;0.0
31;131;2;0.0
31;131;3;0.0
31;131;4;0.0
31;131;5;0.0
31;131;6;0.0
31;131;7;0.0
31;131;8;0.0
32;131;1;0.0
32;131;2;0.0
32;131;3;0.0
32;131;4;0.0
32;131;5;0.0
32;131;6;0.0
32;131;7;0.0
32;131;8;0.0
33;131;1;0.0
33;131;2;0.0
33;131;3;0.0
33;131;4;0.0
33;131;5;0.0
33;131;6;0.0
33;131;7;0.0
33;131;8;0.0
34;131;1;0.0
34;131;2;0.0
34;131;3;0.0
34;131;4;0.0
34;131;5;0.0
34;131;6;0.0
34;131;7;0.0
34;131;8;0.0
35;131;1;0.0
35;131;2;0.0
35;131;3;0.0
35;131;4;0.0
35;131;5;0.0
35;131;6;0.0
35;131;7;0.0
35;131;8;0.0
36;131;1;0.0
36;131;2;0.0
36;131;3;0.0
36;131;4;0.0
36;131;5;0.0
36;131;6;0.0
36;131;7;0.0
36;131;8;0.0
37;131;1;0.0
37;131;2;0.0
37;131;3;0.0
37;131;4;0.0
37;131;5;0.0
37;131;6;0.0
37;131;7;0.0
37;131;8;0.0
38;131;1;0.0
38;131;2;0.0
38;131;3;0.0
38;131;4;0.0
38;131;5;0.0
38;131;6;0.0
38;131;7;0.0
38;131;8;0.0
39;131;1;0.0
39;131;2;0.0
39;131;3;0.0
39;131;4;0.0
39;131;5;0.0
39;131;6;0.0
39;131;7;0.0
39;131;8;0.0
40;131;1;0.0
40;131;2;0.0
40;131;3;0.0
40;131;4;0.0
40;131;5;0.0
40;131;6;0.0
40;131;7;0.0
40;131;8;0.0
41;131;1;0.0
41;131;2;0.0
41;131;3;0.0
41;131;4;0.0
41;131;5;0.0
41;131;6;0.0
41;131;7;0.0
41;131;8;0.0
42;131;1;0.0
42;131;2;0.0
42;131;3;0.0
42;131;4;0.0
42;131;5;0.0
42;131;6;0.0
42;131;7;0.0
42;131;8;0.0
43;131;1;0.0
43;131;2;0.0
43;131;3;0.0
43;131;4;0.0
43;131;5;0.0
43;131;6;0.0
43;131;7;0.0
43;131;8;0.0
44;131;1;0.0
44;131;2;0.0
44;131;3;0.0
44;131;4;0.0
44;131;5;0.0
44;131;6;0.0
44;131;7;0.0
44;131;8;0.0
45;131;1;0.0
45;131;2;0.0
45;131;3;0.0
45;131;4;0.0
45;131;5;0.0
45;131;6;0.0
45;131;7;0.0
45;131;8;0.0
46;131;1;0.0
46;131;2;0.0
46;131;3;0.0
46;131;4;0.0
46;131;5;0.0
46;131;6;0.0
46;131;7;0.0
46;131;8;0.0
47;131;1;-1.7224558011089846e-17
47;131;2;-1.7224558011089846e-17
47;131;3;-8.03100373279316e-17
47;131;4;-2.5551448878257413e-09
47;131;5;-1.7224558011089846e-17
47;131;6;-1.7224558011089846e-17
47;131;7;-1.7224558011089846e-17
47;131;8;-1.7224558011089846e-17
48;131;1;0.0
48;131;2;0.0
48;131;3;0.0
48;131;4;0.0
48;131;5;0.0
48;131;6;0.0
48;131;7;0.0
48;131;8;0.0
49;131;1;0.0
49;131;2;0.0
49;131;3;0.0
49;131;4;0.0
49;131;5;0.0
49;131;6;0.0
49;131;7;0.0
49;131;8;0.0
50;131;1;0.0
50;131;2;0.0
50;131;3;0.0
50;131;4;0.0
50;131;5;0.0
50;131;6;0.0
50;131;7;0.0
50;131;8;0.0
51;131;1;0.0
51;131;2;0.0
51;131;3;0.0
51;131;4;0.0
51;131;5;0.0
51;131;6;0.0
51;131;7;0.0
51;131;8;0.0
52;131;1;0.0
52;131;2;0.0
52;131;3;0.0
52;131;4;-3.2235004271186325e-13
52;131;5;0.0
52;131;6;0.0
52;131;7;0.0
52;131;8;0.0
53;131;1;0.0
53;131;2;0.0
53;131;3;0.0
53;131;4;0.0
53;131;5;0.0
53;131;6;0.0
53;131;7;0.0
53;131;8;0.0
54;131;1;0.0
54;131;2;0.0
54;131;3;0.0
54;131;4;-8.2372287843525e-15
54;131;5;0.0
54;131;6;0.0
54;131;7;0.0
54;131;8;0.0
55;131;1;0.0
55;131;2;0.0
55;131;3;0.0
55;131;4;0.0
55;131;5;0.0
55;131;6;0.0
55;131;7;0.0
55;131;8;0.0
56;131;1;0.0
56;131;2;0.0
56;131;3;0.0
56;131;4;0.0
56;131;5;0.0
56;131;6;0.0
56;131;7;0.0
56;131;8;0.0
57;131;1;0.0
57;131;2;0.0
57;131;3;0.0
57;131;4;0.0
57;131;5;0.0
57;131;6;0.0
57;131;7;0.0
57;131;8;0.0
58;131;1;0.0
58;131;2;0.0
58;131;3;0.0
58;131;4;0.0
58;131;5;0.0
58;131;6;0.0
58;131;7;0.0
58;131;8;0.0
59;131;1;0.0
59;131;2;0.0
59;131;3;0.0
59;131;4;0.0
59;131;5;0.0
59;131;6;0.0
59;131;7;0.0
59;131;8;0.0
1;132;1;0.0
1;132;2;0.0
1;132;3;0.0
1;132;4;0.0
1;132;5;0.0
1;132;6;0.0
1;132;7;0.0
1;132;8;0.0
2;132;1;0.0
2;132;2;0.0
2;132;3;0.0
2;132;4;0.0
2;132;5;0.0
2;132;6;0.0
2;132;7;0.0
2;132;8;0.0
3;132;1;0.0
3;132;2;0.0
3;132;3;0.0
3;132;4;0.0
3;132;5;0.0
3;132;6;0.0
3;132;7;0.0
3;132;8;0.0
4;132;1;0.0
4;132;2;0.0
4;132;3;0.0
4;132;4;0.0
4;132;5;0.0
4;132;6;0.0
4;132;7;0.0
4;132;8;0.0
5;132;1;0.0
5;132;2;0.0
5;132;3;0.0
5;132;4;0.0
5;132;5;0.0
5;132;6;0.0
5;132;7;0.0
5;132;8;0.0
6;132;1;0.0
6;132;2;0.0
6;132;3;0.0
6;132;4;0.0
6;132;5;0.0
6;132;6;0.0
6;132;7;0.0
6;132;8;0.0
7;132;1;0.0
7;132;2;0.0
7;132;3;0.0
7;132;4;0.0
7;132;5;0.0
7;132;6;0.0
7;132;7;0.0
7;132;8;0.0
8;132;1;0.0
8;132;2;0.0
8;132;3;0.0
8;132;4;0.0
8;132;5;0.0
8;132;6;0.0
8;132;7;0.0
8;132;8;0.0
9;132;1;0.0
9;132;2;0.0
9;132;3;0.0
9;132;4;0.0
9;132;5;0.0
9;132;6;0.0
9;132;7;0.0
9;132;8;0.0
10;132;1;0.0
10;132;2;0.0
10;132;3;0.0
10;132;4;0.0
10;132;5;0.0
10;132;6;0.0
10;132;7;0.0
10;132;8;0.0
11;132;1;0.0
11;132;2;0.0
11;132;3;0.0
11;132;4;0.0
11;132;5;0.0
11;132;6;0.0
11;132;7;0.0
11;132;8;0.0
12;132;1;0.0
12;132;2;0.0
12;132;3;0.0
12;132;4;0.0
12;132;5;0.0
12;132;6;0.0
12;132;7;0.0
12;132;8;0.0
13;132;1;0.0
13;132;2;0.0
13;132;3;0.0
13;132;4;0.0
13;132;5;0.0
13;132;6;0.0
13;132;7;0.0
13;132;8;0.0
14;132;1;0.0
14;132;2;0.0
14;132;3;0.0
14;132;4;0.0
14;132;5;0.0
14;132;6;0.0
14;132;7;0.0
14;132;8;0.0
15;132;1;0.0
15;132;2;0.0
15;132;3;0.0
15;132;4;0.0
15;132;5;0.0
15;132;6;0.0
15;132;7;0.0
15;132;8;0.0
16;132;1;0.0
16;132;2;0.0
16;132;3;0.0
16;132;4;0.0
16;132;5;0.0
16;132;6;0.0
16;132;7;0.0
16;132;8;0.0
17;132;1;-1.1453700306581268e-17
17;132;2;-1.1453700306581268e-17
17;132;3;-4.509284626116099e-17
17;132;4;-0.9999999975148149
17;132;5;-1.1453700306581268e-17
17;132;6;-1.1453700306581268e-17
17;132;7;-1.1453700306581268e-17
17;132;8;-1.1453700306581268e-17
18;132;1;0.0
18;132;2;0.0
18;132;3;0.0
18;132;4;0.0
18;132;5;0.0
18;132;6;0.0
18;132;7;0.0
18;132;8;0.0
19;132;1;0.0
19;132;2;0.0
19;132;3;0.0
19;132;4;0.0
19;132;5;0.0
19;132;6;0.0
19;132;7;0.0
19;132;8;0.0
20;132;1;0.0
20;132;2;0.0
20;132;3;-3.6024402575386445e-17
20;132;4;0.0
20;132;5;0.0
20;132;6;0.0
20;132;7;0.0
20;132;8;0.0
21;132;1;-1.2403301373751728e-17
21;132;2;-1.2403301373751728e-17
21;132;3;-4.4444304602647214e-17
21;132;4;-2.997356137521402e-13
21;132;5;-1.2403301373751728e-17
21;132;6;-1.2403301373751728e-17
21;132;7;-1.2403301373751728e-17
21;132;8;-1.2403301373751728e-17
22;132;1;-3.012262144239835e-17
22;132;2;-3.012262144239835e-17
22;132;3;-1.382222391594195e-16
22;132;4;-4.796163466380676e-14
22;132;5;-3.012262144239835e-17
22;132;6;-3.012262144239835e-17
22;132;7;-3.012262144239835e-17
22;132;8;-3.012262144239835e-17
23;132;1;0.0
23;132;2;0.0
23;132;3;0.0
23;132;4;0.0
23;132;5;0.0
23;132;6;0.0
23;132;7;0.0
23;132;8;0.0
24;132;1;0.0
24;132;2;0.0
24;132;3;0.0
24;132;4;0.0
24;132;5;0.0
24;132;6;0.0
24;132;7;0.0
24;132;8;0.0
25;132;1;0.0
25;132;2;0.0
25;132;3;0.0
25;132;4;0.0
25;132;5;0.0
25;132;6;0.0
25;132;7;0.0
25;132;8;0.0
26;132;1;0.0
26;132;2;0.0
26;132;3;0.0
26;132;4;0.0
26;132;5;0.0
26;132;6;0.0
26;132;7;0.0
26;132;8;0.0
27;132;1;0.0
27;132;2;0.0
27;132;3;0.0
27;132;4;0.0
27;132;5;0.0
27;132;6;0.0
27;132;7;0.0
27;132;8;0.0
28;132;1;0.0
28;132;2;0.0
28;132;3;0.0
28;132;4;0.0
28;132;5;0.0
28;132;6;0.0
28;132;7;0.0
28;132;8;0.0
29;132;1;0.0
29;132;2;0.0
29;132;3;0.0
29;132;4;0.0
29;132;5;0.0
29;132;6;0.0
29;132;7;0.0
29;132;8;0.0
30;132;1;0.0
30;132;2;0.0
30;132;3;0.0
30;132;4;0.0
30;132;5;0.0
30;132;6;0.0
30;132;7;0.0
30;132;8;0.0
31;132;1;0.0
31;132;2;0.0
31;132;3;0.0
31;132;4;0.0
31;132;5;0.0
31;132;6;0.0
31;132;7;0.0
31;132;8;0.0
32;132;1;0.0
32;132;2;0.0
32;132;3;0.0
32;132;4;0.0
32;132;5;0.0
32;132;6;0.0
32;132;7;0.0
32;132;8;0.0
33;132;1;0.0
33;132;2;0.0
33;132;3;0.0
33;132;4;0.0
33;132;5;0.0
33;132;6;0.0
33;132;7;0.0
33;132;8;0.0
34;132;1;0.0
34;132;2;0.0
34;132;3;0.0
34;132;4;0.0
34;132;5;0.0
34;132;6;0.0
34;132;7;0.0
34;132;8;0.0
35;132;1;0.0
35;132;2;0.0
35;132;3;0.0
35;132;4;0.0
35;132;5;0.0
35;132;6;0.0
35;132;7;0.0
35;132;8;0.0
36;132;1;0.0
36;132;2;0.0
36;132;3;0.0
36;132;4;0.0
36;132;5;0.0
36;132;6;0.0
36;132;7;0.0
36;132;8;0.0
37;132;1;0.0
37;132;2;0.0
37;132;3;0.0
37;132;4;0.0
37;132;5;0.0
37;132;6;0.0
37;132;7;0.0
37;132;8;0.0
38;132;1;0.0
38;132;2;0.0
38;132;3;0.0
38;132;4;0.0
38;132;5;0.0
38;132;6;0.0
38;132;7;0.0
38;132;8;0.0
39;132;1;0.0
39;132;2;0.0
39;132;3;0.0
39;132;4;0.0
39;132;5;0.0
39;132;6;0.0
39;132;7;0.0
39;132;8;0.0
40;132;1;0.0
40;132;2;0.0
40;132;3;0.0
40;132;4;0.0
40;132;5;0.0
40;132;6;0.0
40;132;7;0.0
40;132;8;0.0
41;132;1;0.0
41;132;2;0.0
41;132;3;0.0
41;132;4;0.0
41;132;5;0.0
41;132;6;0.0
41;132;7;0.0
41;132;8;0.0
42;132;1;0.0
42;132;2;0.0
42;132;3;0.0
42;132;4;0.0
42;132;5;0.0
42;132;6;0.0
42;132;7;0.0
42;132;8;0.0
43;132;1;0.0
43;132;2;0.0
43;132;3;0.0
43;132;4;0.0
43;132;5;0.0
43;132;6;0.0
43;132;7;0.0
43;132;8;0.0
44;132;1;0.0
44;132;2;0.0
44;132;3;0.0
44;132;4;0.0
44;132;5;0.0
44;132;6;0.0
44;132;7;0.0
44;132;8;0.0
45;132;1;0.0
45;132;2;0.0
45;132;3;0.0
45;132;4;0.0
45;132;5;0.0
45;132;6;0.0
45;132;7;0.0
45;132;8;0.0
46;132;1;0.0
46;132;2;0.0
46;132;3;0.0
46;132;4;0.0
46;132;5;0.0
46;132;6;0.0
46;132;7;0.0
46;132;8;0.0
47;132;1;-2.2388206378794246e-17
47;132;2;-2.2388206378794246e-17
47;132;3;-1.0681806377170884e-16
47;132;4;-2.4775909703005924e-09
47;132;5;-2.2388206378794246e-17
47;132;6;-2.2388206378794246e-17
47;132;7;-2.2388206378794246e-17
47;132;8;-2.2388206378794246e-17
48;132;1;0.0
48;132;2;0.0
48;132;3;0.0
48;132;4;0.0
48;132;5;0.0
48;132;6;0.0
48;132;7;0.0
48;132;8;0.0
49;132;1;0.0
49;132;2;0.0
49;132;3;0.0
49;132;4;0.0
49;132;5;0.0
49;132;6;0.0
49;132;7;0.0
49;132;8;0.0
50;132;1;0.0
50;132;2;0.0
50;132;3;0.0
50;132;4;0.0
50;132;5;0.0
50;132;6;0.0
50;132;7;0.0
50;132;8;0.0
51;132;1;0.0
51;132;2;0.0
51;132;3;0.0
51;132;4;0.0
51;132;5;0.0
51;132;6;0.0
51;132;7;0.0
51;132;8;0.0
52;132;1;0.0
52;132;2;0.0
52;132;3;0.0
52;132;4;-3.3461645679008777e-13
52;132;5;0.0
52;132;6;0.0
52;132;7;0.0
52;132;8;0.0
53;132;1;0.0
53;132;2;0.0
53;132;3;0.0
53;132;4;0.0
53;132;5;0.0
53;132;6;0.0
53;132;7;0.0
53;132;8;0.0
54;132;1;0.0
54;132;2;0.0
54;132;3;0.0
54;132;4;-9.794816575955948e-15
54;132;5;0.0
54;132;6;0.0
54;132;7;0.0
54;132;8;0.0
55;132;1;0.0
55;132;2;0.0
55;132;3;0.0
55;132;4;0.0
55;132;5;0.0
55;132;6;0.0
55;132;7;0.0
55;132;8;0.0
56;132;1;0.0
56;132;2;0.0
56;132;3;0.0
56;132;4;0.0
56;132;5;0.0
56;132;6;0.0
56;132;7;0.0
56;132;8;0.0
57;132;1;0.0
57;132;2;0.0
57;132;3;0.0
57;132;4;0.0
57;132;5;0.0
57;132;6;0.0
57;132;7;0.0
57;132;8;0.0
58;132;1;0.0
58;132;2;0.0
58;132;3;0.0
58;132;4;0.0
58;132;5;0.0
58;132;6;0.0
58;132;7;0.0
58;132;8;0.0
59;132;1;0.0
59;132;2;0.0
59;132;3;0.0
59;132;4;0.0
59;132;5;0.0
59;132;6;0.0
59;132;7;0.0
59;132;8;0.0
1;133;1;0.0
1;133;2;0.0
1;133;3;0.0
1;133;4;0.0
1;133;5;0.0
1;133;6;0.0
1;133;7;0.0
1;133;8;0.0
2;133;1;0.0
2;133;2;0.0
2;133;3;0.0
2;133;4;0.0
2;133;5;0.0
2;133;6;0.0
2;133;7;0.0
2;133;8;0.0
3;133;1;0.0
3;133;2;0.0
3;133;3;0.0
3;133;4;0.0
3;133;5;0.0
3;133;6;0.0
3;133;7;0.0
3;133;8;0.0
4;133;1;0.0
4;133;2;0.0
4;133;3;0.0
4;133;4;0.0
4;133;5;0.0
4;133;6;0.0
4;133;7;0.0
4;133;8;0.0
5;133;1;0.0
5;133;2;0.0
5;133;3;0.0
5;133;4;0.0
5;133;5;0.0
5;133;6;0.0
5;133;7;0.0
5;133;8;0.0
6;133;1;0.0
6;133;2;0.0
6;133;3;0.0
6;133;4;0.0
6;133;5;0.0
6;133;6;0.0
6;133;7;0.0
6;133;8;0.0
7;133;1;0.0
7;133;2;0.0
7;133;3;0.0
7;133;4;0.0
7;133;5;0.0
7;133;6;0.0
7;133;7;0.0
7;133;8;0.0
8;133;1;0.0
8;133;2;0.0
8;133;3;0.0
8;133;4;0.0
8;133;5;0.0
8;133;6;0.0
8;133;7;0.0
8;133;8;0.0
9;133;1;0.0
9;133;2;0.0
9;133;3;0.0
9;133;4;0.0
9;133;5;0.0
9;133;6;0.0
9;133;7;0.0
9;133;8;0.0
10;133;1;0.0
10;133;2;0.0
10;133;3;0.0
10;133;4;0.0
10;133;5;0.0
10;133;6;0.0
10;133;7;0.0
10;133;8;0.0
11;133;1;0.0
11;133;2;0.0
11;133;3;0.0
11;133;4;0.0
11;133;5;0.0
11;133;6;0.0
11;133;7;0.0
11;133;8;0.0
12;133;1;0.0
12;133;2;0.0
12;133;3;0.0
12;133;4;0.0
12;133;5;0.0
12;133;6;0.0
12;133;7;0.0
12;133;8;0.0
13;133;1;0.0
13;133;2;0.0
13;133;3;0.0
13;133;4;0.0
13;133;5;0.0
13;133;6;0.0
13;133;7;0.0
13;133;8;0.0
14;133;1;0.0
14;133;2;0.0
14;133;3;0.0
14;133;4;0.0
14;133;5;0.0
14;133;6;0.0
14;133;7;0.0
14;133;8;0.0
15;133;1;0.0
15;133;2;0.0
15;133;3;0.0
15;133;4;0.0
15;133;5;0.0
15;133;6;0.0
15;133;7;0.0
15;133;8;0.0
16;133;1;0.0
16;133;2;0.0
16;133;3;0.0
16;133;4;0.0
16;133;5;0.0
16;133;6;0.0
16;133;7;0.0
16;133;8;0.0
17;133;1;-1.3423443750648937e-17
17;133;2;-1.3423443750648937e-17
17;133;3;-5.262377625371984e-17
17;133;4;-1.000000000003374
17;133;5;-1.3423443750648937e-17
17;133;6;-1.3423443750648937e-17
17;133;7;-1.3423443750648937e-17
17;133;8;-1.3423443750648937e-17
18;133;1;0.0
18;133;2;0.0
18;133;3;0.0
18;133;4;0.0
18;133;5;0.0
18;133;6;0.0
18;133;7;0.0
18;133;8;0.0
19;133;1;0.0
19;133;2;0.0
19;133;3;0.0
19;133;4;0.0
19;133;5;0.0
19;133;6;0.0
19;133;7;0.0
19;133;8;0.0
20;133;1;0.0
20;133;2;0.0
20;133;3;-3.6324576673804015e-17
20;133;4;0.0
20;133;5;0.0
20;133;6;0.0
20;133;7;0.0
20;133;8;0.0
21;133;1;-1.462512876614275e-17
21;133;2;-1.462512876614275e-17
21;133;3;-5.4868253134828676e-17
21;133;4;-7.210461981917717e-13
21;133;5;-1.462512876614275e-17
21;133;6;-1.462512876614275e-17
21;133;7;-1.462512876614275e-17
21;133;8;-1.462512876614275e-17
22;133;1;-3.655417137307178e-17
22;133;2;-3.655417137307178e-17
22;133;3;-1.4699428159585582e-16
22;133;4;-9.867662242868391e-13
22;133;5;-3.655417137307178e-17
22;133;6;-3.655417137307178e-17
22;133;7;-3.655417137307178e-17
22;133;8;-3.655417137307178e-17
23;133;1;0.0
23;133;2;0.0
23;133;3;0.0
23;133;4;0.0
23;133;5;0.0
23;133;6;0.0
23;133;7;0.0
23;133;8;0.0
24;133;1;0.0
24;133;2;0.0
24;133;3;0.0
24;133;4;0.0
24;133;5;0.0
24;133;6;0.0
24;133;7;0.0
24;133;8;0.0
25;133;1;0.0
25;133;2;0.0
25;133;3;0.0
25;133;4;0.0
25;133;5;0.0
25;133;6;0.0
25;133;7;0.0
25;133;8;0.0
26;133;1;0.0
26;133;2;0.0
26;133;3;0.0
26;133;4;0.0
26;133;5;0.0
26;133;6;0.0
26;133;7;0.0
26;133;8;0.0
27;133;1;0.0
27;133;2;0.0
27;133;3;0.0
27;133;4;0.0
27;133;5;0.0
27;133;6;0.0
27;133;7;0.0
27;133;8;0.0
28;133;1;0.0
28;133;2;0.0
28;133;3;0.0
28;133;4;0.0
28;133;5;0.0
28;133;6;0.0
28;133;7;0.0
28;133;8;0.0
29;133;1;0.0
29;133;2;0.0
29;133;3;0.0
29;133;4;0.0
29;133;5;0.0
29;133;6;0.0
29;133;7;0.0
29;133;8;0.0
30;133;1;0.0
30;133;2;0.0
30;133;3;0.0
30;133;4;0.0
30;133;5;0.0
30;133;6;0.0
30;133;7;0.0
30;133;8;0.0
31;133;1;0.0
31;133;2;0.0
31;133;3;0.0
31;133;4;0.0
31;133;5;0.0
31;133;6;0.0
31;133;7;0.0
31;133;8;0.0
32;133;1;0.0
32;133;2;0.0
32;133;3;0.0
32;133;4;0.0
32;133;5;0.0
32;133;6;0.0
32;133;7;0.0
32;133;8;0.0
33;133;1;0.0
33;133;2;0.0
33;133;3;0.0
33;133;4;0.0
33;133;5;0.0
33;133;6;0.0
33;133;7;0.0
33;133;8;0.0
34;133;1;0.0
34;133;2;0.0
34;133;3;0.0
34;133;4;0.0
34;133;5;0.0
34;133;6;0.0
34;133;7;0.0
34;133;8;0.0
35;133;1;0.0
35;133;2;0.0
35;133;3;0.0
35;133;4;0.0
35;133;5;0.0
35;133;6;0.0
35;133;7;0.0
35;133;8;0.0
36;133;1;0.0
36;133;2;0.0
36;133;3;0.0
36;133;4;0.0
36;133;5;0.0
36;133;6;0.0
36;133;7;0.0
36;133;8;0.0
37;133;1;0.0
37;133;2;0.0
37;133;3;0.0
37;133;4;0.0
37;133;5;0.0
37;133;6;0.0
37;133;7;0.0
37;133;8;0.0
38;133;1;0.0
38;133;2;0.0
38;133;3;0.0
38;133;4;0.0
38;133;5;0.0
38;133;6;0.0
38;133;7;0.0
38;133;8;0.0
39;133;1;0.0
39;133;2;0.0
39;133;3;0.0
39;133;4;0.0
39;133;5;0.0
39;133;6;0.0
39;133;7;0.0
39;133;8;0.0
40;133;1;0.0
40;133;2;0.0
40;133;3;0.0
40;133;4;0.0
40;133;5;0.0
40;133;6;0.0
40;133;7;0.0
40;133;8;0.0
41;133;1;0.0
41;133;2;0.0
41;133;3;0.0
41;133;4;0.0
41;133;5;0.0
41;133;6;0.0
41;133;7;0.0
41;133;8;0.0
42;133;1;0.0
42;133;2;0.0
42;133;3;0.0
42;133;4;0.0
42;133;5;0.0
42;133;6;0.0
42;133;7;0.0
42;133;8;0.0
43;133;1;0.0
43;133;2;0.0
43;133;3;0.0
43;133;4;0.0
43;133;5;0.0
43;133;6;0.0
43;133;7;0.0
43;133;8;0.0
44;133;1;0.0
44;133;2;0.0
44;133;3;0.0
44;133;4;0.0
44;133;5;0.0
44;133;6;0.0
44;133;7;0.0
44;133;8;0.0
45;133;1;0.0
45;133;2;0.0
45;133;3;0.0
45;133;4;0.0
45;133;5;0.0
45;133;6;0.0
45;133;7;0.0
45;133;8;0.0
46;133;1;0.0
46;133;2;0.0
46;133;3;0.0
46;133;4;0.0
46;133;5;0.0
46;133;6;0.0
46;133;7;0.0
46;133;8;0.0
47;133;1;-2.76331810258105e-17
47;133;2;-2.76331810258105e-17
47;133;3;-1.1251438847067868e-16
47;133;4;-1.1322277891693368e-12
47;133;5;-2.76331810258105e-17
47;133;6;-2.76331810258105e-17
47;133;7;-2.76331810258105e-17
47;133;8;-2.76331810258105e-17
48;133;1;0.0
48;133;2;0.0
48;133;3;0.0
48;133;4;0.0
48;133;5;0.0
48;133;6;0.0
48;133;7;0.0
48;133;8;0.0
49;133;1;0.0
49;133;2;0.0
49;133;3;0.0
49;133;4;0.0
49;133;5;0.0
49;133;6;0.0
49;133;7;0.0
49;133;8;0.0
50;133;1;0.0
50;133;2;0.0
50;133;3;0.0
50;133;4;0.0
50;133;5;0.0
50;133;6;0.0
50;133;7;0.0
50;133;8;0.0
51;133;1;0.0
51;133;2;0.0
51;133;3;0.0
51;133;4;0.0
51;133;5;0.0
51;133;6;0.0
51;133;7;0.0
51;133;8;0.0
52;133;1;0.0
52;133;2;0.0
52;133;3;0.0
52;133;4;-3.2799044393406036e-13
52;133;5;0.0
52;133;6;0.0
52;133;7;0.0
52;133;8;0.0
53;133;1;0.0
53;133;2;0.0
53;133;3;0.0
53;133;4;0.0
53;133;5;0.0
53;133;6;0.0
53;133;7;0.0
53;133;8;0.0
54;133;1;0.0
54;133;2;0.0
54;133;3;0.0
54;133;4;-7.447065549602725e-15
54;133;5;0.0
54;133;6;0.0
54;133;7;0.0
54;133;8;0.0
55;133;1;0.0
55;133;2;0.0
55;133;3;0.0
55;133;4;0.0
55;133;5;0.0
55;133;6;0.0
55;133;7;0.0
55;133;8;0.0
56;133;1;0.0
56;133;2;0.0
56;133;3;0.0
56;133;4;0.0
56;133;5;0.0
56;133;6;0.0
56;133;7;0.0
56;133;8;0.0
57;133;1;0.0
57;133;2;0.0
57;133;3;0.0
57;133;4;0.0
57;133;5;0.0
57;133;6;0.0
57;133;7;0.0
57;133;8;0.0
58;133;1;0.0
58;133;2;0.0
58;133;3;0.0
58;133;4;0.0
58;133;5;0.0
58;133;6;0.0
58;133;7;0.0
58;133;8;0.0
59;133;1;0.0
59;133;2;0.0
59;133;3;0.0
59;133;4;0.0
59;133;5;0.0
59;133;6;0.0
59;133;7;0.0
59;133;8;0.0
1;134;1;0.0
1;134;2;0.0
1;134;3;0.0
1;134;4;0.0
1;134;5;0.0
1;134;6;0.0
1;134;7;0.0
1;134;8;0.0
2;134;1;0.0
2;134;2;0.0
2;134;3;0.0
2;134;4;0.0
2;134;5;0.0
2;134;6;0.0
2;134;7;0.0
2;134;8;0.0
3;134;1;0.0
3;134;2;0.0
3;134;3;0.0
3;134;4;0.0
3;134;5;0.0
3;134;6;0.0
3;134;7;0.0
3;134;8;0.0
4;134;1;0.0
4;134;2;0.0
4;134;3;0.0
4;134;4;0.0
4;134;5;0.0
4;134;6;0.0
4;134;7;0.0
4;134;8;0.0
5;134;1;0.0
5;134;2;0.0
5;134;3;0.0
5;134;4;0.0
5;134;5;0.0
5;134;6;0.0
5;134;7;0.0
5;134;8;0.0
6;134;1;0.0
6;134;2;0.0
6;134;3;0.0
6;134;4;0.0
6;134;5;0.0
6;134;6;0.0
6;134;7;0.0
6;134;8;0.0
7;134;1;0.0
7;134;2;0.0
7;134;3;0.0
7;134;4;0.0
7;134;5;0.0
7;134;6;0.0
7;134;7;0.0
7;134;8;0.0
8;134;1;0.0
8;134;2;0.0
8;134;3;0.0
8;134;4;0.0
8;134;5;0.0
8;134;6;0.0
8;134;7;0.0
8;134;8;0.0
9;134;1;0.0
9;134;2;0.0
9;134;3;0.0
9;134;4;0.0
9;134;5;0.0
9;134;6;0.0
9;134;7;0.0
9;134;8;0.0
10;134;1;0.0
10;134;2;0.0
10;134;3;0.0
10;134;4;0.0
10;134;5;0.0
10;134;6;0.0
10;134;7;0.0
10;134;8;0.0
11;134;1;0.0
11;134;2;0.0
11;134;3;0.0
11;134;4;0.0
11;134;5;0.0
11;134;6;0.0
11;134;7;0.0
11;134;8;0.0
12;134;1;0.0
12;134;2;0.0
12;134;3;0.0
12;134;4;0.0
12;134;5;0.0
12;134;6;0.0
12;134;7;0.0
12;134;8;0.0
13;134;1;0.0
13;134;2;0.0
13;134;3;0.0
13;134;4;0.0
13;134;5;0.0
13;134;6;0.0
13;134;7;0.0
13;134;8;0.0
14;134;1;0.0
14;134;2;0.0
14;134;3;0.0
14;134;4;0.0
14;134;5;0.0
14;134;6;0.0
14;134;7;0.0
14;134;8;0.0
15;134;1;0.0
15;134;2;0.0
15;134;3;0.0
15;134;4;0.0
15;134;5;0.0
15;134;6;0.0
15;134;7;0.0
15;134;8;0.0
16;134;1;0.0
16;134;2;0.0
16;134;3;0.0
16;134;4;0.0
16;134;5;0.0
16;134;6;0.0
16;134;7;0.0
16;134;8;0.0
17;134;1;-1.5785600901293512e-17
17;134;2;-1.5785600901293512e-17
17;134;3;-6.008166159788162e-17
17;134;4;-0.9999999999956898
17;134;5;-1.5785600901293512e-17
17;134;6;-1.5785600901293512e-17
17;134;7;-1.5785600901293512e-17
17;134;8;-1.5785600901293512e-17
18;134;1;0.0
18;134;2;0.0
18;134;3;0.0
18;134;4;0.0
18;134;5;0.0
18;134;6;0.0
18;134;7;0.0
18;134;8;0.0
19;134;1;0.0
19;134;2;0.0
19;134;3;0.0
19;134;4;0.0
19;134;5;0.0
19;134;6;0.0
19;134;7;0.0
19;134;8;0.0
20;134;1;0.0
20;134;2;0.0
20;134;3;-4.251395410766426e-17
20;134;4;0.0
20;134;5;0.0
20;134;6;0.0
20;134;7;0.0
20;134;8;0.0
21;134;1;-1.7889400386268198e-17
21;134;2;-1.7889400386268198e-17
21;134;3;-6.644943506602394e-17
21;134;4;-3.013708331509865e-13
21;134;5;-1.7889400386268198e-17
21;134;6;-1.7889400386268198e-17
21;134;7;-1.7889400386268198e-17
21;134;8;-1.7889400386268198e-17
22;134;1;-4.7798039676184496e-17
22;134;2;-4.7798039676184496e-17
22;134;3;-1.693938616604381e-16
22;134;4;-5.1514348342607263e-14
22;134;5;-4.7798039676184496e-17
22;134;6;-4.7798039676184496e-17
22;134;7;-4.7798039676184496e-17
22;134;8;-4.7798039676184496e-17
23;134;1;0.0
23;134;2;0.0
23;134;3;0.0
23;134;4;0.0
23;134;5;0.0
23;134;6;0.0
23;134;7;0.0
23;134;8;0.0
24;134;1;0.0
24;134;2;0.0
24;134;3;0.0
24;134;4;0.0
24;134;5;0.0
24;134;6;0.0
24;134;7;0.0
24;134;8;0.0
25;134;1;0.0
25;134;2;0.0
25;134;3;0.0
25;134;4;0.0
25;134;5;0.0
25;134;6;0.0
25;134;7;0.0
25;134;8;0.0
26;134;1;0.0
26;134;2;0.0
26;134;3;0.0
26;134;4;0.0
26;134;5;0.0
26;134;6;0.0
26;134;7;0.0
26;134;8;0.0
27;134;1;0.0
27;134;2;0.0
27;134;3;0.0
27;134;4;0.0
27;134;5;0.0
27;134;6;0.0
27;134;7;0.0
27;134;8;0.0
28;134;1;0.0
28;134;2;0.0
28;134;3;0.0
28;134;4;0.0
28;134;5;0.0
28;134;6;0.0
28;134;7;0.0
28;134;8;0.0
29;134;1;0.0
29;134;2;0.0
29;134;3;0.0
29;134;4;0.0
29;134;5;0.0
29;134;6;0.0
29;134;7;0.0
29;134;8;0.0
30;134;1;0.0
30;134;2;0.0
30;134;3;0.0
30;134;4;0.0
30;134;5;0.0
30;134;6;0.0
30;134;7;0.0
30;134;8;0.0
31;134;1;0.0
31;134;2;0.0
31;134;3;0.0
31;134;4;0.0
31;134;5;0.0
31;134;6;0.0
31;134;7;0.0
31;134;8;0.0
32;134;1;0.0
32;134;2;0.0
32;134;3;0.0
32;134;4;0.0
32;134;5;0.0
32;134;6;0.0
32;134;7;0.0
32;134;8;0.0
33;134;1;0.0
33;134;2;0.0
33;134;3;0.0
33;134;4;0.0
33;134;5;0.0
33;134;6;0.0
33;134;7;0.0
33;134;8;0.0
34;134;1;0.0
34;134;2;0.0
34;134;3;0.0
34;134;4;0.0
34;134;5;0.0
34;134;6;0.0
34;134;7;0.0
34;134;8;0.0
35;134;1;0.0
35;134;2;0.0
35;134;3;0.0
35;134;4;0.0
35;134;5;0.0
35;134;6;0.0
35;134;7;0.0
35;134;8;0.0
36;134;1;0.0
36;134;2;0.0
36;134;3;0.0
36;134;4;0.0
36;134;5;0.0
36;134;6;0.0
36;134;7;0.0
36;134;8;0.0
37;134;1;0.0
37;134;2;0.0
37;134;3;0.0
37;134;4;0.0
37;134;5;0.0
37;134;6;0.0
37;134;7;0.0
37;134;8;0.0
38;134;1;0.0
38;134;2;0.0
38;134;3;0.0
38;134;4;0.0
38;134;5;0.0
38;134;6;0.0
38;134;7;0.0
38;134;8;0.0
39;134;1;0.0
39;134;2;0.0
39;134;3;0.0
39;134;4;0.0
39;134;5;0.0
39;134;6;0.0
39;134;7;0.0
39;134;8;0.0
40;134;1;0.0
40;134;2;0.0
40;134;3;0.0
40;134;4;0.0
40;134;5;0.0
40;134;6;0.0
40;134;7;0.0
40;134;8;0.0
41;134;1;0.0
41;134;2;0.0
41;134;3;0.0
41;134;4;0.0
41;134;5;0.0
41;134;6;0.0
41;134;7;0.0
41;134;8;0.0
42;134;1;0.0
42;134;2;0.0
42;134;3;0.0
42;134;4;0.0
42;134;5;0.0
42;134;6;0.0
42;134;7;0.0
42;134;8;0.0
43;134;1;0.0
43;134;2;0.0
43;134;3;0.0
43;134;4;0.0
43;134;5;0.0
43;134;6;0.0
43;134;7;0.0
43;134;8;0.0
44;134;1;0.0
44;134;2;0.0
44;134;3;0.0
44;134;4;0.0
44;134;5;0.0
44;134;6;0.0
44;134;7;0.0
44;134;8;0.0
45;134;1;0.0
45;134;2;0.0
45;134;3;0.0
45;134;4;0.0
45;134;5;0.0
45;134;6;0.0
45;134;7;0.0
45;134;8;0.0
46;134;1;0.0
46;134;2;0.0
46;134;3;0.0
46;134;4;0.0
46;134;5;0.0
46;134;6;0.0
46;134;7;0.0
46;134;8;0.0
47;134;1;-3.4156905484192876e-17
47;134;2;-3.4156905484192876e-17
47;134;3;-1.2855150167894274e-16
47;134;4;-2.096188448765045e-12
47;134;5;-3.4156905484192876e-17
47;134;6;-3.4156905484192876e-17
47;134;7;-3.4156905484192876e-17
47;134;8;-3.4156905484192876e-17
48;134;1;0.0
48;134;2;0.0
48;134;3;0.0
48;134;4;0.0
48;134;5;0.0
48;134;6;0.0
48;134;7;0.0
48;134;8;0.0
49;134;1;0.0
49;134;2;0.0
49;134;3;0.0
49;134;4;0.0
49;134;5;0.0
49;134;6;0.0
49;134;7;0.0
49;134;8;0.0
50;134;1;0.0
50;134;2;0.0
50;134;3;0.0
50;134;4;0.0
50;134;5;0.0
50;134;6;0.0
50;134;7;0.0
50;134;8;0.0
51;134;1;0.0
51;134;2;0.0
51;134;3;0.0
51;134;4;0.0
51;134;5;0.0
51;134;6;0.0
51;134;7;0.0
51;134;8;0.0
52;134;1;0.0
52;134;2;0.0
52;134;3;0.0
52;134;4;-3.241351065660606e-13
52;134;5;0.0
52;134;6;0.0
52;134;7;0.0
52;134;8;0.0
53;134;1;0.0
53;134;2;0.0
53;134;3;0.0
53;134;4;0.0
53;134;5;0.0
53;134;6;0.0
53;134;7;0.0
53;134;8;0.0
54;134;1;0.0
54;134;2;0.0
54;134;3;0.0
54;134;4;-8.174700238407187e-15
54;134;5;0.0
54;134;6;0.0
54;134;7;0.0
54;134;8;0.0
55;134;1;0.0
55;134;2;0.0
55;134;3;0.0
55;134;4;0.0
55;134;5;0.0
55;134;6;0.0
55;134;7;0.0
55;134;8;0.0
56;134;1;0.0
56;134;2;0.0
56;134;3;0.0
56;134;4;0.0
56;134;5;0.0
56;134;6;0.0
56;134;7;0.0
56;134;8;0.0
57;134;1;0.0
57;134;2;0.0
57;134;3;0.0
57;134;4;0.0
57;134;5;0.0
57;134;6;0.0
57;134;7;0.0
57;134;8;0.0
58;134;1;0.0
58;134;2;0.0
58;134;3;0.0
58;134;4;0.0
58;134;5;0.0
58;134;6;0.0
58;134;7;0.0
58;134;8;0.0
59;134;1;0.0
59;134;2;0.0
59;134;3;0.0
59;134;4;0.0
59;134;5;0.0
59;134;6;0.0
59;134;7;0.0
59;134;8;0.0
1;135;1;0.0
1;135;2;0.0
1;135;3;0.0
1;135;4;0.0
1;135;5;0.0
1;135;6;0.0
1;135;7;0.0
1;135;8;0.0
2;135;1;0.0
2;135;2;0.0
2;135;3;0.0
2;135;4;0.0
2;135;5;0.0
2;135;6;0.0
2;135;7;0.0
2;135;8;0.0
3;135;1;0.0
3;135;2;0.0
3;135;3;0.0
3;135;4;0.0
3;135;5;0.0
3;135;6;0.0
3;135;7;0.0
3;135;8;0.0
4;135;1;0.0
4;135;2;0.0
4;135;3;0.0
4;135;4;0.0
4;135;5;0.0
4;135;6;0.0
4;135;7;0.0
4;135;8;0.0
5;135;1;0.0
5;135;2;0.0
5;135;3;0.0
5;135;4;0.0
5;135;5;0.0
5;135;6;0.0
5;135;7;0.0
5;135;8;0.0
6;135;1;0.0
6;135;2;0.0
6;135;3;0.0
6;135;4;0.0
6;135;5;0.0
6;135;6;0.0
6;135;7;0.0
6;135;8;0.0
7;135;1;0.0
7;135;2;0.0
7;135;3;0.0
7;135;4;0.0
7;135;5;0.0
7;135;6;0.0
7;135;7;0.0
7;135;8;0.0
8;135;1;0.0
8;135;2;0.0
8;135;3;0.0
8;135;4;0.0
8;135;5;0.0
8;135;6;0.0
8;135;7;0.0
8;135;8;0.0
9;135;1;0.0
9;135;2;0.0
9;135;3;0.0
9;135;4;0.0
9;135;5;0.0
9;135;6;0.0
9;135;7;0.0
9;135;8;0.0
10;135;1;0.0
10;135;2;0.0
10;135;3;0.0
10;135;4;0.0
10;135;5;0.0
10;135;6;0.0
10;135;7;0.0
10;135;8;0.0
11;135;1;0.0
11;135;2;0.0
11;135;3;0.0
11;135;4;0.0
11;135;5;0.0
11;135;6;0.0
11;135;7;0.0
11;135;8;0.0
12;135;1;0.0
12;135;2;0.0
12;135;3;0.0
12;135;4;0.0
12;135;5;0.0
12;135;6;0.0
12;135;7;0.0
12;135;8;0.0
13;135;1;0.0
13;135;2;0.0
13;135;3;0.0
13;135;4;0.0
13;135;5;0.0
13;135;6;0.0
13;135;7;0.0
13;135;8;0.0
14;135;1;0.0
14;135;2;0.0
14;135;3;0.0
14;135;4;0.0
14;135;5;0.0
14;135;6;0.0
14;135;7;0.0
14;135;8;0.0
15;135;1;0.0
15;135;2;0.0
15;135;3;0.0
15;135;4;0.0
15;135;5;0.0
15;135;6;0.0
15;135;7;0.0
15;135;8;0.0
16;135;1;0.0
16;135;2;0.0
16;135;3;0.0
16;135;4;0.0
16;135;5;0.0
16;135;6;0.0
16;135;7;0.0
16;135;8;0.0
17;135;1;-1.9312359294114918e-17
17;135;2;-1.9312359294114918e-17
17;135;3;-7.109687486458935e-17
17;135;4;-0.9999999999869728
17;135;5;-1.9312359294114918e-17
17;135;6;-1.9312359294114918e-17
17;135;7;-1.9312359294114918e-17
17;135;8;-1.9312359294114918e-17
18;135;1;0.0
18;135;2;0.0
18;135;3;0.0
18;135;4;0.0
18;135;5;0.0
18;135;6;0.0
18;135;7;0.0
18;135;8;0.0
19;135;1;0.0
19;135;2;0.0
19;135;3;0.0
19;135;4;0.0
19;135;5;0.0
19;135;6;0.0
19;135;7;0.0
19;135;8;0.0
20;135;1;0.0
20;135;2;0.0
20;135;3;-5.4232890312310395e-17
20;135;4;0.0
20;135;5;0.0
20;135;6;0.0
20;135;7;0.0
20;135;8;0.0
21;135;1;-2.3500735256390398e-17
21;135;2;-2.3500735256390398e-17
21;135;3;-8.436611321870015e-17
21;135;4;-2.9555465211972075e-13
21;135;5;-2.3500735256390398e-17
21;135;6;-2.3500735256390398e-17
21;135;7;-2.3500735256390398e-17
21;135;8;-2.3500735256390398e-17
22;135;1;-5.2280542022292297e-17
22;135;2;-5.2280542022292297e-17
22;135;3;-2.1383025922710063e-16
22;135;4;-5.3290705182007514e-14
22;135;5;-5.2280542022292297e-17
22;135;6;-5.2280542022292297e-17
22;135;7;-5.2280542022292297e-17
22;135;8;-5.2280542022292297e-17
23;135;1;0.0
23;135;2;0.0
23;135;3;0.0
23;135;4;0.0
23;135;5;0.0
23;135;6;0.0
23;135;7;0.0
23;135;8;0.0
24;135;1;0.0
24;135;2;0.0
24;135;3;0.0
24;135;4;0.0
24;135;5;0.0
24;135;6;0.0
24;135;7;0.0
24;135;8;0.0
25;135;1;0.0
25;135;2;0.0
25;135;3;0.0
25;135;4;0.0
25;135;5;0.0
25;135;6;0.0
25;135;7;0.0
25;135;8;0.0
26;135;1;0.0
26;135;2;0.0
26;135;3;0.0
26;135;4;0.0
26;135;5;0.0
26;135;6;0.0
26;135;7;0.0
26;135;8;0.0
27;135;1;0.0
27;135;2;0.0
27;135;3;0.0
27;135;4;0.0
27;135;5;0.0
27;135;6;0.0
27;135;7;0.0
27;135;8;0.0
28;135;1;0.0
28;135;2;0.0
28;135;3;0.0
28;135;4;0.0
28;135;5;0.0
28;135;6;0.0
28;135;7;0.0
28;135;8;0.0
29;135;1;0.0
29;135;2;0.0
29;135;3;0.0
29;135;4;0.0
29;135;5;0.0
29;135;6;0.0
29;135;7;0.0
29;135;8;0.0
30;135;1;0.0
30;135;2;0.0
30;135;3;0.0
30;135;4;0.0
30;135;5;0.0
30;135;6;0.0
30;135;7;0.0
30;135;8;0.0
31;135;1;0.0
31;135;2;0.0
31;135;3;0.0
31;135;4;0.0
31;135;5;0.0
31;135;6;0.0
31;135;7;0.0
31;135;8;0.0
32;135;1;0.0
32;135;2;0.0
32;135;3;0.0
32;135;4;0.0
32;135;5;0.0
32;135;6;0.0
32;135;7;0.0
32;135;8;0.0
33;135;1;0.0
33;135;2;0.0
33;135;3;0.0
33;135;4;0.0
33;135;5;0.0
33;135;6;0.0
33;135;7;0.0
33;135;8;0.0
34;135;1;0.0
34;135;2;0.0
34;135;3;0.0
34;135;4;0.0
34;135;5;0.0
34;135;6;0.0
34;135;7;0.0
34;135;8;0.0
35;135;1;0.0
35;135;2;0.0
35;135;3;0.0
35;135;4;0.0
35;135;5;0.0
35;135;6;0.0
35;135;7;0.0
35;135;8;0.0
36;135;1;0.0
36;135;2;0.0
36;135;3;0.0
36;135;4;0.0
36;135;5;0.0
36;135;6;0.0
36;135;7;0.0
36;135;8;0.0
37;135;1;0.0
37;135;2;0.0
37;135;3;0.0
37;135;4;0.0
37;135;5;0.0
37;135;6;0.0
37;135;7;0.0
37;135;8;0.0
38;135;1;0.0
38;135;2;0.0
38;135;3;0.0
38;135;4;0.0
38;135;5;0.0
38;135;6;0.0
38;135;7;0.0
38;135;8;0.0
39;135;1;0.0
39;135;2;0.0
39;135;3;0.0
39;135;4;0.0
39;135;5;0.0
39;135;6;0.0
39;135;7;0.0
39;135;8;0.0
40;135;1;0.0
40;135;2;0.0
40;135;3;0.0
40;135;4;0.0
40;135;5;0.0
40;135;6;0.0
40;135;7;0.0
40;135;8;0.0
41;135;1;0.0
41;135;2;0.0
41;135;3;0.0
41;135;4;0.0
41;135;5;0.0
41;135;6;0.0
41;135;7;0.0
41;135;8;0.0
42;135;1;0.0
42;135;2;0.0
42;135;3;0.0
42;135;4;0.0
42;135;5;0.0
42;135;6;0.0
42;135;7;0.0
42;135;8;0.0
43;135;1;0.0
43;135;2;0.0
43;135;3;0.0
43;135;4;0.0
43;135;5;0.0
43;135;6;0.0
43;135;7;0.0
43;135;8;0.0
44;135;1;0.0
44;135;2;0.0
44;135;3;0.0
44;135;4;0.0
44;135;5;0.0
44;135;6;0.0
44;135;7;0.0
44;135;8;0.0
45;135;1;0.0
45;135;2;0.0
45;135;3;0.0
45;135;4;0.0
45;135;5;0.0
45;135;6;0.0
45;135;7;0.0
45;135;8;0.0
46;135;1;0.0
46;135;2;0.0
46;135;3;0.0
46;135;4;0.0
46;135;5;0.0
46;135;6;0.0
46;135;7;0.0
46;135;8;0.0
47;135;1;-4.446858625822207e-17
47;135;2;-4.446858625822207e-17
47;135;3;-1.556418833521208e-16
47;135;4;-1.9759556862020497e-12
47;135;5;-4.446858625822207e-17
47;135;6;-4.446858625822207e-17
47;135;7;-4.446858625822207e-17
47;135;8;-4.446858625822207e-17
48;135;1;0.0
48;135;2;0.0
48;135;3;0.0
48;135;4;0.0
48;135;5;0.0
48;135;6;0.0
48;135;7;0.0
48;135;8;0.0
49;135;1;0.0
49;135;2;0.0
49;135;3;0.0
49;135;4;0.0
49;135;5;0.0
49;135;6;0.0
49;135;7;0.0
49;135;8;0.0
50;135;1;0.0
50;135;2;0.0
50;135;3;0.0
50;135;4;0.0
50;135;5;0.0
50;135;6;0.0
50;135;7;0.0
50;135;8;0.0
51;135;1;0.0
51;135;2;0.0
51;135;3;0.0
51;135;4;0.0
51;135;5;0.0
51;135;6;0.0
51;135;7;0.0
51;135;8;0.0
52;135;1;0.0
52;135;2;0.0
52;135;3;0.0
52;135;4;-3.2615206139834906e-13
52;135;5;0.0
52;135;6;0.0
52;135;7;0.0
52;135;8;0.0
53;135;1;0.0
53;135;2;0.0
53;135;3;0.0
53;135;4;0.0
53;135;5;0.0
53;135;6;0.0
53;135;7;0.0
53;135;8;0.0
54;135;1;0.0
54;135;2;0.0
54;135;3;0.0
54;135;4;-7.820922172919607e-15
54;135;5;0.0
54;135;6;0.0
54;135;7;0.0
54;135;8;0.0
55;135;1;0.0
55;135;2;0.0
55;135;3;0.0
55;135;4;0.0
55;135;5;0.0
55;135;6;0.0
55;135;7;0.0
55;135;8;0.0
56;135;1;0.0
56;135;2;0.0
56;135;3;0.0
56;135;4;0.0
56;135;5;0.0
56;135;6;0.0
56;135;7;0.0
56;135;8;0.0
57;135;1;0.0
57;135;2;0.0
57;135;3;0.0
57;135;4;0.0
57;135;5;0.0
57;135;6;0.0
57;135;7;0.0
57;135;8;0.0
58;135;1;0.0
58;135;2;0.0
58;135;3;0.0
58;135;4;0.0
58;135;5;0.0
58;135;6;0.0
58;135;7;0.0
58;135;8;0.0
59;135;1;0.0
59;135;2;0.0
59;135;3;0.0
59;135;4;0.0
59;135;5;0.0
59;135;6;0.0
59;135;7;0.0
59;135;8;0.0
1;136;1;0.0
1;136;2;0.0
1;136;3;0.0
1;136;4;0.0
1;136;5;0.0
1;136;6;0.0
1;136;7;0.0
1;136;8;0.0
2;136;1;0.0
2;136;2;0.0
2;136;3;0.0
2;136;4;0.0
2;136;5;0.0
2;136;6;0.0
2;136;7;0.0
2;136;8;0.0
3;136;1;0.0
3;136;2;0.0
3;136;3;0.0
3;136;4;0.0
3;136;5;0.0
3;136;6;0.0
3;136;7;0.0
3;136;8;0.0
4;136;1;0.0
4;136;2;0.0
4;136;3;0.0
4;136;4;0.0
4;136;5;0.0
4;136;6;0.0
4;136;7;0.0
4;136;8;0.0
5;136;1;0.0
5;136;2;0.0
5;136;3;0.0
5;136;4;0.0
5;136;5;0.0
5;136;6;0.0
5;136;7;0.0
5;136;8;0.0
6;136;1;0.0
6;136;2;0.0
6;136;3;0.0
6;136;4;0.0
6;136;5;0.0
6;136;6;0.0
6;136;7;0.0
6;136;8;0.0
7;136;1;0.0
7;136;2;0.0
7;136;3;0.0
7;136;4;0.0
7;136;5;0.0
7;136;6;0.0
7;136;7;0.0
7;136;8;0.0
8;136;1;0.0
8;136;2;0.0
8;136;3;0.0
8;136;4;0.0
8;136;5;0.0
8;136;6;0.0
8;136;7;0.0
8;136;8;0.0
9;136;1;0.0
9;136;2;0.0
9;136;3;0.0
9;136;4;0.0
9;136;5;0.0
9;136;6;0.0
9;136;7;0.0
9;136;8;0.0
10;136;1;0.0
10;136;2;0.0
10;136;3;0.0
10;136;4;0.0
10;136;5;0.0
10;136;6;0.0
10;136;7;0.0
10;136;8;0.0
11;136;1;0.0
11;136;2;0.0
11;136;3;0.0
11;136;4;0.0
11;136;5;0.0
11;136;6;0.0
11;136;7;0.0
11;136;8;0.0
12;136;1;0.0
12;136;2;0.0
12;136;3;0.0
12;136;4;0.0
12;136;5;0.0
12;136;6;0.0
12;136;7;0.0
12;136;8;0.0
13;136;1;0.0
13;136;2;0.0
13;136;3;0.0
13;136;4;0.0
13;136;5;0.0
13;136;6;0.0
13;136;7;0.0
13;136;8;0.0
14;136;1;0.0
14;136;2;0.0
14;136;3;0.0
14;136;4;0.0
14;136;5;0.0
14;136;6;0.0
14;136;7;0.0
14;136;8;0.0
15;136;1;0.0
15;136;2;0.0
15;136;3;0.0
15;136;4;0.0
15;136;5;0.0
15;136;6;0.0
15;136;7;0.0
15;136;8;0.0
16;136;1;0.0
16;136;2;0.0
16;136;3;0.0
16;136;4;0.0
16;136;5;0.0
16;136;6;0.0
16;136;7;0.0
16;136;8;0.0
17;136;1;-2.7363824740636553e-17
17;136;2;-2.7363824740636553e-17
17;136;3;-9.832402606572471e-17
17;136;4;-1.000000000006641
17;136;5;-2.7363824740636553e-17
17;136;6;-2.7363824740636553e-17
17;136;7;-2.7363824740636553e-17
17;136;8;-2.7363824740636553e-17
18;136;1;0.0
18;136;2;0.0
18;136;3;0.0
18;136;4;0.0
18;136;5;0.0
18;136;6;0.0
18;136;7;0.0
18;136;8;0.0
19;136;1;0.0
19;136;2;0.0
19;136;3;0.0
19;136;4;0.0
19;136;5;0.0
19;136;6;0.0
19;136;7;0.0
19;136;8;0.0
20;136;1;0.0
20;136;2;0.0
20;136;3;6.699726254260066e-16
20;136;4;0.0
20;136;5;0.0
20;136;6;0.0
20;136;7;0.0
20;136;8;0.0
21;136;1;-3.8475331587567424e-17
21;136;2;-3.8475331587567424e-17
21;136;3;-1.2928805594697203e-16
21;136;4;-6.078836533586987e-13
21;136;5;-3.8475331587567424e-17
21;136;6;-3.8475331587567424e-17
21;136;7;-3.8475331587567424e-17
21;136;8;-3.8475331587567424e-17
22;136;1;-7.106253808350459e-17
22;136;2;-7.106253808350459e-17
22;136;3;-3.3856458004738657e-16
22;136;4;-1.7319479184152442e-13
22;136;5;-7.106253808350459e-17
22;136;6;-7.106253808350459e-17
22;136;7;-7.106253808350459e-17
22;136;8;-7.106253808350459e-17
23;136;1;0.0
23;136;2;0.0
23;136;3;0.0
23;136;4;0.0
23;136;5;0.0
23;136;6;0.0
23;136;7;0.0
23;136;8;0.0
24;136;1;0.0
24;136;2;0.0
24;136;3;0.0
24;136;4;0.0
24;136;5;0.0
24;136;6;0.0
24;136;7;0.0
24;136;8;0.0
25;136;1;0.0
25;136;2;0.0
25;136;3;0.0
25;136;4;0.0
25;136;5;0.0
25;136;6;0.0
25;136;7;0.0
25;136;8;0.0
26;136;1;0.0
26;136;2;0.0
26;136;3;0.0
26;136;4;0.0
26;136;5;0.0
26;136;6;0.0
26;136;7;0.0
26;136;8;0.0
27;136;1;0.0
27;136;2;0.0
27;136;3;0.0
27;136;4;0.0
27;136;5;0.0
27;136;6;0.0
27;136;7;0.0
27;136;8;0.0
28;136;1;0.0
28;136;2;0.0
28;136;3;0.0
28;136;4;0.0
28;136;5;0.0
28;136;6;0.0
28;136;7;0.0
28;136;8;0.0
29;136;1;0.0
29;136;2;0.0
29;136;3;0.0
29;136;4;0.0
29;136;5;0.0
29;136;6;0.0
29;136;7;0.0
29;136;8;0.0
30;136;1;0.0
30;136;2;0.0
30;136;3;0.0
30;136;4;0.0
30;136;5;0.0
30;136;6;0.0
30;136;7;0.0
30;136;8;0.0
31;136;1;0.0
31;136;2;0.0
31;136;3;0.0
31;136;4;0.0
31;136;5;0.0
31;136;6;0.0
31;136;7;0.0
31;136;8;0.0
32;136;1;0.0
32;136;2;0.0
32;136;3;0.0
32;136;4;0.0
32;136;5;0.0
32;136;6;0.0
32;136;7;0.0
32;136;8;0.0
33;136;1;0.0
33;136;2;0.0
33;136;3;0.0
33;136;4;0.0
33;136;5;0.0
33;136;6;0.0
33;136;7;0.0
33;136;8;0.0
34;136;1;0.0
34;136;2;0.0
34;136;3;0.0
34;136;4;0.0
34;136;5;0.0
34;136;6;0.0
34;136;7;0.0
34;136;8;0.0
35;136;1;0.0
35;136;2;0.0
35;136;3;0.0
35;136;4;0.0
35;136;5;0.0
35;136;6;0.0
35;136;7;0.0
35;136;8;0.0
36;136;1;0.0
36;136;2;0.0
36;136;3;0.0
36;136;4;0.0
36;136;5;0.0
36;136;6;0.0
36;136;7;0.0
36;136;8;0.0
37;136;1;0.0
37;136;2;0.0
37;136;3;0.0
37;136;4;0.0
37;136;5;0.0
37;136;6;0.0
37;136;7;0.0
37;136;8;0.0
38;136;1;0.0
38;136;2;0.0
38;136;3;0.0
38;136;4;0.0
38;136;5;0.0
38;136;6;0.0
38;136;7;0.0
38;136;8;0.0
39;136;1;0.0
39;136;2;0.0
39;136;3;0.0
39;136;4;0.0
39;136;5;0.0
39;136;6;0.0
39;136;7;0.0
39;136;8;0.0
40;136;1;0.0
40;136;2;0.0
40;136;3;0.0
40;136;4;0.0
40;136;5;0.0
40;136;6;0.0
40;136;7;0.0
40;136;8;0.0
41;136;1;0.0
41;136;2;0.0
41;136;3;0.0
41;136;4;0.0
41;136;5;0.0
41;136;6;0.0
41;136;7;0.0
41;136;8;0.0
42;136;1;0.0
42;136;2;0.0
42;136;3;0.0
42;136;4;0.0
42;136;5;0.0
42;136;6;0.0
42;136;7;0.0
42;136;8;0.0
43;136;1;0.0
43;136;2;0.0
43;136;3;0.0
43;136;4;0.0
43;136;5;0.0
43;136;6;0.0
43;136;7;0.0
43;136;8;0.0
44;136;1;0.0
44;136;2;0.0
44;136;3;0.0
44;136;4;0.0
44;136;5;0.0
44;136;6;0.0
44;136;7;0.0
44;136;8;0.0
45;136;1;0.0
45;136;2;0.0
45;136;3;0.0
45;136;4;0.0
45;136;5;0.0
45;136;6;0.0
45;136;7;0.0
45;136;8;0.0
46;136;1;0.0
46;136;2;0.0
46;136;3;0.0
46;136;4;0.0
46;136;5;0.0
46;136;6;0.0
46;136;7;0.0
46;136;8;0.0
47;136;1;-6.717454428987672e-17
47;136;2;-6.717454428987672e-17
47;136;3;-2.2735464354585955e-16
47;136;4;-6.049509823234071e-13
47;136;5;-6.717454428987672e-17
47;136;6;-6.717454428987672e-17
47;136;7;-6.717454428987672e-17
47;136;8;-6.717454428987672e-17
48;136;1;0.0
48;136;2;0.0
48;136;3;0.0
48;136;4;0.0
48;136;5;0.0
48;136;6;0.0
48;136;7;0.0
48;136;8;0.0
49;136;1;0.0
49;136;2;0.0
49;136;3;0.0
49;136;4;0.0
49;136;5;0.0
49;136;6;0.0
49;136;7;0.0
49;136;8;0.0
50;136;1;0.0
50;136;2;0.0
50;136;3;0.0
50;136;4;0.0
50;136;5;0.0
50;136;6;0.0
50;136;7;0.0
50;136;8;0.0
51;136;1;0.0
51;136;2;0.0
51;136;3;0.0
51;136;4;0.0
51;136;5;0.0
51;136;6;0.0
51;136;7;0.0
51;136;8;0.0
52;136;1;0.0
52;136;2;0.0
52;136;3;0.0
52;136;4;-2.906022268161082e-13
52;136;5;0.0
52;136;6;0.0
52;136;7;0.0
52;136;8;0.0
53;136;1;0.0
53;136;2;0.0
53;136;3;0.0
53;136;4;0.0
53;136;5;0.0
53;136;6;0.0
53;136;7;0.0
53;136;8;0.0
54;136;1;0.0
54;136;2;0.0
54;136;3;0.0
54;136;4;3.9968028886505635e-14
54;136;5;0.0
54;136;6;0.0
54;136;7;0.0
54;136;8;0.0
55;136;1;0.0
55;136;2;0.0
55;136;3;0.0
55;136;4;0.0
55;136;5;0.0
55;136;6;0.0
55;136;7;0.0
55;136;8;0.0
56;136;1;0.0
56;136;2;0.0
56;136;3;0.0
56;136;4;0.0
56;136;5;0.0
56;136;6;0.0
56;136;7;0.0
56;136;8;0.0
57;136;1;0.0
57;136;2;0.0
57;136;3;0.0
57;136;4;0.0
57;136;5;0.0
57;136;6;0.0
57;136;7;0.0
57;136;8;0.0
58;136;1;0.0
58;136;2;0.0
58;136;3;0.0
58;136;4;0.0
58;136;5;0.0
58;136;6;0.0
58;136;7;0.0
58;136;8;0.0
59;136;1;0.0
59;136;2;0.0
59;136;3;0.0
59;136;4;0.0
59;136;5;0.0
59;136;6;0.0
59;136;7;0.0
59;136;8;0.0
1;137;1;0.0
1;137;2;0.0
1;137;3;0.0
1;137;4;0.0
1;137;5;0.0
1;137;6;0.0
1;137;7;0.0
1;137;8;0.0
2;137;1;0.0
2;137;2;0.0
2;137;3;0.0
2;137;4;0.0
2;137;5;0.0
2;137;6;0.0
2;137;7;0.0
2;137;8;0.0
3;137;1;0.0
3;137;2;0.0
3;137;3;0.0
3;137;4;0.0
3;137;5;0.0
3;137;6;0.0
3;137;7;0.0
3;137;8;0.0
4;137;1;0.0
4;137;2;0.0
4;137;3;0.0
4;137;4;0.0
4;137;5;0.0
4;137;6;0.0
4;137;7;0.0
4;137;8;0.0
5;137;1;0.0
5;137;2;0.0
5;137;3;0.0
5;137;4;0.0
5;137;5;0.0
5;137;6;0.0
5;137;7;0.0
5;137;8;0.0
6;137;1;0.0
6;137;2;0.0
6;137;3;0.0
6;137;4;0.0
6;137;5;0.0
6;137;6;0.0
6;137;7;0.0
6;137;8;0.0
7;137;1;0.0
7;137;2;0.0
7;137;3;0.0
7;137;4;0.0
7;137;5;0.0
7;137;6;0.0
7;137;7;0.0
7;137;8;0.0
8;137;1;0.0
8;137;2;0.0
8;137;3;0.0
8;137;4;0.0
8;137;5;0.0
8;137;6;0.0
8;137;7;0.0
8;137;8;0.0
9;137;1;0.0
9;137;2;0.0
9;137;3;0.0
9;137;4;0.0
9;137;5;0.0
9;137;6;0.0
9;137;7;0.0
9;137;8;0.0
10;137;1;0.0
10;137;2;0.0
10;137;3;0.0
10;137;4;0.0
10;137;5;0.0
10;137;6;0.0
10;137;7;0.0
10;137;8;0.0
11;137;1;0.0
11;137;2;0.0
11;137;3;0.0
11;137;4;0.0
11;137;5;0.0
11;137;6;0.0
11;137;7;0.0
11;137;8;0.0
12;137;1;0.0
12;137;2;0.0
12;137;3;0.0
12;137;4;0.0
12;137;5;0.0
12;137;6;0.0
12;137;7;0.0
12;137;8;0.0
13;137;1;0.0
13;137;2;0.0
13;137;3;0.0
13;137;4;0.0
13;137;5;0.0
13;137;6;0.0
13;137;7;0.0
13;137;8;0.0
14;137;1;0.0
14;137;2;0.0
14;137;3;0.0
14;137;4;0.0
14;137;5;0.0
14;137;6;0.0
14;137;7;0.0
14;137;8;0.0
15;137;1;0.0
15;137;2;0.0
15;137;3;0.0
15;137;4;0.0
15;137;5;0.0
15;137;6;0.0
15;137;7;0.0
15;137;8;0.0
16;137;1;0.0
16;137;2;0.0
16;137;3;0.0
16;137;4;0.0
16;137;5;0.0
16;137;6;0.0
16;137;7;0.0
16;137;8;0.0
17;137;1;0.0
17;137;2;0.0
17;137;3;0.0
17;137;4;-8.221498735404895e-12
17;137;5;0.0
17;137;6;0.0
17;137;7;0.0
17;137;8;0.0
18;137;1;0.0
18;137;2;0.0
18;137;3;0.0
18;137;4;0.0
18;137;5;0.0
18;137;6;0.0
18;137;7;0.0
18;137;8;0.0
19;137;1;0.0
19;137;2;0.0
19;137;3;0.0
19;137;4;0.0
19;137;5;0.0
19;137;6;0.0
19;137;7;0.0
19;137;8;0.0
20;137;1;0.0
20;137;2;0.0
20;137;3;0.0
20;137;4;0.0
20;137;5;0.0
20;137;6;0.0
20;137;7;0.0
20;137;8;0.0
21;137;1;0.0
21;137;2;0.0
21;137;3;0.0
21;137;4;-0.9999999990169948
21;137;5;0.0
21;137;6;0.0
21;137;7;0.0
21;137;8;0.0
22;137;1;0.0
22;137;2;0.0
22;137;3;0.0
22;137;4;-9.3813046220248e-10
22;137;5;0.0
22;137;6;0.0
22;137;7;0.0
22;137;8;0.0
23;137;1;0.0
23;137;2;0.0
23;137;3;0.0
23;137;4;0.0
23;137;5;0.0
23;137;6;0.0
23;137;7;0.0
23;137;8;0.0
24;137;1;0.0
24;137;2;0.0
24;137;3;0.0
24;137;4;0.0
24;137;5;0.0
24;137;6;0.0
24;137;7;0.0
24;137;8;0.0
25;137;1;0.0
25;137;2;0.0
25;137;3;0.0
25;137;4;0.0
25;137;5;0.0
25;137;6;0.0
25;137;7;0.0
25;137;8;0.0
26;137;1;0.0
26;137;2;0.0
26;137;3;0.0
26;137;4;0.0
26;137;5;0.0
26;137;6;0.0
26;137;7;0.0
26;137;8;0.0
27;137;1;0.0
27;137;2;0.0
27;137;3;0.0
27;137;4;0.0
27;137;5;0.0
27;137;6;0.0
27;137;7;0.0
27;137;8;0.0
28;137;1;0.0
28;137;2;0.0
28;137;3;0.0
28;137;4;0.0
28;137;5;0.0
28;137;6;0.0
28;137;7;0.0
28;137;8;0.0
29;137;1;0.0
29;137;2;0.0
29;137;3;0.0
29;137;4;0.0
29;137;5;0.0
29;137;6;0.0
29;137;7;0.0
29;137;8;0.0
30;137;1;0.0
30;137;2;0.0
30;137;3;0.0
30;137;4;0.0
30;137;5;0.0
30;137;6;0.0
30;137;7;0.0
30;137;8;0.0
31;137;1;0.0
31;137;2;0.0
31;137;3;0.0
31;137;4;0.0
31;137;5;0.0
31;137;6;0.0
31;137;7;0.0
31;137;8;0.0
32;137;1;0.0
32;137;2;0.0
32;137;3;0.0
32;137;4;0.0
32;137;5;0.0
32;137;6;0.0
32;137;7;0.0
32;137;8;0.0
33;137;1;0.0
33;137;2;0.0
33;137;3;0.0
33;137;4;0.0
33;137;5;0.0
33;137;6;0.0
33;137;7;0.0
33;137;8;0.0
34;137;1;0.0
34;137;2;0.0
34;137;3;0.0
34;137;4;0.0
34;137;5;0.0
34;137;6;0.0
34;137;7;0.0
34;137;8;0.0
35;137;1;0.0
35;137;2;0.0
35;137;3;0.0
35;137;4;0.0
35;137;5;0.0
35;137;6;0.0
35;137;7;0.0
35;137;8;0.0
36;137;1;0.0
36;137;2;0.0
36;137;3;0.0
36;137;4;0.0
36;137;5;0.0
36;137;6;0.0
36;137;7;0.0
36;137;8;0.0
37;137;1;0.0
37;137;2;0.0
37;137;3;0.0
37;137;4;0.0
37;137;5;0.0
37;137;6;0.0
37;137;7;0.0
37;137;8;0.0
38;137;1;0.0
38;137;2;0.0
38;137;3;0.0
38;137;4;0.0
38;137;5;0.0
38;137;6;0.0
38;137;7;0.0
38;137;8;0.0
39;137;1;0.0
39;137;2;0.0
39;137;3;0.0
39;137;4;0.0
39;137;5;0.0
39;137;6;0.0
39;137;7;0.0
39;137;8;0.0
40;137;1;0.0
40;137;2;0.0
40;137;3;0.0
40;137;4;0.0
40;137;5;0.0
40;137;6;0.0
40;137;7;0.0
40;137;8;0.0
41;137;1;0.0
41;137;2;0.0
41;137;3;0.0
41;137;4;0.0
41;137;5;0.0
41;137;6;0.0
41;137;7;0.0
41;137;8;0.0
42;137;1;0.0
42;137;2;0.0
42;137;3;0.0
42;137;4;0.0
42;137;5;0.0
42;137;6;0.0
42;137;7;0.0
42;137;8;0.0
43;137;1;0.0
43;137;2;0.0
43;137;3;0.0
43;137;4;0.0
43;137;5;0.0
43;137;6;0.0
43;137;7;0.0
43;137;8;0.0
44;137;1;0.0
44;137;2;0.0
44;137;3;0.0
44;137;4;0.0
44;137;5;0.0
44;137;6;0.0
44;137;7;0.0
44;137;8;0.0
45;137;1;0.0
45;137;2;0.0
45;137;3;0.0
45;137;4;0.0
45;137;5;0.0
45;137;6;0.0
45;137;7;0.0
45;137;8;0.0
46;137;1;0.0
46;137;2;0.0
46;137;3;0.0
46;137;4;0.0
46;137;5;0.0
46;137;6;0.0
46;137;7;0.0
46;137;8;0.0
47;137;1;0.0
47;137;2;0.0
47;137;3;0.0
47;137;4;-3.6153315713148085e-11
47;137;5;0.0
47;137;6;0.0
47;137;7;0.0
47;137;8;0.0
48;137;1;0.0
48;137;2;0.0
48;137;3;0.0
48;137;4;0.0
48;137;5;0.0
48;137;6;0.0
48;137;7;0.0
48;137;8;0.0
49;137;1;0.0
49;137;2;0.0
49;137;3;0.0
49;137;4;0.0
49;137;5;0.0
49;137;6;0.0
49;137;7;0.0
49;137;8;0.0
50;137;1;0.0
50;137;2;0.0
50;137;3;0.0
50;137;4;0.0
50;137;5;0.0
50;137;6;0.0
50;137;7;0.0
50;137;8;0.0
51;137;1;0.0
51;137;2;0.0
51;137;3;0.0
51;137;4;0.0
51;137;5;0.0
51;137;6;0.0
51;137;7;0.0
51;137;8;0.0
52;137;1;0.0
52;137;2;0.0
52;137;3;0.0
52;137;4;-1.214658034817921e-13
52;137;5;0.0
52;137;6;0.0
52;137;7;0.0
52;137;8;0.0
53;137;1;0.0
53;137;2;0.0
53;137;3;0.0
53;137;4;0.0
53;137;5;0.0
53;137;6;0.0
53;137;7;0.0
53;137;8;0.0
54;137;1;0.0
54;137;2;0.0
54;137;3;0.0
54;137;4;-9.010009247871755e-15
54;137;5;0.0
54;137;6;0.0
54;137;7;0.0
54;137;8;0.0
55;137;1;0.0
55;137;2;0.0
55;137;3;0.0
55;137;4;0.0
55;137;5;0.0
55;137;6;0.0
55;137;7;0.0
55;137;8;0.0
56;137;1;0.0
56;137;2;0.0
56;137;3;0.0
56;137;4;0.0
56;137;5;0.0
56;137;6;0.0
56;137;7;0.0
56;137;8;0.0
57;137;1;0.0
57;137;2;0.0
57;137;3;0.0
57;137;4;0.0
57;137;5;0.0
57;137;6;0.0
57;137;7;0.0
57;137;8;0.0
58;137;1;0.0
58;137;2;0.0
58;137;3;0.0
58;137;4;0.0
58;137;5;0.0
58;137;6;0.0
58;137;7;0.0
58;137;8;0.0
59;137;1;0.0
59;137;2;0.0
59;137;3;0.0
59;137;4;0.0
59;137;5;0.0
59;137;6;0.0
59;137;7;0.0
59;137;8;0.0
1;138;1;0.0
1;138;2;0.0
1;138;3;0.0
1;138;4;0.0
1;138;5;0.0
1;138;6;0.0
1;138;7;0.0
1;138;8;0.0
2;138;1;0.0
2;138;2;0.0
2;138;3;0.0
2;138;4;0.0
2;138;5;0.0
2;138;6;0.0
2;138;7;0.0
2;138;8;0.0
3;138;1;0.0
3;138;2;0.0
3;138;3;0.0
3;138;4;0.0
3;138;5;0.0
3;138;6;0.0
3;138;7;0.0
3;138;8;0.0
4;138;1;0.0
4;138;2;0.0
4;138;3;0.0
4;138;4;0.0
4;138;5;0.0
4;138;6;0.0
4;138;7;0.0
4;138;8;0.0
5;138;1;0.0
5;138;2;0.0
5;138;3;0.0
5;138;4;0.0
5;138;5;0.0
5;138;6;0.0
5;138;7;0.0
5;138;8;0.0
6;138;1;0.0
6;138;2;0.0
6;138;3;0.0
6;138;4;0.0
6;138;5;0.0
6;138;6;0.0
6;138;7;0.0
6;138;8;0.0
7;138;1;0.0
7;138;2;0.0
7;138;3;0.0
7;138;4;0.0
7;138;5;0.0
7;138;6;0.0
7;138;7;0.0
7;138;8;0.0
8;138;1;0.0
8;138;2;0.0
8;138;3;0.0
8;138;4;0.0
8;138;5;0.0
8;138;6;0.0
8;138;7;0.0
8;138;8;0.0
9;138;1;0.0
9;138;2;0.0
9;138;3;0.0
9;138;4;0.0
9;138;5;0.0
9;138;6;0.0
9;138;7;0.0
9;138;8;0.0
10;138;1;0.0
10;138;2;0.0
10;138;3;0.0
10;138;4;0.0
10;138;5;0.0
10;138;6;0.0
10;138;7;0.0
10;138;8;0.0
11;138;1;0.0
11;138;2;0.0
11;138;3;0.0
11;138;4;0.0
11;138;5;0.0
11;138;6;0.0
11;138;7;0.0
11;138;8;0.0
12;138;1;0.0
12;138;2;0.0
12;138;3;0.0
12;138;4;0.0
12;138;5;0.0
12;138;6;0.0
12;138;7;0.0
12;138;8;0.0
13;138;1;0.0
13;138;2;0.0
13;138;3;0.0
13;138;4;0.0
13;138;5;0.0
13;138;6;0.0
13;138;7;0.0
13;138;8;0.0
14;138;1;0.0
14;138;2;0.0
14;138;3;0.0
14;138;4;0.0
14;138;5;0.0
14;138;6;0.0
14;138;7;0.0
14;138;8;0.0
15;138;1;0.0
15;138;2;0.0
15;138;3;0.0
15;138;4;0.0
15;138;5;0.0
15;138;6;0.0
15;138;7;0.0
15;138;8;0.0
16;138;1;0.0
16;138;2;0.0
16;138;3;0.0
16;138;4;0.0
16;138;5;0.0
16;138;6;0.0
16;138;7;0.0
16;138;8;0.0
17;138;1;0.0
17;138;2;0.0
17;138;3;0.0
17;138;4;-8.9556349122523e-12
17;138;5;0.0
17;138;6;0.0
17;138;7;0.0
17;138;8;0.0
18;138;1;0.0
18;138;2;0.0
18;138;3;0.0
18;138;4;0.0
18;138;5;0.0
18;138;6;0.0
18;138;7;0.0
18;138;8;0.0
19;138;1;0.0
19;138;2;0.0
19;138;3;0.0
19;138;4;0.0
19;138;5;0.0
19;138;6;0.0
19;138;7;0.0
19;138;8;0.0
20;138;1;0.0
20;138;2;0.0
20;138;3;0.0
20;138;4;0.0
20;138;5;0.0
20;138;6;0.0
20;138;7;0.0
20;138;8;0.0
21;138;1;0.0
21;138;2;0.0
21;138;3;0.0
21;138;4;-0.9999999991708641
21;138;5;0.0
21;138;6;0.0
21;138;7;0.0
21;138;8;0.0
22;138;1;-1.943004530458274e-17
22;138;2;-1.943004530458274e-17
22;138;3;0.0
22;138;4;-7.958806946817276e-10
22;138;5;-1.943004530458274e-17
22;138;6;-1.943004530458274e-17
22;138;7;-1.943004530458274e-17
22;138;8;-1.943004530458274e-17
23;138;1;0.0
23;138;2;0.0
23;138;3;0.0
23;138;4;0.0
23;138;5;0.0
23;138;6;0.0
23;138;7;0.0
23;138;8;0.0
24;138;1;0.0
24;138;2;0.0
24;138;3;0.0
24;138;4;0.0
24;138;5;0.0
24;138;6;0.0
24;138;7;0.0
24;138;8;0.0
25;138;1;0.0
25;138;2;0.0
25;138;3;0.0
25;138;4;0.0
25;138;5;0.0
25;138;6;0.0
25;138;7;0.0
25;138;8;0.0
26;138;1;0.0
26;138;2;0.0
26;138;3;0.0
26;138;4;0.0
26;138;5;0.0
26;138;6;0.0
26;138;7;0.0
26;138;8;0.0
27;138;1;0.0
27;138;2;0.0
27;138;3;0.0
27;138;4;0.0
27;138;5;0.0
27;138;6;0.0
27;138;7;0.0
27;138;8;0.0
28;138;1;0.0
28;138;2;0.0
28;138;3;0.0
28;138;4;0.0
28;138;5;0.0
28;138;6;0.0
28;138;7;0.0
28;138;8;0.0
29;138;1;0.0
29;138;2;0.0
29;138;3;0.0
29;138;4;0.0
29;138;5;0.0
29;138;6;0.0
29;138;7;0.0
29;138;8;0.0
30;138;1;0.0
30;138;2;0.0
30;138;3;0.0
30;138;4;0.0
30;138;5;0.0
30;138;6;0.0
30;138;7;0.0
30;138;8;0.0
31;138;1;0.0
31;138;2;0.0
31;138;3;0.0
31;138;4;0.0
31;138;5;0.0
31;138;6;0.0
31;138;7;0.0
31;138;8;0.0
32;138;1;0.0
32;138;2;0.0
32;138;3;0.0
32;138;4;0.0
32;138;5;0.0
32;138;6;0.0
32;138;7;0.0
32;138;8;0.0
33;138;1;0.0
33;138;2;0.0
33;138;3;0.0
33;138;4;0.0
33;138;5;0.0
33;138;6;0.0
33;138;7;0.0
33;138;8;0.0
34;138;1;0.0
34;138;2;0.0
34;138;3;0.0
34;138;4;0.0
34;138;5;0.0
34;138;6;0.0
34;138;7;0.0
34;138;8;0.0
35;138;1;0.0
35;138;2;0.0
35;138;3;0.0
35;138;4;0.0
35;138;5;0.0
35;138;6;0.0
35;138;7;0.0
35;138;8;0.0
36;138;1;0.0
36;138;2;0.0
36;138;3;0.0
36;138;4;0.0
36;138;5;0.0
36;138;6;0.0
36;138;7;0.0
36;138;8;0.0
37;138;1;0.0
37;138;2;0.0
37;138;3;0.0
37;138;4;0.0
37;138;5;0.0
37;138;6;0.0
37;138;7;0.0
37;138;8;0.0
38;138;1;0.0
38;138;2;0.0
38;138;3;0.0
38;138;4;0.0
38;138;5;0.0
38;138;6;0.0
38;138;7;0.0
38;138;8;0.0
39;138;1;0.0
39;138;2;0.0
39;138;3;0.0
39;138;4;0.0
39;138;5;0.0
39;138;6;0.0
39;138;7;0.0
39;138;8;0.0
40;138;1;0.0
40;138;2;0.0
40;138;3;0.0
40;138;4;0.0
40;138;5;0.0
40;138;6;0.0
40;138;7;0.0
40;138;8;0.0
41;138;1;0.0
41;138;2;0.0
41;138;3;0.0
41;138;4;0.0
41;138;5;0.0
41;138;6;0.0
41;138;7;0.0
41;138;8;0.0
42;138;1;0.0
42;138;2;0.0
42;138;3;0.0
42;138;4;0.0
42;138;5;0.0
42;138;6;0.0
42;138;7;0.0
42;138;8;0.0
43;138;1;0.0
43;138;2;0.0
43;138;3;0.0
43;138;4;0.0
43;138;5;0.0
43;138;6;0.0
43;138;7;0.0
43;138;8;0.0
44;138;1;0.0
44;138;2;0.0
44;138;3;0.0
44;138;4;0.0
44;138;5;0.0
44;138;6;0.0
44;138;7;0.0
44;138;8;0.0
45;138;1;0.0
45;138;2;0.0
45;138;3;0.0
45;138;4;0.0
45;138;5;0.0
45;138;6;0.0
45;138;7;0.0
45;138;8;0.0
46;138;1;0.0
46;138;2;0.0
46;138;3;0.0
46;138;4;0.0
46;138;5;0.0
46;138;6;0.0
46;138;7;0.0
46;138;8;0.0
47;138;1;0.0
47;138;2;0.0
47;138;3;0.0
47;138;4;-2.4798252868580905e-11
47;138;5;0.0
47;138;6;0.0
47;138;7;0.0
47;138;8;0.0
48;138;1;0.0
48;138;2;0.0
48;138;3;0.0
48;138;4;0.0
48;138;5;0.0
48;138;6;0.0
48;138;7;0.0
48;138;8;0.0
49;138;1;0.0
49;138;2;0.0
49;138;3;0.0
49;138;4;0.0
49;138;5;0.0
49;138;6;0.0
49;138;7;0.0
49;138;8;0.0
50;138;1;0.0
50;138;2;0.0
50;138;3;0.0
50;138;4;0.0
50;138;5;0.0
50;138;6;0.0
50;138;7;0.0
50;138;8;0.0
51;138;1;0.0
51;138;2;0.0
51;138;3;0.0
51;138;4;0.0
51;138;5;0.0
51;138;6;0.0
51;138;7;0.0
51;138;8;0.0
52;138;1;0.0
52;138;2;0.0
52;138;3;0.0
52;138;4;-2.588985237783423e-13
52;138;5;0.0
52;138;6;0.0
52;138;7;0.0
52;138;8;0.0
53;138;1;0.0
53;138;2;0.0
53;138;3;0.0
53;138;4;0.0
53;138;5;0.0
53;138;6;0.0
53;138;7;0.0
53;138;8;0.0
54;138;1;0.0
54;138;2;0.0
54;138;3;0.0
54;138;4;-8.399932694441936e-15
54;138;5;0.0
54;138;6;0.0
54;138;7;0.0
54;138;8;0.0
55;138;1;0.0
55;138;2;0.0
55;138;3;0.0
55;138;4;0.0
55;138;5;0.0
55;138;6;0.0
55;138;7;0.0
55;138;8;0.0
56;138;1;0.0
56;138;2;0.0
56;138;3;0.0
56;138;4;0.0
56;138;5;0.0
56;138;6;0.0
56;138;7;0.0
56;138;8;0.0
57;138;1;0.0
57;138;2;0.0
57;138;3;0.0
57;138;4;0.0
57;138;5;0.0
57;138;6;0.0
57;138;7;0.0
57;138;8;0.0
58;138;1;0.0
58;138;2;0.0
58;138;3;0.0
58;138;4;0.0
58;138;5;0.0
58;138;6;0.0
58;138;7;0.0
58;138;8;0.0
59;138;1;0.0
59;138;2;0.0
59;138;3;0.0
59;138;4;0.0
59;138;5;0.0
59;138;6;0.0
59;138;7;0.0
59;138;8;0.0
1;139;1;0.0
1;139;2;0.0
1;139;3;0.0
1;139;4;0.0
1;139;5;0.0
1;139;6;0.0
1;139;7;0.0
1;139;8;0.0
2;139;1;0.0
2;139;2;0.0
2;139;3;0.0
2;139;4;0.0
2;139;5;0.0
2;139;6;0.0
2;139;7;0.0
2;139;8;0.0
3;139;1;0.0
3;139;2;0.0
3;139;3;0.0
3;139;4;0.0
3;139;5;0.0
3;139;6;0.0
3;139;7;0.0
3;139;8;0.0
4;139;1;0.0
4;139;2;0.0
4;139;3;0.0
4;139;4;0.0
4;139;5;0.0
4;139;6;0.0
4;139;7;0.0
4;139;8;0.0
5;139;1;0.0
5;139;2;0.0
5;139;3;0.0
5;139;4;0.0
5;139;5;0.0
5;139;6;0.0
5;139;7;0.0
5;139;8;0.0
6;139;1;0.0
6;139;2;0.0
6;139;3;0.0
6;139;4;0.0
6;139;5;0.0
6;139;6;0.0
6;139;7;0.0
6;139;8;0.0
7;139;1;0.0
7;139;2;0.0
7;139;3;0.0
7;139;4;0.0
7;139;5;0.0
7;139;6;0.0
7;139;7;0.0
7;139;8;0.0
8;139;1;0.0
8;139;2;0.0
8;139;3;0.0
8;139;4;0.0
8;139;5;0.0
8;139;6;0.0
8;139;7;0.0
8;139;8;0.0
9;139;1;0.0
9;139;2;0.0
9;139;3;0.0
9;139;4;0.0
9;139;5;0.0
9;139;6;0.0
9;139;7;0.0
9;139;8;0.0
10;139;1;0.0
10;139;2;0.0
10;139;3;0.0
10;139;4;0.0
10;139;5;0.0
10;139;6;0.0
10;139;7;0.0
10;139;8;0.0
11;139;1;0.0
11;139;2;0.0
11;139;3;0.0
11;139;4;0.0
11;139;5;0.0
11;139;6;0.0
11;139;7;0.0
11;139;8;0.0
12;139;1;0.0
12;139;2;0.0
12;139;3;0.0
12;139;4;0.0
12;139;5;0.0
12;139;6;0.0
12;139;7;0.0
12;139;8;0.0
13;139;1;0.0
13;139;2;0.0
13;139;3;0.0
13;139;4;0.0
13;139;5;0.0
13;139;6;0.0
13;139;7;0.0
13;139;8;0.0
14;139;1;0.0
14;139;2;0.0
14;139;3;0.0
14;139;4;0.0
14;139;5;0.0
14;139;6;0.0
14;139;7;0.0
14;139;8;0.0
15;139;1;0.0
15;139;2;0.0
15;139;3;0.0
15;139;4;0.0
15;139;5;0.0
15;139;6;0.0
15;139;7;0.0
15;139;8;0.0
16;139;1;0.0
16;139;2;0.0
16;139;3;0.0
16;139;4;0.0
16;139;5;0.0
16;139;6;0.0
16;139;7;0.0
16;139;8;0.0
17;139;1;-9.68591612800356e-18
17;139;2;-9.68591612800356e-18
17;139;3;-3.385360697904739e-17
17;139;4;-8.051271645427116e-12
17;139;5;-9.68591612800356e-18
17;139;6;-9.68591612800356e-18
17;139;7;-9.68591612800356e-18
17;139;8;-9.68591612800356e-18
18;139;1;0.0
18;139;2;0.0
18;139;3;0.0
18;139;4;0.0
18;139;5;0.0
18;139;6;0.0
18;139;7;0.0
18;139;8;0.0
19;139;1;0.0
19;139;2;0.0
19;139;3;0.0
19;139;4;0.0
19;139;5;0.0
19;139;6;0.0
19;139;7;0.0
19;139;8;0.0
20;139;1;0.0
20;139;2;0.0
20;139;3;-2.5178605878015205e-17
20;139;4;0.0
20;139;5;0.0
20;139;6;0.0
20;139;7;0.0
20;139;8;0.0
21;139;1;-1.1284835712156385e-17
21;139;2;-1.1284835712156385e-17
21;139;3;-3.166440679287909e-17
21;139;4;-0.9999999989921018
21;139;5;-1.1284835712156385e-17
21;139;6;-1.1284835712156385e-17
21;139;7;-1.1284835712156385e-17
21;139;8;-1.1284835712156385e-17
22;139;1;-2.522697584265133e-17
22;139;2;-2.522697584265133e-17
22;139;3;-8.347157022006327e-17
22;139;4;-9.82391945569816e-10
22;139;5;-2.522697584265133e-17
22;139;6;-2.522697584265133e-17
22;139;7;-2.522697584265133e-17
22;139;8;-2.522697584265133e-17
23;139;1;0.0
23;139;2;0.0
23;139;3;0.0
23;139;4;0.0
23;139;5;0.0
23;139;6;0.0
23;139;7;0.0
23;139;8;0.0
24;139;1;0.0
24;139;2;0.0
24;139;3;0.0
24;139;4;0.0
24;139;5;0.0
24;139;6;0.0
24;139;7;0.0
24;139;8;0.0
25;139;1;0.0
25;139;2;0.0
25;139;3;0.0
25;139;4;0.0
25;139;5;0.0
25;139;6;0.0
25;139;7;0.0
25;139;8;0.0
26;139;1;0.0
26;139;2;0.0
26;139;3;0.0
26;139;4;0.0
26;139;5;0.0
26;139;6;0.0
26;139;7;0.0
26;139;8;0.0
27;139;1;0.0
27;139;2;0.0
27;139;3;0.0
27;139;4;0.0
27;139;5;0.0
27;139;6;0.0
27;139;7;0.0
27;139;8;0.0
28;139;1;0.0
28;139;2;0.0
28;139;3;0.0
28;139;4;0.0
28;139;5;0.0
28;139;6;0.0
28;139;7;0.0
28;139;8;0.0
29;139;1;0.0
29;139;2;0.0
29;139;3;0.0
29;139;4;0.0
29;139;5;0.0
29;139;6;0.0
29;139;7;0.0
29;139;8;0.0
30;139;1;0.0
30;139;2;0.0
30;139;3;0.0
30;139;4;0.0
30;139;5;0.0
30;139;6;0.0
30;139;7;0.0
30;139;8;0.0
31;139;1;0.0
31;139;2;0.0
31;139;3;0.0
31;139;4;0.0
31;139;5;0.0
31;139;6;0.0
31;139;7;0.0
31;139;8;0.0
32;139;1;0.0
32;139;2;0.0
32;139;3;0.0
32;139;4;0.0
32;139;5;0.0
32;139;6;0.0
32;139;7;0.0
32;139;8;0.0
33;139;1;0.0
33;139;2;0.0
33;139;3;0.0
33;139;4;0.0
33;139;5;0.0
33;139;6;0.0
33;139;7;0.0
33;139;8;0.0
34;139;1;0.0
34;139;2;0.0
34;139;3;0.0
34;139;4;0.0
34;139;5;0.0
34;139;6;0.0
34;139;7;0.0
34;139;8;0.0
35;139;1;0.0
35;139;2;0.0
35;139;3;0.0
35;139;4;0.0
35;139;5;0.0
35;139;6;0.0
35;139;7;0.0
35;139;8;0.0
36;139;1;0.0
36;139;2;0.0
36;139;3;0.0
36;139;4;0.0
36;139;5;0.0
36;139;6;0.0
36;139;7;0.0
36;139;8;0.0
37;139;1;0.0
37;139;2;0.0
37;139;3;0.0
37;139;4;0.0
37;139;5;0.0
37;139;6;0.0
37;139;7;0.0
37;139;8;0.0
38;139;1;0.0
38;139;2;0.0
38;139;3;0.0
38;139;4;0.0
38;139;5;0.0
38;139;6;0.0
38;139;7;0.0
38;139;8;0.0
39;139;1;0.0
39;139;2;0.0
39;139;3;0.0
39;139;4;0.0
39;139;5;0.0
39;139;6;0.0
39;139;7;0.0
39;139;8;0.0
40;139;1;0.0
40;139;2;0.0
40;139;3;0.0
40;139;4;0.0
40;139;5;0.0
40;139;6;0.0
40;139;7;0.0
40;139;8;0.0
41;139;1;0.0
41;139;2;0.0
41;139;3;0.0
41;139;4;0.0
41;139;5;0.0
41;139;6;0.0
41;139;7;0.0
41;139;8;0.0
42;139;1;0.0
42;139;2;0.0
42;139;3;0.0
42;139;4;0.0
42;139;5;0.0
42;139;6;0.0
42;139;7;0.0
42;139;8;0.0
43;139;1;0.0
43;139;2;0.0
43;139;3;0.0
43;139;4;0.0
43;139;5;0.0
43;139;6;0.0
43;139;7;0.0
43;139;8;0.0
44;139;1;0.0
44;139;2;0.0
44;139;3;0.0
44;139;4;0.0
44;139;5;0.0
44;139;6;0.0
44;139;7;0.0
44;139;8;0.0
45;139;1;0.0
45;139;2;0.0
45;139;3;0.0
45;139;4;0.0
45;139;5;0.0
45;139;6;0.0
45;139;7;0.0
45;139;8;0.0
46;139;1;0.0
46;139;2;0.0
46;139;3;0.0
46;139;4;0.0
46;139;5;0.0
46;139;6;0.0
46;139;7;0.0
46;139;8;0.0
47;139;1;-1.7623146517358868e-17
47;139;2;-1.7623146517358868e-17
47;139;3;-7.754444516092216e-17
47;139;4;-1.4541677515495482e-11
47;139;5;-1.7623146517358868e-17
47;139;6;-1.7623146517358868e-17
47;139;7;-1.7623146517358868e-17
47;139;8;-1.7623146517358868e-17
48;139;1;0.0
48;139;2;0.0
48;139;3;0.0
48;139;4;0.0
48;139;5;0.0
48;139;6;0.0
48;139;7;0.0
48;139;8;0.0
49;139;1;0.0
49;139;2;0.0
49;139;3;0.0
49;139;4;0.0
49;139;5;0.0
49;139;6;0.0
49;139;7;0.0
49;139;8;0.0
50;139;1;0.0
50;139;2;0.0
50;139;3;0.0
50;139;4;0.0
50;139;5;0.0
50;139;6;0.0
50;139;7;0.0
50;139;8;0.0
51;139;1;0.0
51;139;2;0.0
51;139;3;0.0
51;139;4;0.0
51;139;5;0.0
51;139;6;0.0
51;139;7;0.0
51;139;8;0.0
52;139;1;0.0
52;139;2;0.0
52;139;3;0.0
52;139;4;-2.610024035116834e-13
52;139;5;0.0
52;139;6;0.0
52;139;7;0.0
52;139;8;0.0
53;139;1;0.0
53;139;2;0.0
53;139;3;0.0
53;139;4;0.0
53;139;5;0.0
53;139;6;0.0
53;139;7;0.0
53;139;8;0.0
54;139;1;0.0
54;139;2;0.0
54;139;3;0.0
54;139;4;-7.936889764935512e-15
54;139;5;0.0
54;139;6;0.0
54;139;7;0.0
54;139;8;0.0
55;139;1;0.0
55;139;2;0.0
55;139;3;0.0
55;139;4;0.0
55;139;5;0.0
55;139;6;0.0
55;139;7;0.0
55;139;8;0.0
56;139;1;0.0
56;139;2;0.0
56;139;3;0.0
56;139;4;0.0
56;139;5;0.0
56;139;6;0.0
56;139;7;0.0
56;139;8;0.0
57;139;1;0.0
57;139;2;0.0
57;139;3;0.0
57;139;4;0.0
57;139;5;0.0
57;139;6;0.0
57;139;7;0.0
57;139;8;0.0
58;139;1;0.0
58;139;2;0.0
58;139;3;0.0
58;139;4;0.0
58;139;5;0.0
58;139;6;0.0
58;139;7;0.0
58;139;8;0.0
59;139;1;0.0
59;139;2;0.0
59;139;3;0.0
59;139;4;0.0
59;139;5;0.0
59;139;6;0.0
59;139;7;0.0
59;139;8;0.0
1;140;1;0.0
1;140;2;0.0
1;140;3;0.0
1;140;4;0.0
1;140;5;0.0
1;140;6;0.0
1;140;7;0.0
1;140;8;0.0
2;140;1;0.0
2;140;2;0.0
2;140;3;0.0
2;140;4;0.0
2;140;5;0.0
2;140;6;0.0
2;140;7;0.0
2;140;8;0.0
3;140;1;0.0
3;140;2;0.0
3;140;3;0.0
3;140;4;0.0
3;140;5;0.0
3;140;6;0.0
3;140;7;0.0
3;140;8;0.0
4;140;1;0.0
4;140;2;0.0
4;140;3;0.0
4;140;4;0.0
4;140;5;0.0
4;140;6;0.0
4;140;7;0.0
4;140;8;0.0
5;140;1;0.0
5;140;2;0.0
5;140;3;0.0
5;140;4;0.0
5;140;5;0.0
5;140;6;0.0
5;140;7;0.0
5;140;8;0.0
6;140;1;0.0
6;140;2;0.0
6;140;3;0.0
6;140;4;0.0
6;140;5;0.0
6;140;6;0.0
6;140;7;0.0
6;140;8;0.0
7;140;1;0.0
7;140;2;0.0
7;140;3;0.0
7;140;4;0.0
7;140;5;0.0
7;140;6;0.0
7;140;7;0.0
7;140;8;0.0
8;140;1;0.0
8;140;2;0.0
8;140;3;0.0
8;140;4;0.0
8;140;5;0.0
8;140;6;0.0
8;140;7;0.0
8;140;8;0.0
9;140;1;0.0
9;140;2;0.0
9;140;3;0.0
9;140;4;0.0
9;140;5;0.0
9;140;6;0.0
9;140;7;0.0
9;140;8;0.0
10;140;1;0.0
10;140;2;0.0
10;140;3;0.0
10;140;4;0.0
10;140;5;0.0
10;140;6;0.0
10;140;7;0.0
10;140;8;0.0
11;140;1;0.0
11;140;2;0.0
11;140;3;0.0
11;140;4;0.0
11;140;5;0.0
11;140;6;0.0
11;140;7;0.0
11;140;8;0.0
12;140;1;0.0
12;140;2;0.0
12;140;3;0.0
12;140;4;0.0
12;140;5;0.0
12;140;6;0.0
12;140;7;0.0
12;140;8;0.0
13;140;1;0.0
13;140;2;0.0
13;140;3;0.0
13;140;4;0.0
13;140;5;0.0
13;140;6;0.0
13;140;7;0.0
13;140;8;0.0
14;140;1;0.0
14;140;2;0.0
14;140;3;0.0
14;140;4;0.0
14;140;5;0.0
14;140;6;0.0
14;140;7;0.0
14;140;8;0.0
15;140;1;0.0
15;140;2;0.0
15;140;3;0.0
15;140;4;0.0
15;140;5;0.0
15;140;6;0.0
15;140;7;0.0
15;140;8;0.0
16;140;1;0.0
16;140;2;0.0
16;140;3;0.0
16;140;4;0.0
16;140;5;0.0
16;140;6;0.0
16;140;7;0.0
16;140;8;0.0
17;140;1;-1.1633638379958059e-17
17;140;2;-1.1633638379958059e-17
17;140;3;-4.262160104649696e-17
17;140;4;-8.145389188027265e-12
17;140;5;-1.1633638379958059e-17
17;140;6;-1.1633638379958059e-17
17;140;7;-1.1633638379958059e-17
17;140;8;-1.1633638379958059e-17
18;140;1;0.0
18;140;2;0.0
18;140;3;0.0
18;140;4;0.0
18;140;5;0.0
18;140;6;0.0
18;140;7;0.0
18;140;8;0.0
19;140;1;0.0
19;140;2;0.0
19;140;3;0.0
19;140;4;0.0
19;140;5;0.0
19;140;6;0.0
19;140;7;0.0
19;140;8;0.0
20;140;1;0.0
20;140;2;0.0
20;140;3;-2.82151021099414e-17
20;140;4;0.0
20;140;5;0.0
20;140;6;0.0
20;140;7;0.0
20;140;8;0.0
21;140;1;-1.2709870348598607e-17
21;140;2;-1.2709870348598607e-17
21;140;3;-4.114483604489876e-17
21;140;4;-0.9999999993815416
21;140;5;-1.2709870348598607e-17
21;140;6;-1.2709870348598607e-17
21;140;7;-1.2709870348598607e-17
21;140;8;-1.2709870348598607e-17
22;140;1;-3.1237286619242505e-17
22;140;2;-3.1237286619242505e-17
22;140;3;-1.1046950838023317e-16
22;140;4;-5.945022252262788e-10
22;140;5;-3.1237286619242505e-17
22;140;6;-3.1237286619242505e-17
22;140;7;-3.1237286619242505e-17
22;140;8;-3.1237286619242505e-17
23;140;1;0.0
23;140;2;0.0
23;140;3;0.0
23;140;4;0.0
23;140;5;0.0
23;140;6;0.0
23;140;7;0.0
23;140;8;0.0
24;140;1;0.0
24;140;2;0.0
24;140;3;0.0
24;140;4;0.0
24;140;5;0.0
24;140;6;0.0
24;140;7;0.0
24;140;8;0.0
25;140;1;0.0
25;140;2;0.0
25;140;3;0.0
25;140;4;0.0
25;140;5;0.0
25;140;6;0.0
25;140;7;0.0
25;140;8;0.0
26;140;1;0.0
26;140;2;0.0
26;140;3;0.0
26;140;4;0.0
26;140;5;0.0
26;140;6;0.0
26;140;7;0.0
26;140;8;0.0
27;140;1;0.0
27;140;2;0.0
27;140;3;0.0
27;140;4;0.0
27;140;5;0.0
27;140;6;0.0
27;140;7;0.0
27;140;8;0.0
28;140;1;0.0
28;140;2;0.0
28;140;3;0.0
28;140;4;0.0
28;140;5;0.0
28;140;6;0.0
28;140;7;0.0
28;140;8;0.0
29;140;1;0.0
29;140;2;0.0
29;140;3;0.0
29;140;4;0.0
29;140;5;0.0
29;140;6;0.0
29;140;7;0.0
29;140;8;0.0
30;140;1;0.0
30;140;2;0.0
30;140;3;0.0
30;140;4;0.0
30;140;5;0.0
30;140;6;0.0
30;140;7;0.0
30;140;8;0.0
31;140;1;0.0
31;140;2;0.0
31;140;3;0.0
31;140;4;0.0
31;140;5;0.0
31;140;6;0.0
31;140;7;0.0
31;140;8;0.0
32;140;1;0.0
32;140;2;0.0
32;140;3;0.0
32;140;4;0.0
32;140;5;0.0
32;140;6;0.0
32;140;7;0.0
32;140;8;0.0
33;140;1;0.0
33;140;2;0.0
33;140;3;0.0
33;140;4;0.0
33;140;5;0.0
33;140;6;0.0
33;140;7;0.0
33;140;8;0.0
34;140;1;0.0
34;140;2;0.0
34;140;3;0.0
34;140;4;0.0
34;140;5;0.0
34;140;6;0.0
34;140;7;0.0
34;140;8;0.0
35;140;1;0.0
35;140;2;0.0
35;140;3;0.0
35;140;4;0.0
35;140;5;0.0
35;140;6;0.0
35;140;7;0.0
35;140;8;0.0
36;140;1;0.0
36;140;2;0.0
36;140;3;0.0
36;140;4;0.0
36;140;5;0.0
36;140;6;0.0
36;140;7;0.0
36;140;8;0.0
37;140;1;0.0
37;140;2;0.0
37;140;3;0.0
37;140;4;0.0
37;140;5;0.0
37;140;6;0.0
37;140;7;0.0
37;140;8;0.0
38;140;1;0.0
38;140;2;0.0
38;140;3;0.0
38;140;4;0.0
38;140;5;0.0
38;140;6;0.0
38;140;7;0.0
38;140;8;0.0
39;140;1;0.0
39;140;2;0.0
39;140;3;0.0
39;140;4;0.0
39;140;5;0.0
39;140;6;0.0
39;140;7;0.0
39;140;8;0.0
40;140;1;0.0
40;140;2;0.0
40;140;3;0.0
40;140;4;0.0
40;140;5;0.0
40;140;6;0.0
40;140;7;0.0
40;140;8;0.0
41;140;1;0.0
41;140;2;0.0
41;140;3;0.0
41;140;4;0.0
41;140;5;0.0
41;140;6;0.0
41;140;7;0.0
41;140;8;0.0
42;140;1;0.0
42;140;2;0.0
42;140;3;0.0
42;140;4;0.0
42;140;5;0.0
42;140;6;0.0
42;140;7;0.0
42;140;8;0.0
43;140;1;0.0
43;140;2;0.0
43;140;3;0.0
43;140;4;0.0
43;140;5;0.0
43;140;6;0.0
43;140;7;0.0
43;140;8;0.0
44;140;1;0.0
44;140;2;0.0
44;140;3;0.0
44;140;4;0.0
44;140;5;0.0
44;140;6;0.0
44;140;7;0.0
44;140;8;0.0
45;140;1;0.0
45;140;2;0.0
45;140;3;0.0
45;140;4;0.0
45;140;5;0.0
45;140;6;0.0
45;140;7;0.0
45;140;8;0.0
46;140;1;0.0
46;140;2;0.0
46;140;3;0.0
46;140;4;0.0
46;140;5;0.0
46;140;6;0.0
46;140;7;0.0
46;140;8;0.0
47;140;1;-2.296098356668914e-17
47;140;2;-2.296098356668914e-17
47;140;3;-1.0204138908389359e-16
47;140;4;-1.4252637198021422e-11
47;140;5;-2.296098356668914e-17
47;140;6;-2.296098356668914e-17
47;140;7;-2.296098356668914e-17
47;140;8;-2.296098356668914e-17
48;140;1;0.0
48;140;2;0.0
48;140;3;0.0
48;140;4;0.0
48;140;5;0.0
48;140;6;0.0
48;140;7;0.0
48;140;8;0.0
49;140;1;0.0
49;140;2;0.0
49;140;3;0.0
49;140;4;0.0
49;140;5;0.0
49;140;6;0.0
49;140;7;0.0
49;140;8;0.0
50;140;1;0.0
50;140;2;0.0
50;140;3;0.0
50;140;4;0.0
50;140;5;0.0
50;140;6;0.0
50;140;7;0.0
50;140;8;0.0
51;140;1;0.0
51;140;2;0.0
51;140;3;0.0
51;140;4;0.0
51;140;5;0.0
51;140;6;0.0
51;140;7;0.0
51;140;8;0.0
52;140;1;0.0
52;140;2;0.0
52;140;3;0.0
52;140;4;-2.7009067405213917e-13
52;140;5;0.0
52;140;6;0.0
52;140;7;0.0
52;140;8;0.0
53;140;1;0.0
53;140;2;0.0
53;140;3;0.0
53;140;4;0.0
53;140;5;0.0
53;140;6;0.0
53;140;7;0.0
53;140;8;0.0
54;140;1;0.0
54;140;2;0.0
54;140;3;0.0
54;140;4;-9.477508833985865e-15
54;140;5;0.0
54;140;6;0.0
54;140;7;0.0
54;140;8;0.0
55;140;1;0.0
55;140;2;0.0
55;140;3;0.0
55;140;4;0.0
55;140;5;0.0
55;140;6;0.0
55;140;7;0.0
55;140;8;0.0
56;140;1;0.0
56;140;2;0.0
56;140;3;0.0
56;140;4;0.0
56;140;5;0.0
56;140;6;0.0
56;140;7;0.0
56;140;8;0.0
57;140;1;0.0
57;140;2;0.0
57;140;3;0.0
57;140;4;0.0
57;140;5;0.0
57;140;6;0.0
57;140;7;0.0
57;140;8;0.0
58;140;1;0.0
58;140;2;0.0
58;140;3;0.0
58;140;4;0.0
58;140;5;0.0
58;140;6;0.0
58;140;7;0.0
58;140;8;0.0
59;140;1;0.0
59;140;2;0.0
59;140;3;0.0
59;140;4;0.0
59;140;5;0.0
59;140;6;0.0
59;140;7;0.0
59;140;8;0.0
1;141;1;0.0
1;141;2;0.0
1;141;3;0.0
1;141;4;0.0
1;141;5;0.0
1;141;6;0.0
1;141;7;0.0
1;141;8;0.0
2;141;1;0.0
2;141;2;0.0
2;141;3;0.0
2;141;4;0.0
2;141;5;0.0
2;141;6;0.0
2;141;7;0.0
2;141;8;0.0
3;141;1;0.0
3;141;2;0.0
3;141;3;0.0
3;141;4;0.0
3;141;5;0.0
3;141;6;0.0
3;141;7;0.0
3;141;8;0.0
4;141;1;0.0
4;141;2;0.0
4;141;3;0.0
4;141;4;0.0
4;141;5;0.0
4;141;6;0.0
4;141;7;0.0
4;141;8;0.0
5;141;1;0.0
5;141;2;0.0
5;141;3;0.0
5;141;4;0.0
5;141;5;0.0
5;141;6;0.0
5;141;7;0.0
5;141;8;0.0
6;141;1;0.0
6;141;2;0.0
6;141;3;0.0
6;141;4;0.0
6;141;5;0.0
6;141;6;0.0
6;141;7;0.0
6;141;8;0.0
7;141;1;0.0
7;141;2;0.0
7;141;3;0.0
7;141;4;0.0
7;141;5;0.0
7;141;6;0.0
7;141;7;0.0
7;141;8;0.0
8;141;1;0.0
8;141;2;0.0
8;141;3;0.0
8;141;4;0.0
8;141;5;0.0
8;141;6;0.0
8;141;7;0.0
8;141;8;0.0
9;141;1;0.0
9;141;2;0.0
9;141;3;0.0
9;141;4;0.0
9;141;5;0.0
9;141;6;0.0
9;141;7;0.0
9;141;8;0.0
10;141;1;0.0
10;141;2;0.0
10;141;3;0.0
10;141;4;0.0
10;141;5;0.0
10;141;6;0.0
10;141;7;0.0
10;141;8;0.0
11;141;1;0.0
11;141;2;0.0
11;141;3;0.0
11;141;4;0.0
11;141;5;0.0
11;141;6;0.0
11;141;7;0.0
11;141;8;0.0
12;141;1;0.0
12;141;2;0.0
12;141;3;0.0
12;141;4;0.0
12;141;5;0.0
12;141;6;0.0
12;141;7;0.0
12;141;8;0.0
13;141;1;0.0
13;141;2;0.0
13;141;3;0.0
13;141;4;0.0
13;141;5;0.0
13;141;6;0.0
13;141;7;0.0
13;141;8;0.0
14;141;1;0.0
14;141;2;0.0
14;141;3;0.0
14;141;4;0.0
14;141;5;0.0
14;141;6;0.0
14;141;7;0.0
14;141;8;0.0
15;141;1;0.0
15;141;2;0.0
15;141;3;0.0
15;141;4;0.0
15;141;5;0.0
15;141;6;0.0
15;141;7;0.0
15;141;8;0.0
16;141;1;0.0
16;141;2;0.0
16;141;3;0.0
16;141;4;0.0
16;141;5;0.0
16;141;6;0.0
16;141;7;0.0
16;141;8;0.0
17;141;1;-1.3649074914009333e-17
17;141;2;-1.3649074914009333e-17
17;141;3;-4.9773122046545247e-17
17;141;4;-0.9999999999898069
17;141;5;-1.3649074914009333e-17
17;141;6;-1.3649074914009333e-17
17;141;7;-1.3649074914009333e-17
17;141;8;-1.3649074914009333e-17
18;141;1;0.0
18;141;2;0.0
18;141;3;0.0
18;141;4;0.0
18;141;5;0.0
18;141;6;0.0
18;141;7;0.0
18;141;8;0.0
19;141;1;0.0
19;141;2;0.0
19;141;3;0.0
19;141;4;0.0
19;141;5;0.0
19;141;6;0.0
19;141;7;0.0
19;141;8;0.0
20;141;1;0.0
20;141;2;0.0
20;141;3;-3.456718274478374e-17
20;141;4;0.0
20;141;5;0.0
20;141;6;0.0
20;141;7;0.0
20;141;8;0.0
21;141;1;-1.4995256961261756e-17
21;141;2;-1.4995256961261756e-17
21;141;3;-5.056663850663835e-17
21;141;4;-6.672087210637314e-13
21;141;5;-1.4995256961261756e-17
21;141;6;-1.4995256961261756e-17
21;141;7;-1.4995256961261756e-17
21;141;8;-1.4995256961261756e-17
22;141;1;-4.1204939248997966e-17
22;141;2;-4.1204939248997966e-17
22;141;3;-1.344471425972324e-16
22;141;4;-3.383959779057477e-12
22;141;5;-4.1204939248997966e-17
22;141;6;-4.1204939248997966e-17
22;141;7;-4.1204939248997966e-17
22;141;8;-4.1204939248997966e-17
23;141;1;0.0
23;141;2;0.0
23;141;3;0.0
23;141;4;0.0
23;141;5;0.0
23;141;6;0.0
23;141;7;0.0
23;141;8;0.0
24;141;1;0.0
24;141;2;0.0
24;141;3;0.0
24;141;4;0.0
24;141;5;0.0
24;141;6;0.0
24;141;7;0.0
24;141;8;0.0
25;141;1;0.0
25;141;2;0.0
25;141;3;0.0
25;141;4;0.0
25;141;5;0.0
25;141;6;0.0
25;141;7;0.0
25;141;8;0.0
26;141;1;0.0
26;141;2;0.0
26;141;3;0.0
26;141;4;0.0
26;141;5;0.0
26;141;6;0.0
26;141;7;0.0
26;141;8;0.0
27;141;1;0.0
27;141;2;0.0
27;141;3;0.0
27;141;4;0.0
27;141;5;0.0
27;141;6;0.0
27;141;7;0.0
27;141;8;0.0
28;141;1;0.0
28;141;2;0.0
28;141;3;0.0
28;141;4;0.0
28;141;5;0.0
28;141;6;0.0
28;141;7;0.0
28;141;8;0.0
29;141;1;0.0
29;141;2;0.0
29;141;3;0.0
29;141;4;0.0
29;141;5;0.0
29;141;6;0.0
29;141;7;0.0
29;141;8;0.0
30;141;1;0.0
30;141;2;0.0
30;141;3;0.0
30;141;4;0.0
30;141;5;0.0
30;141;6;0.0
30;141;7;0.0
30;141;8;0.0
31;141;1;0.0
31;141;2;0.0
31;141;3;0.0
31;141;4;0.0
31;141;5;0.0
31;141;6;0.0
31;141;7;0.0
31;141;8;0.0
32;141;1;0.0
32;141;2;0.0
32;141;3;0.0
32;141;4;0.0
32;141;5;0.0
32;141;6;0.0
32;141;7;0.0
32;141;8;0.0
33;141;1;0.0
33;141;2;0.0
33;141;3;0.0
33;141;4;0.0
33;141;5;0.0
33;141;6;0.0
33;141;7;0.0
33;141;8;0.0
34;141;1;0.0
34;141;2;0.0
34;141;3;0.0
34;141;4;0.0
34;141;5;0.0
34;141;6;0.0
34;141;7;0.0
34;141;8;0.0
35;141;1;0.0
35;141;2;0.0
35;141;3;0.0
35;141;4;0.0
35;141;5;0.0
35;141;6;0.0
35;141;7;0.0
35;141;8;0.0
36;141;1;0.0
36;141;2;0.0
36;141;3;0.0
36;141;4;0.0
36;141;5;0.0
36;141;6;0.0
36;141;7;0.0
36;141;8;0.0
37;141;1;0.0
37;141;2;0.0
37;141;3;0.0
37;141;4;0.0
37;141;5;0.0
37;141;6;0.0
37;141;7;0.0
37;141;8;0.0
38;141;1;0.0
38;141;2;0.0
38;141;3;0.0
38;141;4;0.0
38;141;5;0.0
38;141;6;0.0
38;141;7;0.0
38;141;8;0.0
39;141;1;0.0
39;141;2;0.0
39;141;3;0.0
39;141;4;0.0
39;141;5;0.0
39;141;6;0.0
39;141;7;0.0
39;141;8;0.0
40;141;1;0.0
40;141;2;0.0
40;141;3;0.0
40;141;4;0.0
40;141;5;0.0
40;141;6;0.0
40;141;7;0.0
40;141;8;0.0
41;141;1;0.0
41;141;2;0.0
41;141;3;0.0
41;141;4;0.0
41;141;5;0.0
41;141;6;0.0
41;141;7;0.0
41;141;8;0.0
42;141;1;0.0
42;141;2;0.0
42;141;3;0.0
42;141;4;0.0
42;141;5;0.0
42;141;6;0.0
42;141;7;0.0
42;141;8;0.0
43;141;1;0.0
43;141;2;0.0
43;141;3;0.0
43;141;4;0.0
43;141;5;0.0
43;141;6;0.0
43;141;7;0.0
43;141;8;0.0
44;141;1;0.0
44;141;2;0.0
44;141;3;0.0
44;141;4;0.0
44;141;5;0.0
44;141;6;0.0
44;141;7;0.0
44;141;8;0.0
45;141;1;0.0
45;141;2;0.0
45;141;3;0.0
45;141;4;0.0
45;141;5;0.0
45;141;6;0.0
45;141;7;0.0
45;141;8;0.0
46;141;1;0.0
46;141;2;0.0
46;141;3;0.0
46;141;4;0.0
46;141;5;0.0
46;141;6;0.0
46;141;7;0.0
46;141;8;0.0
47;141;1;-2.833811446430776e-17
47;141;2;-2.833811446430776e-17
47;141;3;-1.0626880487013877e-16
47;141;4;-1.047398177516497e-12
47;141;5;-2.833811446430776e-17
47;141;6;-2.833811446430776e-17
47;141;7;-2.833811446430776e-17
47;141;8;-2.833811446430776e-17
48;141;1;0.0
48;141;2;0.0
48;141;3;0.0
48;141;4;0.0
48;141;5;0.0
48;141;6;0.0
48;141;7;0.0
48;141;8;0.0
49;141;1;0.0
49;141;2;0.0
49;141;3;0.0
49;141;4;0.0
49;141;5;0.0
49;141;6;0.0
49;141;7;0.0
49;141;8;0.0
50;141;1;0.0
50;141;2;0.0
50;141;3;0.0
50;141;4;0.0
50;141;5;0.0
50;141;6;0.0
50;141;7;0.0
50;141;8;0.0
51;141;1;0.0
51;141;2;0.0
51;141;3;0.0
51;141;4;0.0
51;141;5;0.0
51;141;6;0.0
51;141;7;0.0
51;141;8;0.0
52;141;1;0.0
52;141;2;0.0
52;141;3;0.0
52;141;4;-3.1657888854772766e-13
52;141;5;0.0
52;141;6;0.0
52;141;7;0.0
52;141;8;0.0
53;141;1;0.0
53;141;2;0.0
53;141;3;0.0
53;141;4;0.0
53;141;5;0.0
53;141;6;0.0
53;141;7;0.0
53;141;8;0.0
54;141;1;0.0
54;141;2;0.0
54;141;3;0.0
54;141;4;-7.460779501110264e-15
54;141;5;0.0
54;141;6;0.0
54;141;7;0.0
54;141;8;0.0
55;141;1;0.0
55;141;2;0.0
55;141;3;0.0
55;141;4;0.0
55;141;5;0.0
55;141;6;0.0
55;141;7;0.0
55;141;8;0.0
56;141;1;0.0
56;141;2;0.0
56;141;3;0.0
56;141;4;0.0
56;141;5;0.0
56;141;6;0.0
56;141;7;0.0
56;141;8;0.0
57;141;1;0.0
57;141;2;0.0
57;141;3;0.0
57;141;4;0.0
57;141;5;0.0
57;141;6;0.0
57;141;7;0.0
57;141;8;0.0
58;141;1;0.0
58;141;2;0.0
58;141;3;0.0
58;141;4;0.0
58;141;5;0.0
58;141;6;0.0
58;141;7;0.0
58;141;8;0.0
59;141;1;0.0
59;141;2;0.0
59;141;3;0.0
59;141;4;0.0
59;141;5;0.0
59;141;6;0.0
59;141;7;0.0
59;141;8;0.0
1;142;1;0.0
1;142;2;0.0
1;142;3;0.0
1;142;4;0.0
1;142;5;0.0
1;142;6;0.0
1;142;7;0.0
1;142;8;0.0
2;142;1;0.0
2;142;2;0.0
2;142;3;0.0
2;142;4;0.0
2;142;5;0.0
2;142;6;0.0
2;142;7;0.0
2;142;8;0.0
3;142;1;0.0
3;142;2;0.0
3;142;3;0.0
3;142;4;0.0
3;142;5;0.0
3;142;6;0.0
3;142;7;0.0
3;142;8;0.0
4;142;1;0.0
4;142;2;0.0
4;142;3;0.0
4;142;4;0.0
4;142;5;0.0
4;142;6;0.0
4;142;7;0.0
4;142;8;0.0
5;142;1;0.0
5;142;2;0.0
5;142;3;0.0
5;142;4;0.0
5;142;5;0.0
5;142;6;0.0
5;142;7;0.0
5;142;8;0.0
6;142;1;0.0
6;142;2;0.0
6;142;3;0.0
6;142;4;0.0
6;142;5;0.0
6;142;6;0.0
6;142;7;0.0
6;142;8;0.0
7;142;1;0.0
7;142;2;0.0
7;142;3;0.0
7;142;4;0.0
7;142;5;0.0
7;142;6;0.0
7;142;7;0.0
7;142;8;0.0
8;142;1;0.0
8;142;2;0.0
8;142;3;0.0
8;142;4;0.0
8;142;5;0.0
8;142;6;0.0
8;142;7;0.0
8;142;8;0.0
9;142;1;0.0
9;142;2;0.0
9;142;3;0.0
9;142;4;0.0
9;142;5;0.0
9;142;6;0.0
9;142;7;0.0
9;142;8;0.0
10;142;1;0.0
10;142;2;0.0
10;142;3;0.0
10;142;4;0.0
10;142;5;0.0
10;142;6;0.0
10;142;7;0.0
10;142;8;0.0
11;142;1;0.0
11;142;2;0.0
11;142;3;0.0
11;142;4;0.0
11;142;5;0.0
11;142;6;0.0
11;142;7;0.0
11;142;8;0.0
12;142;1;0.0
12;142;2;0.0
12;142;3;0.0
12;142;4;0.0
12;142;5;0.0
12;142;6;0.0
12;142;7;0.0
12;142;8;0.0
13;142;1;0.0
13;142;2;0.0
13;142;3;0.0
13;142;4;0.0
13;142;5;0.0
13;142;6;0.0
13;142;7;0.0
13;142;8;0.0
14;142;1;0.0
14;142;2;0.0
14;142;3;0.0
14;142;4;0.0
14;142;5;0.0
14;142;6;0.0
14;142;7;0.0
14;142;8;0.0
15;142;1;0.0
15;142;2;0.0
15;142;3;0.0
15;142;4;0.0
15;142;5;0.0
15;142;6;0.0
15;142;7;0.0
15;142;8;0.0
16;142;1;0.0
16;142;2;0.0
16;142;3;0.0
16;142;4;0.0
16;142;5;0.0
16;142;6;0.0
16;142;7;0.0
16;142;8;0.0
17;142;1;-1.5987080703972592e-17
17;142;2;-1.5987080703972592e-17
17;142;3;-5.662796735350564e-17
17;142;4;-2.0324763420465758e-11
17;142;5;-1.5987080703972592e-17
17;142;6;-1.5987080703972592e-17
17;142;7;-1.5987080703972592e-17
17;142;8;-1.5987080703972592e-17
18;142;1;0.0
18;142;2;0.0
18;142;3;0.0
18;142;4;0.0
18;142;5;0.0
18;142;6;0.0
18;142;7;0.0
18;142;8;0.0
19;142;1;0.0
19;142;2;0.0
19;142;3;0.0
19;142;4;0.0
19;142;5;0.0
19;142;6;0.0
19;142;7;0.0
19;142;8;0.0
20;142;1;0.0
20;142;2;0.0
20;142;3;-3.774665267491934e-17
20;142;4;0.0
20;142;5;0.0
20;142;6;0.0
20;142;7;0.0
20;142;8;0.0
21;142;1;-1.8299834771429477e-17
21;142;2;-1.8299834771429477e-17
21;142;3;-6.075303424205248e-17
21;142;4;-0.9999999980036957
21;142;5;-1.8299834771429477e-17
21;142;6;-1.8299834771429477e-17
21;142;7;-1.8299834771429477e-17
21;142;8;-1.8299834771429477e-17
22;142;1;-4.3423490085947565e-17
22;142;2;-4.3423490085947565e-17
22;142;3;-1.5203611544638948e-16
22;142;4;-1.973671892585571e-09
22;142;5;-4.3423490085947565e-17
22;142;6;-4.3423490085947565e-17
22;142;7;-4.3423490085947565e-17
22;142;8;-4.3423490085947565e-17
23;142;1;0.0
23;142;2;0.0
23;142;3;0.0
23;142;4;0.0
23;142;5;0.0
23;142;6;0.0
23;142;7;0.0
23;142;8;0.0
24;142;1;0.0
24;142;2;0.0
24;142;3;0.0
24;142;4;0.0
24;142;5;0.0
24;142;6;0.0
24;142;7;0.0
24;142;8;0.0
25;142;1;0.0
25;142;2;0.0
25;142;3;0.0
25;142;4;0.0
25;142;5;0.0
25;142;6;0.0
25;142;7;0.0
25;142;8;0.0
26;142;1;0.0
26;142;2;0.0
26;142;3;0.0
26;142;4;0.0
26;142;5;0.0
26;142;6;0.0
26;142;7;0.0
26;142;8;0.0
27;142;1;0.0
27;142;2;0.0
27;142;3;0.0
27;142;4;0.0
27;142;5;0.0
27;142;6;0.0
27;142;7;0.0
27;142;8;0.0
28;142;1;0.0
28;142;2;0.0
28;142;3;0.0
28;142;4;0.0
28;142;5;0.0
28;142;6;0.0
28;142;7;0.0
28;142;8;0.0
29;142;1;0.0
29;142;2;0.0
29;142;3;0.0
29;142;4;0.0
29;142;5;0.0
29;142;6;0.0
29;142;7;0.0
29;142;8;0.0
30;142;1;0.0
30;142;2;0.0
30;142;3;0.0
30;142;4;0.0
30;142;5;0.0
30;142;6;0.0
30;142;7;0.0
30;142;8;0.0
31;142;1;0.0
31;142;2;0.0
31;142;3;0.0
31;142;4;0.0
31;142;5;0.0
31;142;6;0.0
31;142;7;0.0
31;142;8;0.0
32;142;1;0.0
32;142;2;0.0
32;142;3;0.0
32;142;4;0.0
32;142;5;0.0
32;142;6;0.0
32;142;7;0.0
32;142;8;0.0
33;142;1;0.0
33;142;2;0.0
33;142;3;0.0
33;142;4;0.0
33;142;5;0.0
33;142;6;0.0
33;142;7;0.0
33;142;8;0.0
34;142;1;0.0
34;142;2;0.0
34;142;3;0.0
34;142;4;0.0
34;142;5;0.0
34;142;6;0.0
34;142;7;0.0
34;142;8;0.0
35;142;1;0.0
35;142;2;0.0
35;142;3;0.0
35;142;4;0.0
35;142;5;0.0
35;142;6;0.0
35;142;7;0.0
35;142;8;0.0
36;142;1;0.0
36;142;2;0.0
36;142;3;0.0
36;142;4;0.0
36;142;5;0.0
36;142;6;0.0
36;142;7;0.0
36;142;8;0.0
37;142;1;0.0
37;142;2;0.0
37;142;3;0.0
37;142;4;0.0
37;142;5;0.0
37;142;6;0.0
37;142;7;0.0
37;142;8;0.0
38;142;1;0.0
38;142;2;0.0
38;142;3;0.0
38;142;4;0.0
38;142;5;0.0
38;142;6;0.0
38;142;7;0.0
38;142;8;0.0
39;142;1;0.0
39;142;2;0.0
39;142;3;0.0
39;142;4;0.0
39;142;5;0.0
39;142;6;0.0
39;142;7;0.0
39;142;8;0.0
40;142;1;0.0
40;142;2;0.0
40;142;3;0.0
40;142;4;0.0
40;142;5;0.0
40;142;6;0.0
40;142;7;0.0
40;142;8;0.0
41;142;1;0.0
41;142;2;0.0
41;142;3;0.0
41;142;4;0.0
41;142;5;0.0
41;142;6;0.0
41;142;7;0.0
41;142;8;0.0
42;142;1;0.0
42;142;2;0.0
42;142;3;0.0
42;142;4;0.0
42;142;5;0.0
42;142;6;0.0
42;142;7;0.0
42;142;8;0.0
43;142;1;0.0
43;142;2;0.0
43;142;3;0.0
43;142;4;0.0
43;142;5;0.0
43;142;6;0.0
43;142;7;0.0
43;142;8;0.0
44;142;1;0.0
44;142;2;0.0
44;142;3;0.0
44;142;4;0.0
44;142;5;0.0
44;142;6;0.0
44;142;7;0.0
44;142;8;0.0
45;142;1;0.0
45;142;2;0.0
45;142;3;0.0
45;142;4;0.0
45;142;5;0.0
45;142;6;0.0
45;142;7;0.0
45;142;8;0.0
46;142;1;0.0
46;142;2;0.0
46;142;3;0.0
46;142;4;0.0
46;142;5;0.0
46;142;6;0.0
46;142;7;0.0
46;142;8;0.0
47;142;1;-3.496715071822115e-17
47;142;2;-3.496715071822115e-17
47;142;3;-1.20096329069337e-16
47;142;4;-1.2913999129406202e-12
47;142;5;-3.496715071822115e-17
47;142;6;-3.496715071822115e-17
47;142;7;-3.496715071822115e-17
47;142;8;-3.496715071822115e-17
48;142;1;0.0
48;142;2;0.0
48;142;3;0.0
48;142;4;0.0
48;142;5;0.0
48;142;6;0.0
48;142;7;0.0
48;142;8;0.0
49;142;1;0.0
49;142;2;0.0
49;142;3;0.0
49;142;4;0.0
49;142;5;0.0
49;142;6;0.0
49;142;7;0.0
49;142;8;0.0
50;142;1;0.0
50;142;2;0.0
50;142;3;0.0
50;142;4;0.0
50;142;5;0.0
50;142;6;0.0
50;142;7;0.0
50;142;8;0.0
51;142;1;0.0
51;142;2;0.0
51;142;3;0.0
51;142;4;0.0
51;142;5;0.0
51;142;6;0.0
51;142;7;0.0
51;142;8;0.0
52;142;1;0.0
52;142;2;0.0
52;142;3;0.0
52;142;4;-2.672418007839283e-13
52;142;5;0.0
52;142;6;0.0
52;142;7;0.0
52;142;8;0.0
53;142;1;0.0
53;142;2;0.0
53;142;3;0.0
53;142;4;0.0
53;142;5;0.0
53;142;6;0.0
53;142;7;0.0
53;142;8;0.0
54;142;1;0.0
54;142;2;0.0
54;142;3;0.0
54;142;4;-7.897679609926695e-15
54;142;5;0.0
54;142;6;0.0
54;142;7;0.0
54;142;8;0.0
55;142;1;0.0
55;142;2;0.0
55;142;3;0.0
55;142;4;0.0
55;142;5;0.0
55;142;6;0.0
55;142;7;0.0
55;142;8;0.0
56;142;1;0.0
56;142;2;0.0
56;142;3;0.0
56;142;4;0.0
56;142;5;0.0
56;142;6;0.0
56;142;7;0.0
56;142;8;0.0
57;142;1;0.0
57;142;2;0.0
57;142;3;0.0
57;142;4;0.0
57;142;5;0.0
57;142;6;0.0
57;142;7;0.0
57;142;8;0.0
58;142;1;0.0
58;142;2;0.0
58;142;3;0.0
58;142;4;0.0
58;142;5;0.0
58;142;6;0.0
58;142;7;0.0
58;142;8;0.0
59;142;1;0.0
59;142;2;0.0
59;142;3;0.0
59;142;4;0.0
59;142;5;0.0
59;142;6;0.0
59;142;7;0.0
59;142;8;0.0
1;143;1;0.0
1;143;2;0.0
1;143;3;0.0
1;143;4;0.0
1;143;5;0.0
1;143;6;0.0
1;143;7;0.0
1;143;8;0.0
2;143;1;0.0
2;143;2;0.0
2;143;3;0.0
2;143;4;0.0
2;143;5;0.0
2;143;6;0.0
2;143;7;0.0
2;143;8;0.0
3;143;1;0.0
3;143;2;0.0
3;143;3;0.0
3;143;4;0.0
3;143;5;0.0
3;143;6;0.0
3;143;7;0.0
3;143;8;0.0
4;143;1;0.0
4;143;2;0.0
4;143;3;0.0
4;143;4;0.0
4;143;5;0.0
4;143;6;0.0
4;143;7;0.0
4;143;8;0.0
5;143;1;0.0
5;143;2;0.0
5;143;3;0.0
5;143;4;0.0
5;143;5;0.0
5;143;6;0.0
5;143;7;0.0
5;143;8;0.0
6;143;1;0.0
6;143;2;0.0
6;143;3;0.0
6;143;4;0.0
6;143;5;0.0
6;143;6;0.0
6;143;7;0.0
6;143;8;0.0
7;143;1;0.0
7;143;2;0.0
7;143;3;0.0
7;143;4;0.0
7;143;5;0.0
7;143;6;0.0
7;143;7;0.0
7;143;8;0.0
8;143;1;0.0
8;143;2;0.0
8;143;3;0.0
8;143;4;0.0
8;143;5;0.0
8;143;6;0.0
8;143;7;0.0
8;143;8;0.0
9;143;1;0.0
9;143;2;0.0
9;143;3;0.0
9;143;4;0.0
9;143;5;0.0
9;143;6;0.0
9;143;7;0.0
9;143;8;0.0
10;143;1;0.0
10;143;2;0.0
10;143;3;0.0
10;143;4;0.0
10;143;5;0.0
10;143;6;0.0
10;143;7;0.0
10;143;8;0.0
11;143;1;0.0
11;143;2;0.0
11;143;3;0.0
11;143;4;0.0
11;143;5;0.0
11;143;6;0.0
11;143;7;0.0
11;143;8;0.0
12;143;1;0.0
12;143;2;0.0
12;143;3;0.0
12;143;4;0.0
12;143;5;0.0
12;143;6;0.0
12;143;7;0.0
12;143;8;0.0
13;143;1;0.0
13;143;2;0.0
13;143;3;0.0
13;143;4;0.0
13;143;5;0.0
13;143;6;0.0
13;143;7;0.0
13;143;8;0.0
14;143;1;0.0
14;143;2;0.0
14;143;3;0.0
14;143;4;0.0
14;143;5;0.0
14;143;6;0.0
14;143;7;0.0
14;143;8;0.0
15;143;1;0.0
15;143;2;0.0
15;143;3;0.0
15;143;4;0.0
15;143;5;0.0
15;143;6;0.0
15;143;7;0.0
15;143;8;0.0
16;143;1;0.0
16;143;2;0.0
16;143;3;0.0
16;143;4;0.0
16;143;5;0.0
16;143;6;0.0
16;143;7;0.0
16;143;8;0.0
17;143;1;-1.950342909054336e-17
17;143;2;-1.950342909054336e-17
17;143;3;-6.750160958562095e-17
17;143;4;-2.9716434340995254e-11
17;143;5;-1.950342909054336e-17
17;143;6;-1.950342909054336e-17
17;143;7;-1.950342909054336e-17
17;143;8;-1.950342909054336e-17
18;143;1;0.0
18;143;2;0.0
18;143;3;0.0
18;143;4;0.0
18;143;5;0.0
18;143;6;0.0
18;143;7;0.0
18;143;8;0.0
19;143;1;0.0
19;143;2;0.0
19;143;3;0.0
19;143;4;0.0
19;143;5;0.0
19;143;6;0.0
19;143;7;0.0
19;143;8;0.0
20;143;1;0.0
20;143;2;0.0
20;143;3;-5.122142537751472e-17
20;143;4;0.0
20;143;5;0.0
20;143;6;0.0
20;143;7;0.0
20;143;8;0.0
21;143;1;-2.3935973156648297e-17
21;143;2;-2.3935973156648297e-17
21;143;3;-7.779576198736522e-17
21;143;4;-0.9999999981737449
21;143;5;-2.3935973156648297e-17
21;143;6;-2.3935973156648297e-17
21;143;7;-2.3935973156648297e-17
21;143;8;-2.3935973156648297e-17
22;143;1;-4.8740467645387453e-17
22;143;2;-4.8740467645387453e-17
22;143;3;-2.006025156799836e-16
22;143;4;-1.7929870921307156e-09
22;143;5;-4.8740467645387453e-17
22;143;6;-4.8740467645387453e-17
22;143;7;-4.8740467645387453e-17
22;143;8;-4.8740467645387453e-17
23;143;1;0.0
23;143;2;0.0
23;143;3;0.0
23;143;4;0.0
23;143;5;0.0
23;143;6;0.0
23;143;7;0.0
23;143;8;0.0
24;143;1;0.0
24;143;2;0.0
24;143;3;0.0
24;143;4;0.0
24;143;5;0.0
24;143;6;0.0
24;143;7;0.0
24;143;8;0.0
25;143;1;0.0
25;143;2;0.0
25;143;3;0.0
25;143;4;0.0
25;143;5;0.0
25;143;6;0.0
25;143;7;0.0
25;143;8;0.0
26;143;1;0.0
26;143;2;0.0
26;143;3;0.0
26;143;4;0.0
26;143;5;0.0
26;143;6;0.0
26;143;7;0.0
26;143;8;0.0
27;143;1;0.0
27;143;2;0.0
27;143;3;0.0
27;143;4;0.0
27;143;5;0.0
27;143;6;0.0
27;143;7;0.0
27;143;8;0.0
28;143;1;0.0
28;143;2;0.0
28;143;3;0.0
28;143;4;0.0
28;143;5;0.0
28;143;6;0.0
28;143;7;0.0
28;143;8;0.0
29;143;1;0.0
29;143;2;0.0
29;143;3;0.0
29;143;4;0.0
29;143;5;0.0
29;143;6;0.0
29;143;7;0.0
29;143;8;0.0
30;143;1;0.0
30;143;2;0.0
30;143;3;0.0
30;143;4;0.0
30;143;5;0.0
30;143;6;0.0
30;143;7;0.0
30;143;8;0.0
31;143;1;0.0
31;143;2;0.0
31;143;3;0.0
31;143;4;0.0
31;143;5;0.0
31;143;6;0.0
31;143;7;0.0
31;143;8;0.0
32;143;1;0.0
32;143;2;0.0
32;143;3;0.0
32;143;4;0.0
32;143;5;0.0
32;143;6;0.0
32;143;7;0.0
32;143;8;0.0
33;143;1;0.0
33;143;2;0.0
33;143;3;0.0
33;143;4;0.0
33;143;5;0.0
33;143;6;0.0
33;143;7;0.0
33;143;8;0.0
34;143;1;0.0
34;143;2;0.0
34;143;3;0.0
34;143;4;0.0
34;143;5;0.0
34;143;6;0.0
34;143;7;0.0
34;143;8;0.0
35;143;1;0.0
35;143;2;0.0
35;143;3;0.0
35;143;4;0.0
35;143;5;0.0
35;143;6;0.0
35;143;7;0.0
35;143;8;0.0
36;143;1;0.0
36;143;2;0.0
36;143;3;0.0
36;143;4;0.0
36;143;5;0.0
36;143;6;0.0
36;143;7;0.0
36;143;8;0.0
37;143;1;0.0
37;143;2;0.0
37;143;3;0.0
37;143;4;0.0
37;143;5;0.0
37;143;6;0.0
37;143;7;0.0
37;143;8;0.0
38;143;1;0.0
38;143;2;0.0
38;143;3;0.0
38;143;4;0.0
38;143;5;0.0
38;143;6;0.0
38;143;7;0.0
38;143;8;0.0
39;143;1;0.0
39;143;2;0.0
39;143;3;0.0
39;143;4;0.0
39;143;5;0.0
39;143;6;0.0
39;143;7;0.0
39;143;8;0.0
40;143;1;0.0
40;143;2;0.0
40;143;3;0.0
40;143;4;0.0
40;143;5;0.0
40;143;6;0.0
40;143;7;0.0
40;143;8;0.0
41;143;1;0.0
41;143;2;0.0
41;143;3;0.0
41;143;4;0.0
41;143;5;0.0
41;143;6;0.0
41;143;7;0.0
41;143;8;0.0
42;143;1;0.0
42;143;2;0.0
42;143;3;0.0
42;143;4;0.0
42;143;5;0.0
42;143;6;0.0
42;143;7;0.0
42;143;8;0.0
43;143;1;0.0
43;143;2;0.0
43;143;3;0.0
43;143;4;0.0
43;143;5;0.0
43;143;6;0.0
43;143;7;0.0
43;143;8;0.0
44;143;1;0.0
44;143;2;0.0
44;143;3;0.0
44;143;4;0.0
44;143;5;0.0
44;143;6;0.0
44;143;7;0.0
44;143;8;0.0
45;143;1;0.0
45;143;2;0.0
45;143;3;0.0
45;143;4;0.0
45;143;5;0.0
45;143;6;0.0
45;143;7;0.0
45;143;8;0.0
46;143;1;0.0
46;143;2;0.0
46;143;3;0.0
46;143;4;0.0
46;143;5;0.0
46;143;6;0.0
46;143;7;0.0
46;143;8;0.0
47;143;1;-4.532969233635075e-17
47;143;2;-4.532969233635075e-17
47;143;3;-1.4649667730671303e-16
47;143;4;-1.261633756996932e-12
47;143;5;-4.532969233635075e-17
47;143;6;-4.532969233635075e-17
47;143;7;-4.532969233635075e-17
47;143;8;-4.532969233635075e-17
48;143;1;0.0
48;143;2;0.0
48;143;3;0.0
48;143;4;0.0
48;143;5;0.0
48;143;6;0.0
48;143;7;0.0
48;143;8;0.0
49;143;1;0.0
49;143;2;0.0
49;143;3;0.0
49;143;4;0.0
49;143;5;0.0
49;143;6;0.0
49;143;7;0.0
49;143;8;0.0
50;143;1;0.0
50;143;2;0.0
50;143;3;0.0
50;143;4;0.0
50;143;5;0.0
50;143;6;0.0
50;143;7;0.0
50;143;8;0.0
51;143;1;0.0
51;143;2;0.0
51;143;3;0.0
51;143;4;0.0
51;143;5;0.0
51;143;6;0.0
51;143;7;0.0
51;143;8;0.0
52;143;1;0.0
52;143;2;0.0
52;143;3;0.0
52;143;4;-2.6913177853477853e-13
52;143;5;0.0
52;143;6;0.0
52;143;7;0.0
52;143;8;0.0
53;143;1;0.0
53;143;2;0.0
53;143;3;0.0
53;143;4;0.0
53;143;5;0.0
53;143;6;0.0
53;143;7;0.0
53;143;8;0.0
54;143;1;0.0
54;143;2;0.0
54;143;3;0.0
54;143;4;-7.544123163043647e-15
54;143;5;0.0
54;143;6;0.0
54;143;7;0.0
54;143;8;0.0
55;143;1;0.0
55;143;2;0.0
55;143;3;0.0
55;143;4;0.0
55;143;5;0.0
55;143;6;0.0
55;143;7;0.0
55;143;8;0.0
56;143;1;0.0
56;143;2;0.0
56;143;3;0.0
56;143;4;0.0
56;143;5;0.0
56;143;6;0.0
56;143;7;0.0
56;143;8;0.0
57;143;1;0.0
57;143;2;0.0
57;143;3;0.0
57;143;4;0.0
57;143;5;0.0
57;143;6;0.0
57;143;7;0.0
57;143;8;0.0
58;143;1;0.0
58;143;2;0.0
58;143;3;0.0
58;143;4;0.0
58;143;5;0.0
58;143;6;0.0
58;143;7;0.0
58;143;8;0.0
59;143;1;0.0
59;143;2;0.0
59;143;3;0.0
59;143;4;0.0
59;143;5;0.0
59;143;6;0.0
59;143;7;0.0
59;143;8;0.0
1;144;1;0.0
1;144;2;0.0
1;144;3;0.0
1;144;4;0.0
1;144;5;0.0
1;144;6;0.0
1;144;7;0.0
1;144;8;0.0
2;144;1;0.0
2;144;2;0.0
2;144;3;0.0
2;144;4;0.0
2;144;5;0.0
2;144;6;0.0
2;144;7;0.0
2;144;8;0.0
3;144;1;0.0
3;144;2;0.0
3;144;3;0.0
3;144;4;0.0
3;144;5;0.0
3;144;6;0.0
3;144;7;0.0
3;144;8;0.0
4;144;1;0.0
4;144;2;0.0
4;144;3;0.0
4;144;4;0.0
4;144;5;0.0
4;144;6;0.0
4;144;7;0.0
4;144;8;0.0
5;144;1;0.0
5;144;2;0.0
5;144;3;0.0
5;144;4;0.0
5;144;5;0.0
5;144;6;0.0
5;144;7;0.0
5;144;8;0.0
6;144;1;0.0
6;144;2;0.0
6;144;3;0.0
6;144;4;0.0
6;144;5;0.0
6;144;6;0.0
6;144;7;0.0
6;144;8;0.0
7;144;1;0.0
7;144;2;0.0
7;144;3;0.0
7;144;4;0.0
7;144;5;0.0
7;144;6;0.0
7;144;7;0.0
7;144;8;0.0
8;144;1;0.0
8;144;2;0.0
8;144;3;0.0
8;144;4;0.0
8;144;5;0.0
8;144;6;0.0
8;144;7;0.0
8;144;8;0.0
9;144;1;0.0
9;144;2;0.0
9;144;3;0.0
9;144;4;0.0
9;144;5;0.0
9;144;6;0.0
9;144;7;0.0
9;144;8;0.0
10;144;1;0.0
10;144;2;0.0
10;144;3;0.0
10;144;4;0.0
10;144;5;0.0
10;144;6;0.0
10;144;7;0.0
10;144;8;0.0
11;144;1;0.0
11;144;2;0.0
11;144;3;0.0
11;144;4;0.0
11;144;5;0.0
11;144;6;0.0
11;144;7;0.0
11;144;8;0.0
12;144;1;0.0
12;144;2;0.0
12;144;3;0.0
12;144;4;0.0
12;144;5;0.0
12;144;6;0.0
12;144;7;0.0
12;144;8;0.0
13;144;1;0.0
13;144;2;0.0
13;144;3;0.0
13;144;4;0.0
13;144;5;0.0
13;144;6;0.0
13;144;7;0.0
13;144;8;0.0
14;144;1;0.0
14;144;2;0.0
14;144;3;0.0
14;144;4;0.0
14;144;5;0.0
14;144;6;0.0
14;144;7;0.0
14;144;8;0.0
15;144;1;0.0
15;144;2;0.0
15;144;3;0.0
15;144;4;0.0
15;144;5;0.0
15;144;6;0.0
15;144;7;0.0
15;144;8;0.0
16;144;1;0.0
16;144;2;0.0
16;144;3;0.0
16;144;4;0.0
16;144;5;0.0
16;144;6;0.0
16;144;7;0.0
16;144;8;0.0
17;144;1;-2.7769670509446487e-17
17;144;2;-2.7769670509446487e-17
17;144;3;-1.0037035829728202e-16
17;144;4;-1.0000000000145592
17;144;5;-2.7769670509446487e-17
17;144;6;-2.7769670509446487e-17
17;144;7;-2.7769670509446487e-17
17;144;8;-2.7769670509446487e-17
18;144;1;0.0
18;144;2;0.0
18;144;3;0.0
18;144;4;0.0
18;144;5;0.0
18;144;6;0.0
18;144;7;0.0
18;144;8;0.0
19;144;1;0.0
19;144;2;0.0
19;144;3;0.0
19;144;4;0.0
19;144;5;0.0
19;144;6;0.0
19;144;7;0.0
19;144;8;0.0
20;144;1;0.0
20;144;2;0.0
20;144;3;5.997678018562239e-16
20;144;4;0.0
20;144;5;0.0
20;144;6;0.0
20;144;7;0.0
20;144;8;0.0
21;144;1;-3.9165651010287257e-17
21;144;2;-3.9165651010287257e-17
21;144;3;-1.3359316886803202e-16
21;144;4;-6.001702803938691e-13
21;144;5;-3.9165651010287257e-17
21;144;6;-3.9165651010287257e-17
21;144;7;-3.9165651010287257e-17
21;144;8;-3.9165651010287257e-17
22;144;1;-7.399069657273159e-17
22;144;2;-7.399069657273159e-17
22;144;3;-3.138939773529458e-16
22;144;4;-3.126388037344441e-13
22;144;5;-7.399069657273159e-17
22;144;6;-7.399069657273159e-17
22;144;7;-7.399069657273159e-17
22;144;8;-7.399069657273159e-17
23;144;1;0.0
23;144;2;0.0
23;144;3;0.0
23;144;4;0.0
23;144;5;0.0
23;144;6;0.0
23;144;7;0.0
23;144;8;0.0
24;144;1;0.0
24;144;2;0.0
24;144;3;0.0
24;144;4;0.0
24;144;5;0.0
24;144;6;0.0
24;144;7;0.0
24;144;8;0.0
25;144;1;0.0
25;144;2;0.0
25;144;3;0.0
25;144;4;0.0
25;144;5;0.0
25;144;6;0.0
25;144;7;0.0
25;144;8;0.0
26;144;1;0.0
26;144;2;0.0
26;144;3;0.0
26;144;4;0.0
26;144;5;0.0
26;144;6;0.0
26;144;7;0.0
26;144;8;0.0
27;144;1;0.0
27;144;2;0.0
27;144;3;0.0
27;144;4;0.0
27;144;5;0.0
27;144;6;0.0
27;144;7;0.0
27;144;8;0.0
28;144;1;0.0
28;144;2;0.0
28;144;3;0.0
28;144;4;0.0
28;144;5;0.0
28;144;6;0.0
28;144;7;0.0
28;144;8;0.0
29;144;1;0.0
29;144;2;0.0
29;144;3;0.0
29;144;4;0.0
29;144;5;0.0
29;144;6;0.0
29;144;7;0.0
29;144;8;0.0
30;144;1;0.0
30;144;2;0.0
30;144;3;0.0
30;144;4;0.0
30;144;5;0.0
30;144;6;0.0
30;144;7;0.0
30;144;8;0.0
31;144;1;0.0
31;144;2;0.0
31;144;3;0.0
31;144;4;0.0
31;144;5;0.0
31;144;6;0.0
31;144;7;0.0
31;144;8;0.0
32;144;1;0.0
32;144;2;0.0
32;144;3;0.0
32;144;4;0.0
32;144;5;0.0
32;144;6;0.0
32;144;7;0.0
32;144;8;0.0
33;144;1;0.0
33;144;2;0.0
33;144;3;0.0
33;144;4;0.0
33;144;5;0.0
33;144;6;0.0
33;144;7;0.0
33;144;8;0.0
34;144;1;0.0
34;144;2;0.0
34;144;3;0.0
34;144;4;0.0
34;144;5;0.0
34;144;6;0.0
34;144;7;0.0
34;144;8;0.0
35;144;1;0.0
35;144;2;0.0
35;144;3;0.0
35;144;4;0.0
35;144;5;0.0
35;144;6;0.0
35;144;7;0.0
35;144;8;0.0
36;144;1;0.0
36;144;2;0.0
36;144;3;0.0
36;144;4;0.0
36;144;5;0.0
36;144;6;0.0
36;144;7;0.0
36;144;8;0.0
37;144;1;0.0
37;144;2;0.0
37;144;3;0.0
37;144;4;0.0
37;144;5;0.0
37;144;6;0.0
37;144;7;0.0
37;144;8;0.0
38;144;1;0.0
38;144;2;0.0
38;144;3;0.0
38;144;4;0.0
38;144;5;0.0
38;144;6;0.0
38;144;7;0.0
38;144;8;0.0
39;144;1;0.0
39;144;2;0.0
39;144;3;0.0
39;144;4;0.0
39;144;5;0.0
39;144;6;0.0
39;144;7;0.0
39;144;8;0.0
40;144;1;0.0
40;144;2;0.0
40;144;3;0.0
40;144;4;0.0
40;144;5;0.0
40;144;6;0.0
40;144;7;0.0
40;144;8;0.0
41;144;1;0.0
41;144;2;0.0
41;144;3;0.0
41;144;4;0.0
41;144;5;0.0
41;144;6;0.0
41;144;7;0.0
41;144;8;0.0
42;144;1;0.0
42;144;2;0.0
42;144;3;0.0
42;144;4;0.0
42;144;5;0.0
42;144;6;0.0
42;144;7;0.0
42;144;8;0.0
43;144;1;0.0
43;144;2;0.0
43;144;3;0.0
43;144;4;0.0
43;144;5;0.0
43;144;6;0.0
43;144;7;0.0
43;144;8;0.0
44;144;1;0.0
44;144;2;0.0
44;144;3;0.0
44;144;4;0.0
44;144;5;0.0
44;144;6;0.0
44;144;7;0.0
44;144;8;0.0
45;144;1;0.0
45;144;2;0.0
45;144;3;0.0
45;144;4;0.0
45;144;5;0.0
45;144;6;0.0
45;144;7;0.0
45;144;8;0.0
46;144;1;0.0
46;144;2;0.0
46;144;3;0.0
46;144;4;0.0
46;144;5;0.0
46;144;6;0.0
46;144;7;0.0
46;144;8;0.0
47;144;1;-6.823243617125046e-17
47;144;2;-6.823243617125046e-17
47;144;3;-2.329858433991652e-16
47;144;4;-5.965244109914727e-13
47;144;5;-6.823243617125046e-17
47;144;6;-6.823243617125046e-17
47;144;7;-6.823243617125046e-17
47;144;8;-6.823243617125046e-17
48;144;1;0.0
48;144;2;0.0
48;144;3;0.0
48;144;4;0.0
48;144;5;0.0
48;144;6;0.0
48;144;7;0.0
48;144;8;0.0
49;144;1;0.0
49;144;2;0.0
49;144;3;0.0
49;144;4;0.0
49;144;5;0.0
49;144;6;0.0
49;144;7;0.0
49;144;8;0.0
50;144;1;0.0
50;144;2;0.0
50;144;3;0.0
50;144;4;0.0
50;144;5;0.0
50;144;6;0.0
50;144;7;0.0
50;144;8;0.0
51;144;1;0.0
51;144;2;0.0
51;144;3;0.0
51;144;4;0.0
51;144;5;0.0
51;144;6;0.0
51;144;7;0.0
51;144;8;0.0
52;144;1;0.0
52;144;2;0.0
52;144;3;0.0
52;144;4;-2.8997104690033536e-13
52;144;5;0.0
52;144;6;0.0
52;144;7;0.0
52;144;8;0.0
53;144;1;0.0
53;144;2;0.0
53;144;3;0.0
53;144;4;0.0
53;144;5;0.0
53;144;6;0.0
53;144;7;0.0
53;144;8;0.0
54;144;1;0.0
54;144;2;0.0
54;144;3;0.0
54;144;4;1.7079671010833408e-12
54;144;5;0.0
54;144;6;0.0
54;144;7;0.0
54;144;8;0.0
55;144;1;0.0
55;144;2;0.0
55;144;3;0.0
55;144;4;0.0
55;144;5;0.0
55;144;6;0.0
55;144;7;0.0
55;144;8;0.0
56;144;1;0.0
56;144;2;0.0
56;144;3;0.0
56;144;4;0.0
56;144;5;0.0
56;144;6;0.0
56;144;7;0.0
56;144;8;0.0
57;144;1;0.0
57;144;2;0.0
57;144;3;0.0
57;144;4;0.0
57;144;5;0.0
57;144;6;0.0
57;144;7;0.0
57;144;8;0.0
58;144;1;0.0
58;144;2;0.0
58;144;3;0.0
58;144;4;0.0
58;144;5;0.0
58;144;6;0.0
58;144;7;0.0
58;144;8;0.0
59;144;1;0.0
59;144;2;0.0
59;144;3;0.0
59;144;4;0.0
59;144;5;0.0
59;144;6;0.0
59;144;7;0.0
59;144;8;0.0
1;145;1;0.0
1;145;2;0.0
1;145;3;0.0
1;145;4;0.0
1;145;5;0.0
1;145;6;0.0
1;145;7;0.0
1;145;8;0.0
2;145;1;0.0
2;145;2;0.0
2;145;3;0.0
2;145;4;0.0
2;145;5;0.0
2;145;6;0.0
2;145;7;0.0
2;145;8;0.0
3;145;1;0.0
3;145;2;0.0
3;145;3;0.0
3;145;4;0.0
3;145;5;0.0
3;145;6;0.0
3;145;7;0.0
3;145;8;0.0
4;145;1;0.0
4;145;2;0.0
4;145;3;0.0
4;145;4;0.0
4;145;5;0.0
4;145;6;0.0
4;145;7;0.0
4;145;8;0.0
5;145;1;0.0
5;145;2;0.0
5;145;3;0.0
5;145;4;0.0
5;145;5;0.0
5;145;6;0.0
5;145;7;0.0
5;145;8;0.0
6;145;1;0.0
6;145;2;0.0
6;145;3;0.0
6;145;4;0.0
6;145;5;0.0
6;145;6;0.0
6;145;7;0.0
6;145;8;0.0
7;145;1;0.0
7;145;2;0.0
7;145;3;0.0
7;145;4;0.0
7;145;5;0.0
7;145;6;0.0
7;145;7;0.0
7;145;8;0.0
8;145;1;0.0
8;145;2;0.0
8;145;3;0.0
8;145;4;0.0
8;145;5;0.0
8;145;6;0.0
8;145;7;0.0
8;145;8;0.0
9;145;1;0.0
9;145;2;0.0
9;145;3;0.0
9;145;4;0.0
9;145;5;0.0
9;145;6;0.0
9;145;7;0.0
9;145;8;0.0
10;145;1;0.0
10;145;2;0.0
10;145;3;0.0
10;145;4;0.0
10;145;5;0.0
10;145;6;0.0
10;145;7;0.0
10;145;8;0.0
11;145;1;0.0
11;145;2;0.0
11;145;3;0.0
11;145;4;0.0
11;145;5;0.0
11;145;6;0.0
11;145;7;0.0
11;145;8;0.0
12;145;1;0.0
12;145;2;0.0
12;145;3;0.0
12;145;4;0.0
12;145;5;0.0
12;145;6;0.0
12;145;7;0.0
12;145;8;0.0
13;145;1;0.0
13;145;2;0.0
13;145;3;0.0
13;145;4;0.0
13;145;5;0.0
13;145;6;0.0
13;145;7;0.0
13;145;8;0.0
14;145;1;0.0
14;145;2;0.0
14;145;3;0.0
14;145;4;0.0
14;145;5;0.0
14;145;6;0.0
14;145;7;0.0
14;145;8;0.0
15;145;1;0.0
15;145;2;0.0
15;145;3;0.0
15;145;4;0.0
15;145;5;0.0
15;145;6;0.0
15;145;7;0.0
15;145;8;0.0
16;145;1;0.0
16;145;2;0.0
16;145;3;0.0
16;145;4;0.0
16;145;5;0.0
16;145;6;0.0
16;145;7;0.0
16;145;8;0.0
17;145;1;0.0
17;145;2;0.0
17;145;3;0.0
17;145;4;-8.221297955509171e-12
17;145;5;0.0
17;145;6;0.0
17;145;7;0.0
17;145;8;0.0
18;145;1;0.0
18;145;2;0.0
18;145;3;0.0
18;145;4;0.0
18;145;5;0.0
18;145;6;0.0
18;145;7;0.0
18;145;8;0.0
19;145;1;0.0
19;145;2;0.0
19;145;3;0.0
19;145;4;0.0
19;145;5;0.0
19;145;6;0.0
19;145;7;0.0
19;145;8;0.0
20;145;1;0.0
20;145;2;0.0
20;145;3;0.0
20;145;4;0.0
20;145;5;0.0
20;145;6;0.0
20;145;7;0.0
20;145;8;0.0
21;145;1;0.0
21;145;2;0.0
21;145;3;0.0
21;145;4;-0.9999999990064322
21;145;5;0.0
21;145;6;0.0
21;145;7;0.0
21;145;8;0.0
22;145;1;0.0
22;145;2;0.0
22;145;3;0.0
22;145;4;-9.489280472507744e-10
22;145;5;0.0
22;145;6;0.0
22;145;7;0.0
22;145;8;0.0
23;145;1;0.0
23;145;2;0.0
23;145;3;0.0
23;145;4;0.0
23;145;5;0.0
23;145;6;0.0
23;145;7;0.0
23;145;8;0.0
24;145;1;0.0
24;145;2;0.0
24;145;3;0.0
24;145;4;0.0
24;145;5;0.0
24;145;6;0.0
24;145;7;0.0
24;145;8;0.0
25;145;1;0.0
25;145;2;0.0
25;145;3;0.0
25;145;4;0.0
25;145;5;0.0
25;145;6;0.0
25;145;7;0.0
25;145;8;0.0
26;145;1;0.0
26;145;2;0.0
26;145;3;0.0
26;145;4;0.0
26;145;5;0.0
26;145;6;0.0
26;145;7;0.0
26;145;8;0.0
27;145;1;0.0
27;145;2;0.0
27;145;3;0.0
27;145;4;0.0
27;145;5;0.0
27;145;6;0.0
27;145;7;0.0
27;145;8;0.0
28;145;1;0.0
28;145;2;0.0
28;145;3;0.0
28;145;4;0.0
28;145;5;0.0
28;145;6;0.0
28;145;7;0.0
28;145;8;0.0
29;145;1;0.0
29;145;2;0.0
29;145;3;0.0
29;145;4;0.0
29;145;5;0.0
29;145;6;0.0
29;145;7;0.0
29;145;8;0.0
30;145;1;0.0
30;145;2;0.0
30;145;3;0.0
30;145;4;0.0
30;145;5;0.0
30;145;6;0.0
30;145;7;0.0
30;145;8;0.0
31;145;1;0.0
31;145;2;0.0
31;145;3;0.0
31;145;4;0.0
31;145;5;0.0
31;145;6;0.0
31;145;7;0.0
31;145;8;0.0
32;145;1;0.0
32;145;2;0.0
32;145;3;0.0
32;145;4;0.0
32;145;5;0.0
32;145;6;0.0
32;145;7;0.0
32;145;8;0.0
33;145;1;0.0
33;145;2;0.0
33;145;3;0.0
33;145;4;0.0
33;145;5;0.0
33;145;6;0.0
33;145;7;0.0
33;145;8;0.0
34;145;1;0.0
34;145;2;0.0
34;145;3;0.0
34;145;4;0.0
34;145;5;0.0
34;145;6;0.0
34;145;7;0.0
34;145;8;0.0
35;145;1;0.0
35;145;2;0.0
35;145;3;0.0
35;145;4;0.0
35;145;5;0.0
35;145;6;0.0
35;145;7;0.0
35;145;8;0.0
36;145;1;0.0
36;145;2;0.0
36;145;3;0.0
36;145;4;0.0
36;145;5;0.0
36;145;6;0.0
36;145;7;0.0
36;145;8;0.0
37;145;1;0.0
37;145;2;0.0
37;145;3;0.0
37;145;4;0.0
37;145;5;0.0
37;145;6;0.0
37;145;7;0.0
37;145;8;0.0
38;145;1;0.0
38;145;2;0.0
38;145;3;0.0
38;145;4;0.0
38;145;5;0.0
38;145;6;0.0
38;145;7;0.0
38;145;8;0.0
39;145;1;0.0
39;145;2;0.0
39;145;3;0.0
39;145;4;0.0
39;145;5;0.0
39;145;6;0.0
39;145;7;0.0
39;145;8;0.0
40;145;1;0.0
40;145;2;0.0
40;145;3;0.0
40;145;4;0.0
40;145;5;0.0
40;145;6;0.0
40;145;7;0.0
40;145;8;0.0
41;145;1;0.0
41;145;2;0.0
41;145;3;0.0
41;145;4;0.0
41;145;5;0.0
41;145;6;0.0
41;145;7;0.0
41;145;8;0.0
42;145;1;0.0
42;145;2;0.0
42;145;3;0.0
42;145;4;0.0
42;145;5;0.0
42;145;6;0.0
42;145;7;0.0
42;145;8;0.0
43;145;1;0.0
43;145;2;0.0
43;145;3;0.0
43;145;4;0.0
43;145;5;0.0
43;145;6;0.0
43;145;7;0.0
43;145;8;0.0
44;145;1;0.0
44;145;2;0.0
44;145;3;0.0
44;145;4;0.0
44;145;5;0.0
44;145;6;0.0
44;145;7;0.0
44;145;8;0.0
45;145;1;0.0
45;145;2;0.0
45;145;3;0.0
45;145;4;0.0
45;145;5;0.0
45;145;6;0.0
45;145;7;0.0
45;145;8;0.0
46;145;1;0.0
46;145;2;0.0
46;145;3;0.0
46;145;4;0.0
46;145;5;0.0
46;145;6;0.0
46;145;7;0.0
46;145;8;0.0
47;145;1;0.0
47;145;2;0.0
47;145;3;0.0
47;145;4;-3.61520323998936e-11
47;145;5;0.0
47;145;6;0.0
47;145;7;0.0
47;145;8;0.0
48;145;1;0.0
48;145;2;0.0
48;145;3;0.0
48;145;4;0.0
48;145;5;0.0
48;145;6;0.0
48;145;7;0.0
48;145;8;0.0
49;145;1;0.0
49;145;2;0.0
49;145;3;0.0
49;145;4;0.0
49;145;5;0.0
49;145;6;0.0
49;145;7;0.0
49;145;8;0.0
50;145;1;0.0
50;145;2;0.0
50;145;3;0.0
50;145;4;0.0
50;145;5;0.0
50;145;6;0.0
50;145;7;0.0
50;145;8;0.0
51;145;1;0.0
51;145;2;0.0
51;145;3;0.0
51;145;4;0.0
51;145;5;0.0
51;145;6;0.0
51;145;7;0.0
51;145;8;0.0
52;145;1;0.0
52;145;2;0.0
52;145;3;0.0
52;145;4;-1.2135283728607173e-13
52;145;5;0.0
52;145;6;0.0
52;145;7;0.0
52;145;8;0.0
53;145;1;0.0
53;145;2;0.0
53;145;3;0.0
53;145;4;0.0
53;145;5;0.0
53;145;6;0.0
53;145;7;0.0
53;145;8;0.0
54;145;1;0.0
54;145;2;0.0
54;145;3;0.0
54;145;4;-9.014621065745661e-15
54;145;5;0.0
54;145;6;0.0
54;145;7;0.0
54;145;8;0.0
55;145;1;0.0
55;145;2;0.0
55;145;3;0.0
55;145;4;0.0
55;145;5;0.0
55;145;6;0.0
55;145;7;0.0
55;145;8;0.0
56;145;1;0.0
56;145;2;0.0
56;145;3;0.0
56;145;4;0.0
56;145;5;0.0
56;145;6;0.0
56;145;7;0.0
56;145;8;0.0
57;145;1;0.0
57;145;2;0.0
57;145;3;0.0
57;145;4;0.0
57;145;5;0.0
57;145;6;0.0
57;145;7;0.0
57;145;8;0.0
58;145;1;0.0
58;145;2;0.0
58;145;3;0.0
58;145;4;0.0
58;145;5;0.0
58;145;6;0.0
58;145;7;0.0
58;145;8;0.0
59;145;1;0.0
59;145;2;0.0
59;145;3;0.0
59;145;4;0.0
59;145;5;0.0
59;145;6;0.0
59;145;7;0.0
59;145;8;0.0
1;146;1;0.0
1;146;2;0.0
1;146;3;0.0
1;146;4;0.0
1;146;5;0.0
1;146;6;0.0
1;146;7;0.0
1;146;8;0.0
2;146;1;0.0
2;146;2;0.0
2;146;3;0.0
2;146;4;0.0
2;146;5;0.0
2;146;6;0.0
2;146;7;0.0
2;146;8;0.0
3;146;1;0.0
3;146;2;0.0
3;146;3;0.0
3;146;4;0.0
3;146;5;0.0
3;146;6;0.0
3;146;7;0.0
3;146;8;0.0
4;146;1;0.0
4;146;2;0.0
4;146;3;0.0
4;146;4;0.0
4;146;5;0.0
4;146;6;0.0
4;146;7;0.0
4;146;8;0.0
5;146;1;0.0
5;146;2;0.0
5;146;3;0.0
5;146;4;0.0
5;146;5;0.0
5;146;6;0.0
5;146;7;0.0
5;146;8;0.0
6;146;1;0.0
6;146;2;0.0
6;146;3;0.0
6;146;4;0.0
6;146;5;0.0
6;146;6;0.0
6;146;7;0.0
6;146;8;0.0
7;146;1;0.0
7;146;2;0.0
7;146;3;0.0
7;146;4;0.0
7;146;5;0.0
7;146;6;0.0
7;146;7;0.0
7;146;8;0.0
8;146;1;0.0
8;146;2;0.0
8;146;3;0.0
8;146;4;0.0
8;146;5;0.0
8;146;6;0.0
8;146;7;0.0
8;146;8;0.0
9;146;1;0.0
9;146;2;0.0
9;146;3;0.0
9;146;4;0.0
9;146;5;0.0
9;146;6;0.0
9;146;7;0.0
9;146;8;0.0
10;146;1;0.0
10;146;2;0.0
10;146;3;0.0
10;146;4;0.0
10;146;5;0.0
10;146;6;0.0
10;146;7;0.0
10;146;8;0.0
11;146;1;0.0
11;146;2;0.0
11;146;3;0.0
11;146;4;0.0
11;146;5;0.0
11;146;6;0.0
11;146;7;0.0
11;146;8;0.0
12;146;1;0.0
12;146;2;0.0
12;146;3;0.0
12;146;4;0.0
12;146;5;0.0
12;146;6;0.0
12;146;7;0.0
12;146;8;0.0
13;146;1;0.0
13;146;2;0.0
13;146;3;0.0
13;146;4;0.0
13;146;5;0.0
13;146;6;0.0
13;146;7;0.0
13;146;8;0.0
14;146;1;0.0
14;146;2;0.0
14;146;3;0.0
14;146;4;0.0
14;146;5;0.0
14;146;6;0.0
14;146;7;0.0
14;146;8;0.0
15;146;1;0.0
15;146;2;0.0
15;146;3;0.0
15;146;4;0.0
15;146;5;0.0
15;146;6;0.0
15;146;7;0.0
15;146;8;0.0
16;146;1;0.0
16;146;2;0.0
16;146;3;0.0
16;146;4;0.0
16;146;5;0.0
16;146;6;0.0
16;146;7;0.0
16;146;8;0.0
17;146;1;0.0
17;146;2;0.0
17;146;3;0.0
17;146;4;-8.95550125535675e-12
17;146;5;0.0
17;146;6;0.0
17;146;7;0.0
17;146;8;0.0
18;146;1;0.0
18;146;2;0.0
18;146;3;0.0
18;146;4;0.0
18;146;5;0.0
18;146;6;0.0
18;146;7;0.0
18;146;8;0.0
19;146;1;0.0
19;146;2;0.0
19;146;3;0.0
19;146;4;0.0
19;146;5;0.0
19;146;6;0.0
19;146;7;0.0
19;146;8;0.0
20;146;1;0.0
20;146;2;0.0
20;146;3;0.0
20;146;4;0.0
20;146;5;0.0
20;146;6;0.0
20;146;7;0.0
20;146;8;0.0
21;146;1;0.0
21;146;2;0.0
21;146;3;0.0
21;146;4;-0.9999999991711286
21;146;5;0.0
21;146;6;0.0
21;146;7;0.0
21;146;8;0.0
22;146;1;-1.7777686998615083e-17
22;146;2;-1.7777686998615083e-17
22;146;3;0.0
22;146;4;-7.936780122008713e-10
22;146;5;-1.7777686998615083e-17
22;146;6;-1.7777686998615083e-17
22;146;7;-1.7777686998615083e-17
22;146;8;-1.7777686998615083e-17
23;146;1;0.0
23;146;2;0.0
23;146;3;0.0
23;146;4;0.0
23;146;5;0.0
23;146;6;0.0
23;146;7;0.0
23;146;8;0.0
24;146;1;0.0
24;146;2;0.0
24;146;3;0.0
24;146;4;0.0
24;146;5;0.0
24;146;6;0.0
24;146;7;0.0
24;146;8;0.0
25;146;1;0.0
25;146;2;0.0
25;146;3;0.0
25;146;4;0.0
25;146;5;0.0
25;146;6;0.0
25;146;7;0.0
25;146;8;0.0
26;146;1;0.0
26;146;2;0.0
26;146;3;0.0
26;146;4;0.0
26;146;5;0.0
26;146;6;0.0
26;146;7;0.0
26;146;8;0.0
27;146;1;0.0
27;146;2;0.0
27;146;3;0.0
27;146;4;0.0
27;146;5;0.0
27;146;6;0.0
27;146;7;0.0
27;146;8;0.0
28;146;1;0.0
28;146;2;0.0
28;146;3;0.0
28;146;4;0.0
28;146;5;0.0
28;146;6;0.0
28;146;7;0.0
28;146;8;0.0
29;146;1;0.0
29;146;2;0.0
29;146;3;0.0
29;146;4;0.0
29;146;5;0.0
29;146;6;0.0
29;146;7;0.0
29;146;8;0.0
30;146;1;0.0
30;146;2;0.0
30;146;3;0.0
30;146;4;0.0
30;146;5;0.0
30;146;6;0.0
30;146;7;0.0
30;146;8;0.0
31;146;1;0.0
31;146;2;0.0
31;146;3;0.0
31;146;4;0.0
31;146;5;0.0
31;146;6;0.0
31;146;7;0.0
31;146;8;0.0
32;146;1;0.0
32;146;2;0.0
32;146;3;0.0
32;146;4;0.0
32;146;5;0.0
32;146;6;0.0
32;146;7;0.0
32;146;8;0.0
33;146;1;0.0
33;146;2;0.0
33;146;3;0.0
33;146;4;0.0
33;146;5;0.0
33;146;6;0.0
33;146;7;0.0
33;146;8;0.0
34;146;1;0.0
34;146;2;0.0
34;146;3;0.0
34;146;4;0.0
34;146;5;0.0
34;146;6;0.0
34;146;7;0.0
34;146;8;0.0
35;146;1;0.0
35;146;2;0.0
35;146;3;0.0
35;146;4;0.0
35;146;5;0.0
35;146;6;0.0
35;146;7;0.0
35;146;8;0.0
36;146;1;0.0
36;146;2;0.0
36;146;3;0.0
36;146;4;0.0
36;146;5;0.0
36;146;6;0.0
36;146;7;0.0
36;146;8;0.0
37;146;1;0.0
37;146;2;0.0
37;146;3;0.0
37;146;4;0.0
37;146;5;0.0
37;146;6;0.0
37;146;7;0.0
37;146;8;0.0
38;146;1;0.0
38;146;2;0.0
38;146;3;0.0
38;146;4;0.0
38;146;5;0.0
38;146;6;0.0
38;146;7;0.0
38;146;8;0.0
39;146;1;0.0
39;146;2;0.0
39;146;3;0.0
39;146;4;0.0
39;146;5;0.0
39;146;6;0.0
39;146;7;0.0
39;146;8;0.0
40;146;1;0.0
40;146;2;0.0
40;146;3;0.0
40;146;4;0.0
40;146;5;0.0
40;146;6;0.0
40;146;7;0.0
40;146;8;0.0
41;146;1;0.0
41;146;2;0.0
41;146;3;0.0
41;146;4;0.0
41;146;5;0.0
41;146;6;0.0
41;146;7;0.0
41;146;8;0.0
42;146;1;0.0
42;146;2;0.0
42;146;3;0.0
42;146;4;0.0
42;146;5;0.0
42;146;6;0.0
42;146;7;0.0
42;146;8;0.0
43;146;1;0.0
43;146;2;0.0
43;146;3;0.0
43;146;4;0.0
43;146;5;0.0
43;146;6;0.0
43;146;7;0.0
43;146;8;0.0
44;146;1;0.0
44;146;2;0.0
44;146;3;0.0
44;146;4;0.0
44;146;5;0.0
44;146;6;0.0
44;146;7;0.0
44;146;8;0.0
45;146;1;0.0
45;146;2;0.0
45;146;3;0.0
45;146;4;0.0
45;146;5;0.0
45;146;6;0.0
45;146;7;0.0
45;146;8;0.0
46;146;1;0.0
46;146;2;0.0
46;146;3;0.0
46;146;4;0.0
46;146;5;0.0
46;146;6;0.0
46;146;7;0.0
46;146;8;0.0
47;146;1;0.0
47;146;2;0.0
47;146;3;0.0
47;146;4;-2.4797747891850245e-11
47;146;5;0.0
47;146;6;0.0
47;146;7;0.0
47;146;8;0.0
48;146;1;0.0
48;146;2;0.0
48;146;3;0.0
48;146;4;0.0
48;146;5;0.0
48;146;6;0.0
48;146;7;0.0
48;146;8;0.0
49;146;1;0.0
49;146;2;0.0
49;146;3;0.0
49;146;4;0.0
49;146;5;0.0
49;146;6;0.0
49;146;7;0.0
49;146;8;0.0
50;146;1;0.0
50;146;2;0.0
50;146;3;0.0
50;146;4;0.0
50;146;5;0.0
50;146;6;0.0
50;146;7;0.0
50;146;8;0.0
51;146;1;0.0
51;146;2;0.0
51;146;3;0.0
51;146;4;0.0
51;146;5;0.0
51;146;6;0.0
51;146;7;0.0
51;146;8;0.0
52;146;1;0.0
52;146;2;0.0
52;146;3;0.0
52;146;4;-2.588698115788948e-13
52;146;5;0.0
52;146;6;0.0
52;146;7;0.0
52;146;8;0.0
53;146;1;0.0
53;146;2;0.0
53;146;3;0.0
53;146;4;0.0
53;146;5;0.0
53;146;6;0.0
53;146;7;0.0
53;146;8;0.0
54;146;1;0.0
54;146;2;0.0
54;146;3;0.0
54;146;4;-8.3934907045273e-15
54;146;5;0.0
54;146;6;0.0
54;146;7;0.0
54;146;8;0.0
55;146;1;0.0
55;146;2;0.0
55;146;3;0.0
55;146;4;0.0
55;146;5;0.0
55;146;6;0.0
55;146;7;0.0
55;146;8;0.0
56;146;1;0.0
56;146;2;0.0
56;146;3;0.0
56;146;4;0.0
56;146;5;0.0
56;146;6;0.0
56;146;7;0.0
56;146;8;0.0
57;146;1;0.0
57;146;2;0.0
57;146;3;0.0
57;146;4;0.0
57;146;5;0.0
57;146;6;0.0
57;146;7;0.0
57;146;8;0.0
58;146;1;0.0
58;146;2;0.0
58;146;3;0.0
58;146;4;0.0
58;146;5;0.0
58;146;6;0.0
58;146;7;0.0
58;146;8;0.0
59;146;1;0.0
59;146;2;0.0
59;146;3;0.0
59;146;4;0.0
59;146;5;0.0
59;146;6;0.0
59;146;7;0.0
59;146;8;0.0
1;147;1;0.0
1;147;2;0.0
1;147;3;0.0
1;147;4;0.0
1;147;5;0.0
1;147;6;0.0
1;147;7;0.0
1;147;8;0.0
2;147;1;0.0
2;147;2;0.0
2;147;3;0.0
2;147;4;0.0
2;147;5;0.0
2;147;6;0.0
2;147;7;0.0
2;147;8;0.0
3;147;1;0.0
3;147;2;0.0
3;147;3;0.0
3;147;4;0.0
3;147;5;0.0
3;147;6;0.0
3;147;7;0.0
3;147;8;0.0
4;147;1;0.0
4;147;2;0.0
4;147;3;0.0
4;147;4;0.0
4;147;5;0.0
4;147;6;0.0
4;147;7;0.0
4;147;8;0.0
5;147;1;0.0
5;147;2;0.0
5;147;3;0.0
5;147;4;0.0
5;147;5;0.0
5;147;6;0.0
5;147;7;0.0
5;147;8;0.0
6;147;1;0.0
6;147;2;0.0
6;147;3;0.0
6;147;4;0.0
6;147;5;0.0
6;147;6;0.0
6;147;7;0.0
6;147;8;0.0
7;147;1;0.0
7;147;2;0.0
7;147;3;0.0
7;147;4;0.0
7;147;5;0.0
7;147;6;0.0
7;147;7;0.0
7;147;8;0.0
8;147;1;0.0
8;147;2;0.0
8;147;3;0.0
8;147;4;0.0
8;147;5;0.0
8;147;6;0.0
8;147;7;0.0
8;147;8;0.0
9;147;1;0.0
9;147;2;0.0
9;147;3;0.0
9;147;4;0.0
9;147;5;0.0
9;147;6;0.0
9;147;7;0.0
9;147;8;0.0
10;147;1;0.0
10;147;2;0.0
10;147;3;0.0
10;147;4;0.0
10;147;5;0.0
10;147;6;0.0
10;147;7;0.0
10;147;8;0.0
11;147;1;0.0
11;147;2;0.0
11;147;3;0.0
11;147;4;0.0
11;147;5;0.0
11;147;6;0.0
11;147;7;0.0
11;147;8;0.0
12;147;1;0.0
12;147;2;0.0
12;147;3;0.0
12;147;4;0.0
12;147;5;0.0
12;147;6;0.0
12;147;7;0.0
12;147;8;0.0
13;147;1;0.0
13;147;2;0.0
13;147;3;0.0
13;147;4;0.0
13;147;5;0.0
13;147;6;0.0
13;147;7;0.0
13;147;8;0.0
14;147;1;0.0
14;147;2;0.0
14;147;3;0.0
14;147;4;0.0
14;147;5;0.0
14;147;6;0.0
14;147;7;0.0
14;147;8;0.0
15;147;1;0.0
15;147;2;0.0
15;147;3;0.0
15;147;4;0.0
15;147;5;0.0
15;147;6;0.0
15;147;7;0.0
15;147;8;0.0
16;147;1;0.0
16;147;2;0.0
16;147;3;0.0
16;147;4;0.0
16;147;5;0.0
16;147;6;0.0
16;147;7;0.0
16;147;8;0.0
17;147;1;-9.46656634126111e-18
17;147;2;-9.46656634126111e-18
17;147;3;-3.521677453566661e-17
17;147;4;-8.051242166251949e-12
17;147;5;-9.46656634126111e-18
17;147;6;-9.46656634126111e-18
17;147;7;-9.46656634126111e-18
17;147;8;-9.46656634126111e-18
18;147;1;0.0
18;147;2;0.0
18;147;3;0.0
18;147;4;0.0
18;147;5;0.0
18;147;6;0.0
18;147;7;0.0
18;147;8;0.0
19;147;1;0.0
19;147;2;0.0
19;147;3;0.0
19;147;4;0.0
19;147;5;0.0
19;147;6;0.0
19;147;7;0.0
19;147;8;0.0
20;147;1;0.0
20;147;2;0.0
20;147;3;-3.036812759501798e-17
20;147;4;0.0
20;147;5;0.0
20;147;6;0.0
20;147;7;0.0
20;147;8;0.0
21;147;1;-1.1031771548250145e-17
21;147;2;-1.1031771548250145e-17
21;147;3;-3.333978114969447e-17
21;147;4;-0.9999999989907921
21;147;5;-1.1031771548250145e-17
21;147;6;-1.1031771548250145e-17
21;147;7;-1.1031771548250145e-17
21;147;8;-1.1031771548250145e-17
22;147;1;-2.2308460851881862e-17
22;147;2;-2.2308460851881862e-17
22;147;3;-1.0345243631316477e-16
22;147;4;-9.860876559741882e-10
22;147;5;-2.2308460851881862e-17
22;147;6;-2.2308460851881862e-17
22;147;7;-2.2308460851881862e-17
22;147;8;-2.2308460851881862e-17
23;147;1;0.0
23;147;2;0.0
23;147;3;0.0
23;147;4;0.0
23;147;5;0.0
23;147;6;0.0
23;147;7;0.0
23;147;8;0.0
24;147;1;0.0
24;147;2;0.0
24;147;3;0.0
24;147;4;0.0
24;147;5;0.0
24;147;6;0.0
24;147;7;0.0
24;147;8;0.0
25;147;1;0.0
25;147;2;0.0
25;147;3;0.0
25;147;4;0.0
25;147;5;0.0
25;147;6;0.0
25;147;7;0.0
25;147;8;0.0
26;147;1;0.0
26;147;2;0.0
26;147;3;0.0
26;147;4;0.0
26;147;5;0.0
26;147;6;0.0
26;147;7;0.0
26;147;8;0.0
27;147;1;0.0
27;147;2;0.0
27;147;3;0.0
27;147;4;0.0
27;147;5;0.0
27;147;6;0.0
27;147;7;0.0
27;147;8;0.0
28;147;1;0.0
28;147;2;0.0
28;147;3;0.0
28;147;4;0.0
28;147;5;0.0
28;147;6;0.0
28;147;7;0.0
28;147;8;0.0
29;147;1;0.0
29;147;2;0.0
29;147;3;0.0
29;147;4;0.0
29;147;5;0.0
29;147;6;0.0
29;147;7;0.0
29;147;8;0.0
30;147;1;0.0
30;147;2;0.0
30;147;3;0.0
30;147;4;0.0
30;147;5;0.0
30;147;6;0.0
30;147;7;0.0
30;147;8;0.0
31;147;1;0.0
31;147;2;0.0
31;147;3;0.0
31;147;4;0.0
31;147;5;0.0
31;147;6;0.0
31;147;7;0.0
31;147;8;0.0
32;147;1;0.0
32;147;2;0.0
32;147;3;0.0
32;147;4;0.0
32;147;5;0.0
32;147;6;0.0
32;147;7;0.0
32;147;8;0.0
33;147;1;0.0
33;147;2;0.0
33;147;3;0.0
33;147;4;0.0
33;147;5;0.0
33;147;6;0.0
33;147;7;0.0
33;147;8;0.0
34;147;1;0.0
34;147;2;0.0
34;147;3;0.0
34;147;4;0.0
34;147;5;0.0
34;147;6;0.0
34;147;7;0.0
34;147;8;0.0
35;147;1;0.0
35;147;2;0.0
35;147;3;0.0
35;147;4;0.0
35;147;5;0.0
35;147;6;0.0
35;147;7;0.0
35;147;8;0.0
36;147;1;0.0
36;147;2;0.0
36;147;3;0.0
36;147;4;0.0
36;147;5;0.0
36;147;6;0.0
36;147;7;0.0
36;147;8;0.0
37;147;1;0.0
37;147;2;0.0
37;147;3;0.0
37;147;4;0.0
37;147;5;0.0
37;147;6;0.0
37;147;7;0.0
37;147;8;0.0
38;147;1;0.0
38;147;2;0.0
38;147;3;0.0
38;147;4;0.0
38;147;5;0.0
38;147;6;0.0
38;147;7;0.0
38;147;8;0.0
39;147;1;0.0
39;147;2;0.0
39;147;3;0.0
39;147;4;0.0
39;147;5;0.0
39;147;6;0.0
39;147;7;0.0
39;147;8;0.0
40;147;1;0.0
40;147;2;0.0
40;147;3;0.0
40;147;4;0.0
40;147;5;0.0
40;147;6;0.0
40;147;7;0.0
40;147;8;0.0
41;147;1;0.0
41;147;2;0.0
41;147;3;0.0
41;147;4;0.0
41;147;5;0.0
41;147;6;0.0
41;147;7;0.0
41;147;8;0.0
42;147;1;0.0
42;147;2;0.0
42;147;3;0.0
42;147;4;0.0
42;147;5;0.0
42;147;6;0.0
42;147;7;0.0
42;147;8;0.0
43;147;1;0.0
43;147;2;0.0
43;147;3;0.0
43;147;4;0.0
43;147;5;0.0
43;147;6;0.0
43;147;7;0.0
43;147;8;0.0
44;147;1;0.0
44;147;2;0.0
44;147;3;0.0
44;147;4;0.0
44;147;5;0.0
44;147;6;0.0
44;147;7;0.0
44;147;8;0.0
45;147;1;0.0
45;147;2;0.0
45;147;3;0.0
45;147;4;0.0
45;147;5;0.0
45;147;6;0.0
45;147;7;0.0
45;147;8;0.0
46;147;1;0.0
46;147;2;0.0
46;147;3;0.0
46;147;4;0.0
46;147;5;0.0
46;147;6;0.0
46;147;7;0.0
46;147;8;0.0
47;147;1;-1.7991442921225946e-17
47;147;2;-1.7991442921225946e-17
47;147;3;-7.931405460921345e-17
47;147;4;-1.4541586975726851e-11
47;147;5;-1.7991442921225946e-17
47;147;6;-1.7991442921225946e-17
47;147;7;-1.7991442921225946e-17
47;147;8;-1.7991442921225946e-17
48;147;1;0.0
48;147;2;0.0
48;147;3;0.0
48;147;4;0.0
48;147;5;0.0
48;147;6;0.0
48;147;7;0.0
48;147;8;0.0
49;147;1;0.0
49;147;2;0.0
49;147;3;0.0
49;147;4;0.0
49;147;5;0.0
49;147;6;0.0
49;147;7;0.0
49;147;8;0.0
50;147;1;0.0
50;147;2;0.0
50;147;3;0.0
50;147;4;0.0
50;147;5;0.0
50;147;6;0.0
50;147;7;0.0
50;147;8;0.0
51;147;1;0.0
51;147;2;0.0
51;147;3;0.0
51;147;4;0.0
51;147;5;0.0
51;147;6;0.0
51;147;7;0.0
51;147;8;0.0
52;147;1;0.0
52;147;2;0.0
52;147;3;0.0
52;147;4;-2.610365977761943e-13
52;147;5;0.0
52;147;6;0.0
52;147;7;0.0
52;147;8;0.0
53;147;1;0.0
53;147;2;0.0
53;147;3;0.0
53;147;4;0.0
53;147;5;0.0
53;147;6;0.0
53;147;7;0.0
53;147;8;0.0
54;147;1;0.0
54;147;2;0.0
54;147;3;0.0
54;147;4;-7.936632167502777e-15
54;147;5;0.0
54;147;6;0.0
54;147;7;0.0
54;147;8;0.0
55;147;1;0.0
55;147;2;0.0
55;147;3;0.0
55;147;4;0.0
55;147;5;0.0
55;147;6;0.0
55;147;7;0.0
55;147;8;0.0
56;147;1;0.0
56;147;2;0.0
56;147;3;0.0
56;147;4;0.0
56;147;5;0.0
56;147;6;0.0
56;147;7;0.0
56;147;8;0.0
57;147;1;0.0
57;147;2;0.0
57;147;3;0.0
57;147;4;0.0
57;147;5;0.0
57;147;6;0.0
57;147;7;0.0
57;147;8;0.0
58;147;1;0.0
58;147;2;0.0
58;147;3;0.0
58;147;4;0.0
58;147;5;0.0
58;147;6;0.0
58;147;7;0.0
58;147;8;0.0
59;147;1;0.0
59;147;2;0.0
59;147;3;0.0
59;147;4;0.0
59;147;5;0.0
59;147;6;0.0
59;147;7;0.0
59;147;8;0.0
1;148;1;0.0
1;148;2;0.0
1;148;3;0.0
1;148;4;0.0
1;148;5;0.0
1;148;6;0.0
1;148;7;0.0
1;148;8;0.0
2;148;1;0.0
2;148;2;0.0
2;148;3;0.0
2;148;4;0.0
2;148;5;0.0
2;148;6;0.0
2;148;7;0.0
2;148;8;0.0
3;148;1;0.0
3;148;2;0.0
3;148;3;0.0
3;148;4;0.0
3;148;5;0.0
3;148;6;0.0
3;148;7;0.0
3;148;8;0.0
4;148;1;0.0
4;148;2;0.0
4;148;3;0.0
4;148;4;0.0
4;148;5;0.0
4;148;6;0.0
4;148;7;0.0
4;148;8;0.0
5;148;1;0.0
5;148;2;0.0
5;148;3;0.0
5;148;4;0.0
5;148;5;0.0
5;148;6;0.0
5;148;7;0.0
5;148;8;0.0
6;148;1;0.0
6;148;2;0.0
6;148;3;0.0
6;148;4;0.0
6;148;5;0.0
6;148;6;0.0
6;148;7;0.0
6;148;8;0.0
7;148;1;0.0
7;148;2;0.0
7;148;3;0.0
7;148;4;0.0
7;148;5;0.0
7;148;6;0.0
7;148;7;0.0
7;148;8;0.0
8;148;1;0.0
8;148;2;0.0
8;148;3;0.0
8;148;4;0.0
8;148;5;0.0
8;148;6;0.0
8;148;7;0.0
8;148;8;0.0
9;148;1;0.0
9;148;2;0.0
9;148;3;0.0
9;148;4;0.0
9;148;5;0.0
9;148;6;0.0
9;148;7;0.0
9;148;8;0.0
10;148;1;0.0
10;148;2;0.0
10;148;3;0.0
10;148;4;0.0
10;148;5;0.0
10;148;6;0.0
10;148;7;0.0
10;148;8;0.0
11;148;1;0.0
11;148;2;0.0
11;148;3;0.0
11;148;4;0.0
11;148;5;0.0
11;148;6;0.0
11;148;7;0.0
11;148;8;0.0
12;148;1;0.0
12;148;2;0.0
12;148;3;0.0
12;148;4;0.0
12;148;5;0.0
12;148;6;0.0
12;148;7;0.0
12;148;8;0.0
13;148;1;0.0
13;148;2;0.0
13;148;3;0.0
13;148;4;0.0
13;148;5;0.0
13;148;6;0.0
13;148;7;0.0
13;148;8;0.0
14;148;1;0.0
14;148;2;0.0
14;148;3;0.0
14;148;4;0.0
14;148;5;0.0
14;148;6;0.0
14;148;7;0.0
14;148;8;0.0
15;148;1;0.0
15;148;2;0.0
15;148;3;0.0
15;148;4;0.0
15;148;5;0.0
15;148;6;0.0
15;148;7;0.0
15;148;8;0.0
16;148;1;0.0
16;148;2;0.0
16;148;3;0.0
16;148;4;0.0
16;148;5;0.0
16;148;6;0.0
16;148;7;0.0
16;148;8;0.0
17;148;1;-1.1317339979891186e-17
17;148;2;-1.1317339979891186e-17
17;148;3;-4.4290691873337623e-17
17;148;4;-8.145351838982958e-12
17;148;5;-1.1317339979891186e-17
17;148;6;-1.1317339979891186e-17
17;148;7;-1.1317339979891186e-17
17;148;8;-1.1317339979891186e-17
18;148;1;0.0
18;148;2;0.0
18;148;3;0.0
18;148;4;0.0
18;148;5;0.0
18;148;6;0.0
18;148;7;0.0
18;148;8;0.0
19;148;1;0.0
19;148;2;0.0
19;148;3;0.0
19;148;4;0.0
19;148;5;0.0
19;148;6;0.0
19;148;7;0.0
19;148;8;0.0
20;148;1;0.0
20;148;2;0.0
20;148;3;-3.5729396528164386e-17
20;148;4;0.0
20;148;5;0.0
20;148;6;0.0
20;148;7;0.0
20;148;8;0.0
21;148;1;-1.2387014136233532e-17
21;148;2;-1.2387014136233532e-17
21;148;3;-4.330964027401515e-17
21;148;4;-0.9999999993832884
21;148;5;-1.2387014136233532e-17
21;148;6;-1.2387014136233532e-17
21;148;7;-1.2387014136233532e-17
21;148;8;-1.2387014136233532e-17
22;148;1;-2.541592412208801e-17
22;148;2;-2.541592412208801e-17
22;148;3;-1.3934452792303927e-16
22;148;4;-5.956319881761374e-10
22;148;5;-2.541592412208801e-17
22;148;6;-2.541592412208801e-17
22;148;7;-2.541592412208801e-17
22;148;8;-2.541592412208801e-17
23;148;1;0.0
23;148;2;0.0
23;148;3;0.0
23;148;4;0.0
23;148;5;0.0
23;148;6;0.0
23;148;7;0.0
23;148;8;0.0
24;148;1;0.0
24;148;2;0.0
24;148;3;0.0
24;148;4;0.0
24;148;5;0.0
24;148;6;0.0
24;148;7;0.0
24;148;8;0.0
25;148;1;0.0
25;148;2;0.0
25;148;3;0.0
25;148;4;0.0
25;148;5;0.0
25;148;6;0.0
25;148;7;0.0
25;148;8;0.0
26;148;1;0.0
26;148;2;0.0
26;148;3;0.0
26;148;4;0.0
26;148;5;0.0
26;148;6;0.0
26;148;7;0.0
26;148;8;0.0
27;148;1;0.0
27;148;2;0.0
27;148;3;0.0
27;148;4;0.0
27;148;5;0.0
27;148;6;0.0
27;148;7;0.0
27;148;8;0.0
28;148;1;0.0
28;148;2;0.0
28;148;3;0.0
28;148;4;0.0
28;148;5;0.0
28;148;6;0.0
28;148;7;0.0
28;148;8;0.0
29;148;1;0.0
29;148;2;0.0
29;148;3;0.0
29;148;4;0.0
29;148;5;0.0
29;148;6;0.0
29;148;7;0.0
29;148;8;0.0
30;148;1;0.0
30;148;2;0.0
30;148;3;0.0
30;148;4;0.0
30;148;5;0.0
30;148;6;0.0
30;148;7;0.0
30;148;8;0.0
31;148;1;0.0
31;148;2;0.0
31;148;3;0.0
31;148;4;0.0
31;148;5;0.0
31;148;6;0.0
31;148;7;0.0
31;148;8;0.0
32;148;1;0.0
32;148;2;0.0
32;148;3;0.0
32;148;4;0.0
32;148;5;0.0
32;148;6;0.0
32;148;7;0.0
32;148;8;0.0
33;148;1;0.0
33;148;2;0.0
33;148;3;0.0
33;148;4;0.0
33;148;5;0.0
33;148;6;0.0
33;148;7;0.0
33;148;8;0.0
34;148;1;0.0
34;148;2;0.0
34;148;3;0.0
34;148;4;0.0
34;148;5;0.0
34;148;6;0.0
34;148;7;0.0
34;148;8;0.0
35;148;1;0.0
35;148;2;0.0
35;148;3;0.0
35;148;4;0.0
35;148;5;0.0
35;148;6;0.0
35;148;7;0.0
35;148;8;0.0
36;148;1;0.0
36;148;2;0.0
36;148;3;0.0
36;148;4;0.0
36;148;5;0.0
36;148;6;0.0
36;148;7;0.0
36;148;8;0.0
37;148;1;0.0
37;148;2;0.0
37;148;3;0.0
37;148;4;0.0
37;148;5;0.0
37;148;6;0.0
37;148;7;0.0
37;148;8;0.0
38;148;1;0.0
38;148;2;0.0
38;148;3;0.0
38;148;4;0.0
38;148;5;0.0
38;148;6;0.0
38;148;7;0.0
38;148;8;0.0
39;148;1;0.0
39;148;2;0.0
39;148;3;0.0
39;148;4;0.0
39;148;5;0.0
39;148;6;0.0
39;148;7;0.0
39;148;8;0.0
40;148;1;0.0
40;148;2;0.0
40;148;3;0.0
40;148;4;0.0
40;148;5;0.0
40;148;6;0.0
40;148;7;0.0
40;148;8;0.0
41;148;1;0.0
41;148;2;0.0
41;148;3;0.0
41;148;4;0.0
41;148;5;0.0
41;148;6;0.0
41;148;7;0.0
41;148;8;0.0
42;148;1;0.0
42;148;2;0.0
42;148;3;0.0
42;148;4;0.0
42;148;5;0.0
42;148;6;0.0
42;148;7;0.0
42;148;8;0.0
43;148;1;0.0
43;148;2;0.0
43;148;3;0.0
43;148;4;0.0
43;148;5;0.0
43;148;6;0.0
43;148;7;0.0
43;148;8;0.0
44;148;1;0.0
44;148;2;0.0
44;148;3;0.0
44;148;4;0.0
44;148;5;0.0
44;148;6;0.0
44;148;7;0.0
44;148;8;0.0
45;148;1;0.0
45;148;2;0.0
45;148;3;0.0
45;148;4;0.0
45;148;5;0.0
45;148;6;0.0
45;148;7;0.0
45;148;8;0.0
46;148;1;0.0
46;148;2;0.0
46;148;3;0.0
46;148;4;0.0
46;148;5;0.0
46;148;6;0.0
46;148;7;0.0
46;148;8;0.0
47;148;1;-2.3565100417971444e-17
47;148;2;-2.3565100417971444e-17
47;148;3;-1.0400492903614215e-16
47;148;4;-1.4252569115802758e-11
47;148;5;-2.3565100417971444e-17
47;148;6;-2.3565100417971444e-17
47;148;7;-2.3565100417971444e-17
47;148;8;-2.3565100417971444e-17
48;148;1;0.0
48;148;2;0.0
48;148;3;0.0
48;148;4;0.0
48;148;5;0.0
48;148;6;0.0
48;148;7;0.0
48;148;8;0.0
49;148;1;0.0
49;148;2;0.0
49;148;3;0.0
49;148;4;0.0
49;148;5;0.0
49;148;6;0.0
49;148;7;0.0
49;148;8;0.0
50;148;1;0.0
50;148;2;0.0
50;148;3;0.0
50;148;4;0.0
50;148;5;0.0
50;148;6;0.0
50;148;7;0.0
50;148;8;0.0
51;148;1;0.0
51;148;2;0.0
51;148;3;0.0
51;148;4;0.0
51;148;5;0.0
51;148;6;0.0
51;148;7;0.0
51;148;8;0.0
52;148;1;0.0
52;148;2;0.0
52;148;3;0.0
52;148;4;-2.700896347882078e-13
52;148;5;0.0
52;148;6;0.0
52;148;7;0.0
52;148;8;0.0
53;148;1;0.0
53;148;2;0.0
53;148;3;0.0
53;148;4;0.0
53;148;5;0.0
53;148;6;0.0
53;148;7;0.0
53;148;8;0.0
54;148;1;0.0
54;148;2;0.0
54;148;3;0.0
54;148;4;-9.478052835435554e-15
54;148;5;0.0
54;148;6;0.0
54;148;7;0.0
54;148;8;0.0
55;148;1;0.0
55;148;2;0.0
55;148;3;0.0
55;148;4;0.0
55;148;5;0.0
55;148;6;0.0
55;148;7;0.0
55;148;8;0.0
56;148;1;0.0
56;148;2;0.0
56;148;3;0.0
56;148;4;0.0
56;148;5;0.0
56;148;6;0.0
56;148;7;0.0
56;148;8;0.0
57;148;1;0.0
57;148;2;0.0
57;148;3;0.0
57;148;4;0.0
57;148;5;0.0
57;148;6;0.0
57;148;7;0.0
57;148;8;0.0
58;148;1;0.0
58;148;2;0.0
58;148;3;0.0
58;148;4;0.0
58;148;5;0.0
58;148;6;0.0
58;148;7;0.0
58;148;8;0.0
59;148;1;0.0
59;148;2;0.0
59;148;3;0.0
59;148;4;0.0
59;148;5;0.0
59;148;6;0.0
59;148;7;0.0
59;148;8;0.0
1;149;1;0.0
1;149;2;0.0
1;149;3;0.0
1;149;4;0.0
1;149;5;0.0
1;149;6;0.0
1;149;7;0.0
1;149;8;0.0
2;149;1;0.0
2;149;2;0.0
2;149;3;0.0
2;149;4;0.0
2;149;5;0.0
2;149;6;0.0
2;149;7;0.0
2;149;8;0.0
3;149;1;0.0
3;149;2;0.0
3;149;3;0.0
3;149;4;0.0
3;149;5;0.0
3;149;6;0.0
3;149;7;0.0
3;149;8;0.0
4;149;1;0.0
4;149;2;0.0
4;149;3;0.0
4;149;4;0.0
4;149;5;0.0
4;149;6;0.0
4;149;7;0.0
4;149;8;0.0
5;149;1;0.0
5;149;2;0.0
5;149;3;0.0
5;149;4;0.0
5;149;5;0.0
5;149;6;0.0
5;149;7;0.0
5;149;8;0.0
6;149;1;0.0
6;149;2;0.0
6;149;3;0.0
6;149;4;0.0
6;149;5;0.0
6;149;6;0.0
6;149;7;0.0
6;149;8;0.0
7;149;1;0.0
7;149;2;0.0
7;149;3;0.0
7;149;4;0.0
7;149;5;0.0
7;149;6;0.0
7;149;7;0.0
7;149;8;0.0
8;149;1;0.0
8;149;2;0.0
8;149;3;0.0
8;149;4;0.0
8;149;5;0.0
8;149;6;0.0
8;149;7;0.0
8;149;8;0.0
9;149;1;0.0
9;149;2;0.0
9;149;3;0.0
9;149;4;0.0
9;149;5;0.0
9;149;6;0.0
9;149;7;0.0
9;149;8;0.0
10;149;1;0.0
10;149;2;0.0
10;149;3;0.0
10;149;4;0.0
10;149;5;0.0
10;149;6;0.0
10;149;7;0.0
10;149;8;0.0
11;149;1;0.0
11;149;2;0.0
11;149;3;0.0
11;149;4;0.0
11;149;5;0.0
11;149;6;0.0
11;149;7;0.0
11;149;8;0.0
12;149;1;0.0
12;149;2;0.0
12;149;3;0.0
12;149;4;0.0
12;149;5;0.0
12;149;6;0.0
12;149;7;0.0
12;149;8;0.0
13;149;1;0.0
13;149;2;0.0
13;149;3;0.0
13;149;4;0.0
13;149;5;0.0
13;149;6;0.0
13;149;7;0.0
13;149;8;0.0
14;149;1;0.0
14;149;2;0.0
14;149;3;0.0
14;149;4;0.0
14;149;5;0.0
14;149;6;0.0
14;149;7;0.0
14;149;8;0.0
15;149;1;0.0
15;149;2;0.0
15;149;3;0.0
15;149;4;0.0
15;149;5;0.0
15;149;6;0.0
15;149;7;0.0
15;149;8;0.0
16;149;1;0.0
16;149;2;0.0
16;149;3;0.0
16;149;4;0.0
16;149;5;0.0
16;149;6;0.0
16;149;7;0.0
16;149;8;0.0
17;149;1;-1.326253946997469e-17
17;149;2;-1.326253946997469e-17
17;149;3;-5.09785942841073e-17
17;149;4;-0.9999999999898626
17;149;5;-1.326253946997469e-17
17;149;6;-1.326253946997469e-17
17;149;7;-1.326253946997469e-17
17;149;8;-1.326253946997469e-17
18;149;1;0.0
18;149;2;0.0
18;149;3;0.0
18;149;4;0.0
18;149;5;0.0
18;149;6;0.0
18;149;7;0.0
18;149;8;0.0
19;149;1;0.0
19;149;2;0.0
19;149;3;0.0
19;149;4;0.0
19;149;5;0.0
19;149;6;0.0
19;149;7;0.0
19;149;8;0.0
20;149;1;0.0
20;149;2;0.0
20;149;3;-4.093136568512669e-17
20;149;4;0.0
20;149;5;0.0
20;149;6;0.0
20;149;7;0.0
20;149;8;0.0
21;149;1;-1.465006525979984e-17
21;149;2;-1.465006525979984e-17
21;149;3;-5.2197543454897577e-17
21;149;4;-6.69845975350778e-13
21;149;5;-1.465006525979984e-17
21;149;6;-1.465006525979984e-17
21;149;7;-1.465006525979984e-17
21;149;8;-1.465006525979984e-17
22;149;1;-2.807484465353505e-17
22;149;2;-2.807484465353505e-17
22;149;3;-1.6327667738277997e-16
22;149;4;-3.3093527918026666e-12
22;149;5;-2.807484465353505e-17
22;149;6;-2.807484465353505e-17
22;149;7;-2.807484465353505e-17
22;149;8;-2.807484465353505e-17
23;149;1;0.0
23;149;2;0.0
23;149;3;0.0
23;149;4;0.0
23;149;5;0.0
23;149;6;0.0
23;149;7;0.0
23;149;8;0.0
24;149;1;0.0
24;149;2;0.0
24;149;3;0.0
24;149;4;0.0
24;149;5;0.0
24;149;6;0.0
24;149;7;0.0
24;149;8;0.0
25;149;1;0.0
25;149;2;0.0
25;149;3;0.0
25;149;4;0.0
25;149;5;0.0
25;149;6;0.0
25;149;7;0.0
25;149;8;0.0
26;149;1;0.0
26;149;2;0.0
26;149;3;0.0
26;149;4;0.0
26;149;5;0.0
26;149;6;0.0
26;149;7;0.0
26;149;8;0.0
27;149;1;0.0
27;149;2;0.0
27;149;3;0.0
27;149;4;0.0
27;149;5;0.0
27;149;6;0.0
27;149;7;0.0
27;149;8;0.0
28;149;1;0.0
28;149;2;0.0
28;149;3;0.0
28;149;4;0.0
28;149;5;0.0
28;149;6;0.0
28;149;7;0.0
28;149;8;0.0
29;149;1;0.0
29;149;2;0.0
29;149;3;0.0
29;149;4;0.0
29;149;5;0.0
29;149;6;0.0
29;149;7;0.0
29;149;8;0.0
30;149;1;0.0
30;149;2;0.0
30;149;3;0.0
30;149;4;0.0
30;149;5;0.0
30;149;6;0.0
30;149;7;0.0
30;149;8;0.0
31;149;1;0.0
31;149;2;0.0
31;149;3;0.0
31;149;4;0.0
31;149;5;0.0
31;149;6;0.0
31;149;7;0.0
31;149;8;0.0
32;149;1;0.0
32;149;2;0.0
32;149;3;0.0
32;149;4;0.0
32;149;5;0.0
32;149;6;0.0
32;149;7;0.0
32;149;8;0.0
33;149;1;0.0
33;149;2;0.0
33;149;3;0.0
33;149;4;0.0
33;149;5;0.0
33;149;6;0.0
33;149;7;0.0
33;149;8;0.0
34;149;1;0.0
34;149;2;0.0
34;149;3;0.0
34;149;4;0.0
34;149;5;0.0
34;149;6;0.0
34;149;7;0.0
34;149;8;0.0
35;149;1;0.0
35;149;2;0.0
35;149;3;0.0
35;149;4;0.0
35;149;5;0.0
35;149;6;0.0
35;149;7;0.0
35;149;8;0.0
36;149;1;0.0
36;149;2;0.0
36;149;3;0.0
36;149;4;0.0
36;149;5;0.0
36;149;6;0.0
36;149;7;0.0
36;149;8;0.0
37;149;1;0.0
37;149;2;0.0
37;149;3;0.0
37;149;4;0.0
37;149;5;0.0
37;149;6;0.0
37;149;7;0.0
37;149;8;0.0
38;149;1;0.0
38;149;2;0.0
38;149;3;0.0
38;149;4;0.0
38;149;5;0.0
38;149;6;0.0
38;149;7;0.0
38;149;8;0.0
39;149;1;0.0
39;149;2;0.0
39;149;3;0.0
39;149;4;0.0
39;149;5;0.0
39;149;6;0.0
39;149;7;0.0
39;149;8;0.0
40;149;1;0.0
40;149;2;0.0
40;149;3;0.0
40;149;4;0.0
40;149;5;0.0
40;149;6;0.0
40;149;7;0.0
40;149;8;0.0
41;149;1;0.0
41;149;2;0.0
41;149;3;0.0
41;149;4;0.0
41;149;5;0.0
41;149;6;0.0
41;149;7;0.0
41;149;8;0.0
42;149;1;0.0
42;149;2;0.0
42;149;3;0.0
42;149;4;0.0
42;149;5;0.0
42;149;6;0.0
42;149;7;0.0
42;149;8;0.0
43;149;1;0.0
43;149;2;0.0
43;149;3;0.0
43;149;4;0.0
43;149;5;0.0
43;149;6;0.0
43;149;7;0.0
43;149;8;0.0
44;149;1;0.0
44;149;2;0.0
44;149;3;0.0
44;149;4;0.0
44;149;5;0.0
44;149;6;0.0
44;149;7;0.0
44;149;8;0.0
45;149;1;0.0
45;149;2;0.0
45;149;3;0.0
45;149;4;0.0
45;149;5;0.0
45;149;6;0.0
45;149;7;0.0
45;149;8;0.0
46;149;1;0.0
46;149;2;0.0
46;149;3;0.0
46;149;4;0.0
46;149;5;0.0
46;149;6;0.0
46;149;7;0.0
46;149;8;0.0
47;149;1;-2.930514751983528e-17
47;149;2;-2.930514751983528e-17
47;149;3;-1.0700614189159856e-16
47;149;4;-1.0527282699336265e-12
47;149;5;-2.930514751983528e-17
47;149;6;-2.930514751983528e-17
47;149;7;-2.930514751983528e-17
47;149;8;-2.930514751983528e-17
48;149;1;0.0
48;149;2;0.0
48;149;3;0.0
48;149;4;0.0
48;149;5;0.0
48;149;6;0.0
48;149;7;0.0
48;149;8;0.0
49;149;1;0.0
49;149;2;0.0
49;149;3;0.0
49;149;4;0.0
49;149;5;0.0
49;149;6;0.0
49;149;7;0.0
49;149;8;0.0
50;149;1;0.0
50;149;2;0.0
50;149;3;0.0
50;149;4;0.0
50;149;5;0.0
50;149;6;0.0
50;149;7;0.0
50;149;8;0.0
51;149;1;0.0
51;149;2;0.0
51;149;3;0.0
51;149;4;0.0
51;149;5;0.0
51;149;6;0.0
51;149;7;0.0
51;149;8;0.0
52;149;1;0.0
52;149;2;0.0
52;149;3;0.0
52;149;4;-3.171945870264294e-13
52;149;5;0.0
52;149;6;0.0
52;149;7;0.0
52;149;8;0.0
53;149;1;0.0
53;149;2;0.0
53;149;3;0.0
53;149;4;0.0
53;149;5;0.0
53;149;6;0.0
53;149;7;0.0
53;149;8;0.0
54;149;1;0.0
54;149;2;0.0
54;149;3;0.0
54;149;4;-7.462295377870404e-15
54;149;5;0.0
54;149;6;0.0
54;149;7;0.0
54;149;8;0.0
55;149;1;0.0
55;149;2;0.0
55;149;3;0.0
55;149;4;0.0
55;149;5;0.0
55;149;6;0.0
55;149;7;0.0
55;149;8;0.0
56;149;1;0.0
56;149;2;0.0
56;149;3;0.0
56;149;4;0.0
56;149;5;0.0
56;149;6;0.0
56;149;7;0.0
56;149;8;0.0
57;149;1;0.0
57;149;2;0.0
57;149;3;0.0
57;149;4;0.0
57;149;5;0.0
57;149;6;0.0
57;149;7;0.0
57;149;8;0.0
58;149;1;0.0
58;149;2;0.0
58;149;3;0.0
58;149;4;0.0
58;149;5;0.0
58;149;6;0.0
58;149;7;0.0
58;149;8;0.0
59;149;1;0.0
59;149;2;0.0
59;149;3;0.0
59;149;4;0.0
59;149;5;0.0
59;149;6;0.0
59;149;7;0.0
59;149;8;0.0
1;150;1;0.0
1;150;2;0.0
1;150;3;0.0
1;150;4;0.0
1;150;5;0.0
1;150;6;0.0
1;150;7;0.0
1;150;8;0.0
2;150;1;0.0
2;150;2;0.0
2;150;3;0.0
2;150;4;0.0
2;150;5;0.0
2;150;6;0.0
2;150;7;0.0
2;150;8;0.0
3;150;1;0.0
3;150;2;0.0
3;150;3;0.0
3;150;4;0.0
3;150;5;0.0
3;150;6;0.0
3;150;7;0.0
3;150;8;0.0
4;150;1;0.0
4;150;2;0.0
4;150;3;0.0
4;150;4;0.0
4;150;5;0.0
4;150;6;0.0
4;150;7;0.0
4;150;8;0.0
5;150;1;0.0
5;150;2;0.0
5;150;3;0.0
5;150;4;0.0
5;150;5;0.0
5;150;6;0.0
5;150;7;0.0
5;150;8;0.0
6;150;1;0.0
6;150;2;0.0
6;150;3;0.0
6;150;4;0.0
6;150;5;0.0
6;150;6;0.0
6;150;7;0.0
6;150;8;0.0
7;150;1;0.0
7;150;2;0.0
7;150;3;0.0
7;150;4;0.0
7;150;5;0.0
7;150;6;0.0
7;150;7;0.0
7;150;8;0.0
8;150;1;0.0
8;150;2;0.0
8;150;3;0.0
8;150;4;0.0
8;150;5;0.0
8;150;6;0.0
8;150;7;0.0
8;150;8;0.0
9;150;1;0.0
9;150;2;0.0
9;150;3;0.0
9;150;4;0.0
9;150;5;0.0
9;150;6;0.0
9;150;7;0.0
9;150;8;0.0
10;150;1;0.0
10;150;2;0.0
10;150;3;0.0
10;150;4;0.0
10;150;5;0.0
10;150;6;0.0
10;150;7;0.0
10;150;8;0.0
11;150;1;0.0
11;150;2;0.0
11;150;3;0.0
11;150;4;0.0
11;150;5;0.0
11;150;6;0.0
11;150;7;0.0
11;150;8;0.0
12;150;1;0.0
12;150;2;0.0
12;150;3;0.0
12;150;4;0.0
12;150;5;0.0
12;150;6;0.0
12;150;7;0.0
12;150;8;0.0
13;150;1;0.0
13;150;2;0.0
13;150;3;0.0
13;150;4;0.0
13;150;5;0.0
13;150;6;0.0
13;150;7;0.0
13;150;8;0.0
14;150;1;0.0
14;150;2;0.0
14;150;3;0.0
14;150;4;0.0
14;150;5;0.0
14;150;6;0.0
14;150;7;0.0
14;150;8;0.0
15;150;1;0.0
15;150;2;0.0
15;150;3;0.0
15;150;4;0.0
15;150;5;0.0
15;150;6;0.0
15;150;7;0.0
15;150;8;0.0
16;150;1;0.0
16;150;2;0.0
16;150;3;0.0
16;150;4;0.0
16;150;5;0.0
16;150;6;0.0
16;150;7;0.0
16;150;8;0.0
17;150;1;-1.5897740412384665e-17
17;150;2;-1.5897740412384665e-17
17;150;3;-5.651087208059268e-17
17;150;4;-2.032744218376079e-11
17;150;5;-1.5897740412384665e-17
17;150;6;-1.5897740412384665e-17
17;150;7;-1.5897740412384665e-17
17;150;8;-1.5897740412384665e-17
18;150;1;0.0
18;150;2;0.0
18;150;3;0.0
18;150;4;0.0
18;150;5;0.0
18;150;6;0.0
18;150;7;0.0
18;150;8;0.0
19;150;1;0.0
19;150;2;0.0
19;150;3;0.0
19;150;4;0.0
19;150;5;0.0
19;150;6;0.0
19;150;7;0.0
19;150;8;0.0
20;150;1;0.0
20;150;2;0.0
20;150;3;-5.231279434165588e-17
20;150;4;0.0
20;150;5;0.0
20;150;6;0.0
20;150;7;0.0
20;150;8;0.0
21;150;1;-1.838705130805881e-17
21;150;2;-1.838705130805881e-17
21;150;3;-6.047668593714186e-17
21;150;4;-0.999999998003624
21;150;5;-1.838705130805881e-17
21;150;6;-1.838705130805881e-17
21;150;7;-1.838705130805881e-17
21;150;8;-1.838705130805881e-17
22;150;1;-3.5043188792648474e-17
22;150;2;-3.5043188792648474e-17
22;150;3;-1.9479529508499423e-16
22;150;4;-1.970337670798017e-09
22;150;5;-3.5043188792648474e-17
22;150;6;-3.5043188792648474e-17
22;150;7;-3.5043188792648474e-17
22;150;8;-3.5043188792648474e-17
23;150;1;0.0
23;150;2;0.0
23;150;3;0.0
23;150;4;0.0
23;150;5;0.0
23;150;6;0.0
23;150;7;0.0
23;150;8;0.0
24;150;1;0.0
24;150;2;0.0
24;150;3;0.0
24;150;4;0.0
24;150;5;0.0
24;150;6;0.0
24;150;7;0.0
24;150;8;0.0
25;150;1;0.0
25;150;2;0.0
25;150;3;0.0
25;150;4;0.0
25;150;5;0.0
25;150;6;0.0
25;150;7;0.0
25;150;8;0.0
26;150;1;0.0
26;150;2;0.0
26;150;3;0.0
26;150;4;0.0
26;150;5;0.0
26;150;6;0.0
26;150;7;0.0
26;150;8;0.0
27;150;1;0.0
27;150;2;0.0
27;150;3;0.0
27;150;4;0.0
27;150;5;0.0
27;150;6;0.0
27;150;7;0.0
27;150;8;0.0
28;150;1;0.0
28;150;2;0.0
28;150;3;0.0
28;150;4;0.0
28;150;5;0.0
28;150;6;0.0
28;150;7;0.0
28;150;8;0.0
29;150;1;0.0
29;150;2;0.0
29;150;3;0.0
29;150;4;0.0
29;150;5;0.0
29;150;6;0.0
29;150;7;0.0
29;150;8;0.0
30;150;1;0.0
30;150;2;0.0
30;150;3;0.0
30;150;4;0.0
30;150;5;0.0
30;150;6;0.0
30;150;7;0.0
30;150;8;0.0
31;150;1;0.0
31;150;2;0.0
31;150;3;0.0
31;150;4;0.0
31;150;5;0.0
31;150;6;0.0
31;150;7;0.0
31;150;8;0.0
32;150;1;0.0
32;150;2;0.0
32;150;3;0.0
32;150;4;0.0
32;150;5;0.0
32;150;6;0.0
32;150;7;0.0
32;150;8;0.0
33;150;1;0.0
33;150;2;0.0
33;150;3;0.0
33;150;4;0.0
33;150;5;0.0
33;150;6;0.0
33;150;7;0.0
33;150;8;0.0
34;150;1;0.0
34;150;2;0.0
34;150;3;0.0
34;150;4;0.0
34;150;5;0.0
34;150;6;0.0
34;150;7;0.0
34;150;8;0.0
35;150;1;0.0
35;150;2;0.0
35;150;3;0.0
35;150;4;0.0
35;150;5;0.0
35;150;6;0.0
35;150;7;0.0
35;150;8;0.0
36;150;1;0.0
36;150;2;0.0
36;150;3;0.0
36;150;4;0.0
36;150;5;0.0
36;150;6;0.0
36;150;7;0.0
36;150;8;0.0
37;150;1;0.0
37;150;2;0.0
37;150;3;0.0
37;150;4;0.0
37;150;5;0.0
37;150;6;0.0
37;150;7;0.0
37;150;8;0.0
38;150;1;0.0
38;150;2;0.0
38;150;3;0.0
38;150;4;0.0
38;150;5;0.0
38;150;6;0.0
38;150;7;0.0
38;150;8;0.0
39;150;1;0.0
39;150;2;0.0
39;150;3;0.0
39;150;4;0.0
39;150;5;0.0
39;150;6;0.0
39;150;7;0.0
39;150;8;0.0
40;150;1;0.0
40;150;2;0.0
40;150;3;0.0
40;150;4;0.0
40;150;5;0.0
40;150;6;0.0
40;150;7;0.0
40;150;8;0.0
41;150;1;0.0
41;150;2;0.0
41;150;3;0.0
41;150;4;0.0
41;150;5;0.0
41;150;6;0.0
41;150;7;0.0
41;150;8;0.0
42;150;1;0.0
42;150;2;0.0
42;150;3;0.0
42;150;4;0.0
42;150;5;0.0
42;150;6;0.0
42;150;7;0.0
42;150;8;0.0
43;150;1;0.0
43;150;2;0.0
43;150;3;0.0
43;150;4;0.0
43;150;5;0.0
43;150;6;0.0
43;150;7;0.0
43;150;8;0.0
44;150;1;0.0
44;150;2;0.0
44;150;3;0.0
44;150;4;0.0
44;150;5;0.0
44;150;6;0.0
44;150;7;0.0
44;150;8;0.0
45;150;1;0.0
45;150;2;0.0
45;150;3;0.0
45;150;4;0.0
45;150;5;0.0
45;150;6;0.0
45;150;7;0.0
45;150;8;0.0
46;150;1;0.0
46;150;2;0.0
46;150;3;0.0
46;150;4;0.0
46;150;5;0.0
46;150;6;0.0
46;150;7;0.0
46;150;8;0.0
47;150;1;-3.658467850888431e-17
47;150;2;-3.658467850888431e-17
47;150;3;-1.1827993391406515e-16
47;150;4;-1.2913842466253734e-12
47;150;5;-3.658467850888431e-17
47;150;6;-3.658467850888431e-17
47;150;7;-3.658467850888431e-17
47;150;8;-3.658467850888431e-17
48;150;1;0.0
48;150;2;0.0
48;150;3;0.0
48;150;4;0.0
48;150;5;0.0
48;150;6;0.0
48;150;7;0.0
48;150;8;0.0
49;150;1;0.0
49;150;2;0.0
49;150;3;0.0
49;150;4;0.0
49;150;5;0.0
49;150;6;0.0
49;150;7;0.0
49;150;8;0.0
50;150;1;0.0
50;150;2;0.0
50;150;3;0.0
50;150;4;0.0
50;150;5;0.0
50;150;6;0.0
50;150;7;0.0
50;150;8;0.0
51;150;1;0.0
51;150;2;0.0
51;150;3;0.0
51;150;4;0.0
51;150;5;0.0
51;150;6;0.0
51;150;7;0.0
51;150;8;0.0
52;150;1;0.0
52;150;2;0.0
52;150;3;0.0
52;150;4;-2.6723954616006657e-13
52;150;5;0.0
52;150;6;0.0
52;150;7;0.0
52;150;8;0.0
53;150;1;0.0
53;150;2;0.0
53;150;3;0.0
53;150;4;0.0
53;150;5;0.0
53;150;6;0.0
53;150;7;0.0
53;150;8;0.0
54;150;1;0.0
54;150;2;0.0
54;150;3;0.0
54;150;4;-7.893927930106499e-15
54;150;5;0.0
54;150;6;0.0
54;150;7;0.0
54;150;8;0.0
55;150;1;0.0
55;150;2;0.0
55;150;3;0.0
55;150;4;0.0
55;150;5;0.0
55;150;6;0.0
55;150;7;0.0
55;150;8;0.0
56;150;1;0.0
56;150;2;0.0
56;150;3;0.0
56;150;4;0.0
56;150;5;0.0
56;150;6;0.0
56;150;7;0.0
56;150;8;0.0
57;150;1;0.0
57;150;2;0.0
57;150;3;0.0
57;150;4;0.0
57;150;5;0.0
57;150;6;0.0
57;150;7;0.0
57;150;8;0.0
58;150;1;0.0
58;150;2;0.0
58;150;3;0.0
58;150;4;0.0
58;150;5;0.0
58;150;6;0.0
58;150;7;0.0
58;150;8;0.0
59;150;1;0.0
59;150;2;0.0
59;150;3;0.0
59;150;4;0.0
59;150;5;0.0
59;150;6;0.0
59;150;7;0.0
59;150;8;0.0
1;151;1;0.0
1;151;2;0.0
1;151;3;0.0
1;151;4;0.0
1;151;5;0.0
1;151;6;0.0
1;151;7;0.0
1;151;8;0.0
2;151;1;0.0
2;151;2;0.0
2;151;3;0.0
2;151;4;0.0
2;151;5;0.0
2;151;6;0.0
2;151;7;0.0
2;151;8;0.0
3;151;1;0.0
3;151;2;0.0
3;151;3;0.0
3;151;4;0.0
3;151;5;0.0
3;151;6;0.0
3;151;7;0.0
3;151;8;0.0
4;151;1;0.0
4;151;2;0.0
4;151;3;0.0
4;151;4;0.0
4;151;5;0.0
4;151;6;0.0
4;151;7;0.0
4;151;8;0.0
5;151;1;0.0
5;151;2;0.0
5;151;3;0.0
5;151;4;0.0
5;151;5;0.0
5;151;6;0.0
5;151;7;0.0
5;151;8;0.0
6;151;1;0.0
6;151;2;0.0
6;151;3;0.0
6;151;4;0.0
6;151;5;0.0
6;151;6;0.0
6;151;7;0.0
6;151;8;0.0
7;151;1;0.0
7;151;2;0.0
7;151;3;0.0
7;151;4;0.0
7;151;5;0.0
7;151;6;0.0
7;151;7;0.0
7;151;8;0.0
8;151;1;0.0
8;151;2;0.0
8;151;3;0.0
8;151;4;0.0
8;151;5;0.0
8;151;6;0.0
8;151;7;0.0
8;151;8;0.0
9;151;1;0.0
9;151;2;0.0
9;151;3;0.0
9;151;4;0.0
9;151;5;0.0
9;151;6;0.0
9;151;7;0.0
9;151;8;0.0
10;151;1;0.0
10;151;2;0.0
10;151;3;0.0
10;151;4;0.0
10;151;5;0.0
10;151;6;0.0
10;151;7;0.0
10;151;8;0.0
11;151;1;0.0
11;151;2;0.0
11;151;3;0.0
11;151;4;0.0
11;151;5;0.0
11;151;6;0.0
11;151;7;0.0
11;151;8;0.0
12;151;1;0.0
12;151;2;0.0
12;151;3;0.0
12;151;4;0.0
12;151;5;0.0
12;151;6;0.0
12;151;7;0.0
12;151;8;0.0
13;151;1;0.0
13;151;2;0.0
13;151;3;0.0
13;151;4;0.0
13;151;5;0.0
13;151;6;0.0
13;151;7;0.0
13;151;8;0.0
14;151;1;0.0
14;151;2;0.0
14;151;3;0.0
14;151;4;0.0
14;151;5;0.0
14;151;6;0.0
14;151;7;0.0
14;151;8;0.0
15;151;1;0.0
15;151;2;0.0
15;151;3;0.0
15;151;4;0.0
15;151;5;0.0
15;151;6;0.0
15;151;7;0.0
15;151;8;0.0
16;151;1;0.0
16;151;2;0.0
16;151;3;0.0
16;151;4;0.0
16;151;5;0.0
16;151;6;0.0
16;151;7;0.0
16;151;8;0.0
17;151;1;-2.0317983521745534e-17
17;151;2;-2.0317983521745534e-17
17;151;3;-6.34320698539889e-17
17;151;4;-2.972480085816272e-11
17;151;5;-2.0317983521745534e-17
17;151;6;-2.0317983521745534e-17
17;151;7;-2.0317983521745534e-17
17;151;8;-2.0317983521745534e-17
18;151;1;0.0
18;151;2;0.0
18;151;3;0.0
18;151;4;0.0
18;151;5;0.0
18;151;6;0.0
18;151;7;0.0
18;151;8;0.0
19;151;1;0.0
19;151;2;0.0
19;151;3;0.0
19;151;4;0.0
19;151;5;0.0
19;151;6;0.0
19;151;7;0.0
19;151;8;0.0
20;151;1;0.0
20;151;2;0.0
20;151;3;-3.105397469480673e-17
20;151;4;0.0
20;151;5;0.0
20;151;6;0.0
20;151;7;0.0
20;151;8;0.0
21;151;1;-2.5399176988305106e-17
21;151;2;-2.5399176988305106e-17
21;151;3;-7.1450343977835e-17
21;151;4;-0.9999999981826438
21;151;5;-2.5399176988305106e-17
21;151;6;-2.5399176988305106e-17
21;151;7;-2.5399176988305106e-17
21;151;8;-2.5399176988305106e-17
22;151;1;-5.788629875507071e-17
22;151;2;-5.788629875507071e-17
22;151;3;-1.4705605727708683e-16
22;151;4;-1.79593584448412e-09
22;151;5;-5.788629875507071e-17
22;151;6;-5.788629875507071e-17
22;151;7;-5.788629875507071e-17
22;151;8;-5.788629875507071e-17
23;151;1;0.0
23;151;2;0.0
23;151;3;0.0
23;151;4;0.0
23;151;5;0.0
23;151;6;0.0
23;151;7;0.0
23;151;8;0.0
24;151;1;0.0
24;151;2;0.0
24;151;3;0.0
24;151;4;0.0
24;151;5;0.0
24;151;6;0.0
24;151;7;0.0
24;151;8;0.0
25;151;1;0.0
25;151;2;0.0
25;151;3;0.0
25;151;4;0.0
25;151;5;0.0
25;151;6;0.0
25;151;7;0.0
25;151;8;0.0
26;151;1;0.0
26;151;2;0.0
26;151;3;0.0
26;151;4;0.0
26;151;5;0.0
26;151;6;0.0
26;151;7;0.0
26;151;8;0.0
27;151;1;0.0
27;151;2;0.0
27;151;3;0.0
27;151;4;0.0
27;151;5;0.0
27;151;6;0.0
27;151;7;0.0
27;151;8;0.0
28;151;1;0.0
28;151;2;0.0
28;151;3;0.0
28;151;4;0.0
28;151;5;0.0
28;151;6;0.0
28;151;7;0.0
28;151;8;0.0
29;151;1;0.0
29;151;2;0.0
29;151;3;0.0
29;151;4;0.0
29;151;5;0.0
29;151;6;0.0
29;151;7;0.0
29;151;8;0.0
30;151;1;0.0
30;151;2;0.0
30;151;3;0.0
30;151;4;0.0
30;151;5;0.0
30;151;6;0.0
30;151;7;0.0
30;151;8;0.0
31;151;1;0.0
31;151;2;0.0
31;151;3;0.0
31;151;4;0.0
31;151;5;0.0
31;151;6;0.0
31;151;7;0.0
31;151;8;0.0
32;151;1;0.0
32;151;2;0.0
32;151;3;0.0
32;151;4;0.0
32;151;5;0.0
32;151;6;0.0
32;151;7;0.0
32;151;8;0.0
33;151;1;0.0
33;151;2;0.0
33;151;3;0.0
33;151;4;0.0
33;151;5;0.0
33;151;6;0.0
33;151;7;0.0
33;151;8;0.0
34;151;1;0.0
34;151;2;0.0
34;151;3;0.0
34;151;4;0.0
34;151;5;0.0
34;151;6;0.0
34;151;7;0.0
34;151;8;0.0
35;151;1;0.0
35;151;2;0.0
35;151;3;0.0
35;151;4;0.0
35;151;5;0.0
35;151;6;0.0
35;151;7;0.0
35;151;8;0.0
36;151;1;0.0
36;151;2;0.0
36;151;3;0.0
36;151;4;0.0
36;151;5;0.0
36;151;6;0.0
36;151;7;0.0
36;151;8;0.0
37;151;1;0.0
37;151;2;0.0
37;151;3;0.0
37;151;4;0.0
37;151;5;0.0
37;151;6;0.0
37;151;7;0.0
37;151;8;0.0
38;151;1;0.0
38;151;2;0.0
38;151;3;0.0
38;151;4;0.0
38;151;5;0.0
38;151;6;0.0
38;151;7;0.0
38;151;8;0.0
39;151;1;0.0
39;151;2;0.0
39;151;3;0.0
39;151;4;0.0
39;151;5;0.0
39;151;6;0.0
39;151;7;0.0
39;151;8;0.0
40;151;1;0.0
40;151;2;0.0
40;151;3;0.0
40;151;4;0.0
40;151;5;0.0
40;151;6;0.0
40;151;7;0.0
40;151;8;0.0
41;151;1;0.0
41;151;2;0.0
41;151;3;0.0
41;151;4;0.0
41;151;5;0.0
41;151;6;0.0
41;151;7;0.0
41;151;8;0.0
42;151;1;0.0
42;151;2;0.0
42;151;3;0.0
42;151;4;0.0
42;151;5;0.0
42;151;6;0.0
42;151;7;0.0
42;151;8;0.0
43;151;1;0.0
43;151;2;0.0
43;151;3;0.0
43;151;4;0.0
43;151;5;0.0
43;151;6;0.0
43;151;7;0.0
43;151;8;0.0
44;151;1;0.0
44;151;2;0.0
44;151;3;0.0
44;151;4;0.0
44;151;5;0.0
44;151;6;0.0
44;151;7;0.0
44;151;8;0.0
45;151;1;0.0
45;151;2;0.0
45;151;3;0.0
45;151;4;0.0
45;151;5;0.0
45;151;6;0.0
45;151;7;0.0
45;151;8;0.0
46;151;1;0.0
46;151;2;0.0
46;151;3;0.0
46;151;4;0.0
46;151;5;0.0
46;151;6;0.0
46;151;7;0.0
46;151;8;0.0
47;151;1;-4.8261749443723097e-17
47;151;2;-4.8261749443723097e-17
47;151;3;-1.383823200990944e-16
47;151;4;-1.2616258840134573e-12
47;151;5;-4.8261749443723097e-17
47;151;6;-4.8261749443723097e-17
47;151;7;-4.8261749443723097e-17
47;151;8;-4.8261749443723097e-17
48;151;1;0.0
48;151;2;0.0
48;151;3;0.0
48;151;4;0.0
48;151;5;0.0
48;151;6;0.0
48;151;7;0.0
48;151;8;0.0
49;151;1;0.0
49;151;2;0.0
49;151;3;0.0
49;151;4;0.0
49;151;5;0.0
49;151;6;0.0
49;151;7;0.0
49;151;8;0.0
50;151;1;0.0
50;151;2;0.0
50;151;3;0.0
50;151;4;0.0
50;151;5;0.0
50;151;6;0.0
50;151;7;0.0
50;151;8;0.0
51;151;1;0.0
51;151;2;0.0
51;151;3;0.0
51;151;4;0.0
51;151;5;0.0
51;151;6;0.0
51;151;7;0.0
51;151;8;0.0
52;151;1;0.0
52;151;2;0.0
52;151;3;0.0
52;151;4;-2.691306064382553e-13
52;151;5;0.0
52;151;6;0.0
52;151;7;0.0
52;151;8;0.0
53;151;1;0.0
53;151;2;0.0
53;151;3;0.0
53;151;4;0.0
53;151;5;0.0
53;151;6;0.0
53;151;7;0.0
53;151;8;0.0
54;151;1;0.0
54;151;2;0.0
54;151;3;0.0
54;151;4;-7.551393521298798e-15
54;151;5;0.0
54;151;6;0.0
54;151;7;0.0
54;151;8;0.0
55;151;1;0.0
55;151;2;0.0
55;151;3;0.0
55;151;4;0.0
55;151;5;0.0
55;151;6;0.0
55;151;7;0.0
55;151;8;0.0
56;151;1;0.0
56;151;2;0.0
56;151;3;0.0
56;151;4;0.0
56;151;5;0.0
56;151;6;0.0
56;151;7;0.0
56;151;8;0.0
57;151;1;0.0
57;151;2;0.0
57;151;3;0.0
57;151;4;0.0
57;151;5;0.0
57;151;6;0.0
57;151;7;0.0
57;151;8;0.0
58;151;1;0.0
58;151;2;0.0
58;151;3;0.0
58;151;4;0.0
58;151;5;0.0
58;151;6;0.0
58;151;7;0.0
58;151;8;0.0
59;151;1;0.0
59;151;2;0.0
59;151;3;0.0
59;151;4;0.0
59;151;5;0.0
59;151;6;0.0
59;151;7;0.0
59;151;8;0.0
1;152;1;0.0
1;152;2;0.0
1;152;3;0.0
1;152;4;0.0
1;152;5;0.0
1;152;6;0.0
1;152;7;0.0
1;152;8;0.0
2;152;1;0.0
2;152;2;0.0
2;152;3;0.0
2;152;4;0.0
2;152;5;0.0
2;152;6;0.0
2;152;7;0.0
2;152;8;0.0
3;152;1;0.0
3;152;2;0.0
3;152;3;0.0
3;152;4;0.0
3;152;5;0.0
3;152;6;0.0
3;152;7;0.0
3;152;8;0.0
4;152;1;0.0
4;152;2;0.0
4;152;3;0.0
4;152;4;0.0
4;152;5;0.0
4;152;6;0.0
4;152;7;0.0
4;152;8;0.0
5;152;1;0.0
5;152;2;0.0
5;152;3;0.0
5;152;4;0.0
5;152;5;0.0
5;152;6;0.0
5;152;7;0.0
5;152;8;0.0
6;152;1;0.0
6;152;2;0.0
6;152;3;0.0
6;152;4;0.0
6;152;5;0.0
6;152;6;0.0
6;152;7;0.0
6;152;8;0.0
7;152;1;0.0
7;152;2;0.0
7;152;3;0.0
7;152;4;0.0
7;152;5;0.0
7;152;6;0.0
7;152;7;0.0
7;152;8;0.0
8;152;1;0.0
8;152;2;0.0
8;152;3;0.0
8;152;4;0.0
8;152;5;0.0
8;152;6;0.0
8;152;7;0.0
8;152;8;0.0
9;152;1;0.0
9;152;2;0.0
9;152;3;0.0
9;152;4;0.0
9;152;5;0.0
9;152;6;0.0
9;152;7;0.0
9;152;8;0.0
10;152;1;0.0
10;152;2;0.0
10;152;3;0.0
10;152;4;0.0
10;152;5;0.0
10;152;6;0.0
10;152;7;0.0
10;152;8;0.0
11;152;1;0.0
11;152;2;0.0
11;152;3;0.0
11;152;4;0.0
11;152;5;0.0
11;152;6;0.0
11;152;7;0.0
11;152;8;0.0
12;152;1;0.0
12;152;2;0.0
12;152;3;0.0
12;152;4;0.0
12;152;5;0.0
12;152;6;0.0
12;152;7;0.0
12;152;8;0.0
13;152;1;0.0
13;152;2;0.0
13;152;3;0.0
13;152;4;0.0
13;152;5;0.0
13;152;6;0.0
13;152;7;0.0
13;152;8;0.0
14;152;1;0.0
14;152;2;0.0
14;152;3;0.0
14;152;4;0.0
14;152;5;0.0
14;152;6;0.0
14;152;7;0.0
14;152;8;0.0
15;152;1;0.0
15;152;2;0.0
15;152;3;0.0
15;152;4;0.0
15;152;5;0.0
15;152;6;0.0
15;152;7;0.0
15;152;8;0.0
16;152;1;0.0
16;152;2;0.0
16;152;3;0.0
16;152;4;0.0
16;152;5;0.0
16;152;6;0.0
16;152;7;0.0
16;152;8;0.0
17;152;1;-3.0556411384400503e-17
17;152;2;-3.0556411384400503e-17
17;152;3;-8.858947846885039e-17
17;152;4;-1.0000000000144214
17;152;5;-3.0556411384400503e-17
17;152;6;-3.0556411384400503e-17
17;152;7;-3.0556411384400503e-17
17;152;8;-3.0556411384400503e-17
18;152;1;0.0
18;152;2;0.0
18;152;3;0.0
18;152;4;0.0
18;152;5;0.0
18;152;6;0.0
18;152;7;0.0
18;152;8;0.0
19;152;1;0.0
19;152;2;0.0
19;152;3;0.0
19;152;4;0.0
19;152;5;0.0
19;152;6;0.0
19;152;7;0.0
19;152;8;0.0
20;152;1;0.0
20;152;2;0.0
20;152;3;4.551185188106822e-16
20;152;4;0.0
20;152;5;0.0
20;152;6;0.0
20;152;7;0.0
20;152;8;0.0
21;152;1;-4.4474956408809736e-17
21;152;2;-4.4474956408809736e-17
21;152;3;-1.1111156830526099e-16
21;152;4;-6.004096093773399e-13
21;152;5;-4.4474956408809736e-17
21;152;6;-4.4474956408809736e-17
21;152;7;-4.4474956408809736e-17
21;152;8;-4.4474956408809736e-17
22;152;1;-8.856721732392377e-17
22;152;2;-8.856721732392377e-17
22;152;3;-3.5121687188762107e-16
22;152;4;-3.028688411177427e-13
22;152;5;-8.856721732392377e-17
22;152;6;-8.856721732392377e-17
22;152;7;-8.856721732392377e-17
22;152;8;-8.856721732392377e-17
23;152;1;0.0
23;152;2;0.0
23;152;3;0.0
23;152;4;0.0
23;152;5;0.0
23;152;6;0.0
23;152;7;0.0
23;152;8;0.0
24;152;1;0.0
24;152;2;0.0
24;152;3;0.0
24;152;4;0.0
24;152;5;0.0
24;152;6;0.0
24;152;7;0.0
24;152;8;0.0
25;152;1;0.0
25;152;2;0.0
25;152;3;0.0
25;152;4;0.0
25;152;5;0.0
25;152;6;0.0
25;152;7;0.0
25;152;8;0.0
26;152;1;0.0
26;152;2;0.0
26;152;3;0.0
26;152;4;0.0
26;152;5;0.0
26;152;6;0.0
26;152;7;0.0
26;152;8;0.0
27;152;1;0.0
27;152;2;0.0
27;152;3;0.0
27;152;4;0.0
27;152;5;0.0
27;152;6;0.0
27;152;7;0.0
27;152;8;0.0
28;152;1;0.0
28;152;2;0.0
28;152;3;0.0
28;152;4;0.0
28;152;5;0.0
28;152;6;0.0
28;152;7;0.0
28;152;8;0.0
29;152;1;0.0
29;152;2;0.0
29;152;3;0.0
29;152;4;0.0
29;152;5;0.0
29;152;6;0.0
29;152;7;0.0
29;152;8;0.0
30;152;1;0.0
30;152;2;0.0
30;152;3;0.0
30;152;4;0.0
30;152;5;0.0
30;152;6;0.0
30;152;7;0.0
30;152;8;0.0
31;152;1;0.0
31;152;2;0.0
31;152;3;0.0
31;152;4;0.0
31;152;5;0.0
31;152;6;0.0
31;152;7;0.0
31;152;8;0.0
32;152;1;0.0
32;152;2;0.0
32;152;3;0.0
32;152;4;0.0
32;152;5;0.0
32;152;6;0.0
32;152;7;0.0
32;152;8;0.0
33;152;1;0.0
33;152;2;0.0
33;152;3;0.0
33;152;4;0.0
33;152;5;0.0
33;152;6;0.0
33;152;7;0.0
33;152;8;0.0
34;152;1;0.0
34;152;2;0.0
34;152;3;0.0
34;152;4;0.0
34;152;5;0.0
34;152;6;0.0
34;152;7;0.0
34;152;8;0.0
35;152;1;0.0
35;152;2;0.0
35;152;3;0.0
35;152;4;0.0
35;152;5;0.0
35;152;6;0.0
35;152;7;0.0
35;152;8;0.0
36;152;1;0.0
36;152;2;0.0
36;152;3;0.0
36;152;4;0.0
36;152;5;0.0
36;152;6;0.0
36;152;7;0.0
36;152;8;0.0
37;152;1;0.0
37;152;2;0.0
37;152;3;0.0
37;152;4;0.0
37;152;5;0.0
37;152;6;0.0
37;152;7;0.0
37;152;8;0.0
38;152;1;0.0
38;152;2;0.0
38;152;3;0.0
38;152;4;0.0
38;152;5;0.0
38;152;6;0.0
38;152;7;0.0
38;152;8;0.0
39;152;1;0.0
39;152;2;0.0
39;152;3;0.0
39;152;4;0.0
39;152;5;0.0
39;152;6;0.0
39;152;7;0.0
39;152;8;0.0
40;152;1;0.0
40;152;2;0.0
40;152;3;0.0
40;152;4;0.0
40;152;5;0.0
40;152;6;0.0
40;152;7;0.0
40;152;8;0.0
41;152;1;0.0
41;152;2;0.0
41;152;3;0.0
41;152;4;0.0
41;152;5;0.0
41;152;6;0.0
41;152;7;0.0
41;152;8;0.0
42;152;1;0.0
42;152;2;0.0
42;152;3;0.0
42;152;4;0.0
42;152;5;0.0
42;152;6;0.0
42;152;7;0.0
42;152;8;0.0
43;152;1;0.0
43;152;2;0.0
43;152;3;0.0
43;152;4;0.0
43;152;5;0.0
43;152;6;0.0
43;152;7;0.0
43;152;8;0.0
44;152;1;0.0
44;152;2;0.0
44;152;3;0.0
44;152;4;0.0
44;152;5;0.0
44;152;6;0.0
44;152;7;0.0
44;152;8;0.0
45;152;1;0.0
45;152;2;0.0
45;152;3;0.0
45;152;4;0.0
45;152;5;0.0
45;152;6;0.0
45;152;7;0.0
45;152;8;0.0
46;152;1;0.0
46;152;2;0.0
46;152;3;0.0
46;152;4;0.0
46;152;5;0.0
46;152;6;0.0
46;152;7;0.0
46;152;8;0.0
47;152;1;-7.472264922365366e-17
47;152;2;-7.472264922365366e-17
47;152;3;-2.0255785795823103e-16
47;152;4;-5.968448219469798e-13
47;152;5;-7.472264922365366e-17
47;152;6;-7.472264922365366e-17
47;152;7;-7.472264922365366e-17
47;152;8;-7.472264922365366e-17
48;152;1;0.0
48;152;2;0.0
48;152;3;0.0
48;152;4;0.0
48;152;5;0.0
48;152;6;0.0
48;152;7;0.0
48;152;8;0.0
49;152;1;0.0
49;152;2;0.0
49;152;3;0.0
49;152;4;0.0
49;152;5;0.0
49;152;6;0.0
49;152;7;0.0
49;152;8;0.0
50;152;1;0.0
50;152;2;0.0
50;152;3;0.0
50;152;4;0.0
50;152;5;0.0
50;152;6;0.0
50;152;7;0.0
50;152;8;0.0
51;152;1;0.0
51;152;2;0.0
51;152;3;0.0
51;152;4;0.0
51;152;5;0.0
51;152;6;0.0
51;152;7;0.0
51;152;8;0.0
52;152;1;0.0
52;152;2;0.0
52;152;3;0.0
52;152;4;-2.8991615230161535e-13
52;152;5;0.0
52;152;6;0.0
52;152;7;0.0
52;152;8;0.0
53;152;1;0.0
53;152;2;0.0
53;152;3;0.0
53;152;4;0.0
53;152;5;0.0
53;152;6;0.0
53;152;7;0.0
53;152;8;0.0
54;152;1;0.0
54;152;2;0.0
54;152;3;0.0
54;152;4;7.505107646466058e-13
54;152;5;0.0
54;152;6;0.0
54;152;7;0.0
54;152;8;0.0
55;152;1;0.0
55;152;2;0.0
55;152;3;0.0
55;152;4;0.0
55;152;5;0.0
55;152;6;0.0
55;152;7;0.0
55;152;8;0.0
56;152;1;0.0
56;152;2;0.0
56;152;3;0.0
56;152;4;0.0
56;152;5;0.0
56;152;6;0.0
56;152;7;0.0
56;152;8;0.0
57;152;1;0.0
57;152;2;0.0
57;152;3;0.0
57;152;4;0.0
57;152;5;0.0
57;152;6;0.0
57;152;7;0.0
57;152;8;0.0
58;152;1;0.0
58;152;2;0.0
58;152;3;0.0
58;152;4;0.0
58;152;5;0.0
58;152;6;0.0
58;152;7;0.0
58;152;8;0.0
59;152;1;0.0
59;152;2;0.0
59;152;3;0.0
59;152;4;0.0
59;152;5;0.0
59;152;6;0.0
59;152;7;0.0
59;152;8;0.0
1;153;1;0.0
1;153;2;0.0
1;153;3;0.0
1;153;4;0.0
1;153;5;0.0
1;153;6;0.0
1;153;7;0.0
1;153;8;0.0
2;153;1;0.0
2;153;2;0.0
2;153;3;0.0
2;153;4;0.0
2;153;5;0.0
2;153;6;0.0
2;153;7;0.0
2;153;8;0.0
3;153;1;0.0
3;153;2;0.0
3;153;3;0.0
3;153;4;0.0
3;153;5;0.0
3;153;6;0.0
3;153;7;0.0
3;153;8;0.0
4;153;1;0.0
4;153;2;0.0
4;153;3;0.0
4;153;4;0.0
4;153;5;0.0
4;153;6;0.0
4;153;7;0.0
4;153;8;0.0
5;153;1;0.0
5;153;2;0.0
5;153;3;0.0
5;153;4;0.0
5;153;5;0.0
5;153;6;0.0
5;153;7;0.0
5;153;8;0.0
6;153;1;0.0
6;153;2;0.0
6;153;3;0.0
6;153;4;0.0
6;153;5;0.0
6;153;6;0.0
6;153;7;0.0
6;153;8;0.0
7;153;1;0.0
7;153;2;0.0
7;153;3;0.0
7;153;4;0.0
7;153;5;0.0
7;153;6;0.0
7;153;7;0.0
7;153;8;0.0
8;153;1;0.0
8;153;2;0.0
8;153;3;0.0
8;153;4;0.0
8;153;5;0.0
8;153;6;0.0
8;153;7;0.0
8;153;8;0.0
9;153;1;0.0
9;153;2;0.0
9;153;3;0.0
9;153;4;0.0
9;153;5;0.0
9;153;6;0.0
9;153;7;0.0
9;153;8;0.0
10;153;1;0.0
10;153;2;0.0
10;153;3;0.0
10;153;4;0.0
10;153;5;0.0
10;153;6;0.0
10;153;7;0.0
10;153;8;0.0
11;153;1;0.0
11;153;2;0.0
11;153;3;0.0
11;153;4;0.0
11;153;5;0.0
11;153;6;0.0
11;153;7;0.0
11;153;8;0.0
12;153;1;0.0
12;153;2;0.0
12;153;3;0.0
12;153;4;0.0
12;153;5;0.0
12;153;6;0.0
12;153;7;0.0
12;153;8;0.0
13;153;1;0.0
13;153;2;0.0
13;153;3;0.0
13;153;4;0.0
13;153;5;0.0
13;153;6;0.0
13;153;7;0.0
13;153;8;0.0
14;153;1;0.0
14;153;2;0.0
14;153;3;0.0
14;153;4;0.0
14;153;5;0.0
14;153;6;0.0
14;153;7;0.0
14;153;8;0.0
15;153;1;0.0
15;153;2;0.0
15;153;3;0.0
15;153;4;0.0
15;153;5;0.0
15;153;6;0.0
15;153;7;0.0
15;153;8;0.0
16;153;1;0.0
16;153;2;0.0
16;153;3;0.0
16;153;4;0.0
16;153;5;0.0
16;153;6;0.0
16;153;7;0.0
16;153;8;0.0
17;153;1;0.0
17;153;2;0.0
17;153;3;0.0
17;153;4;-0.9999999996278892
17;153;5;0.0
17;153;6;0.0
17;153;7;0.0
17;153;8;0.0
18;153;1;0.0
18;153;2;0.0
18;153;3;0.0
18;153;4;0.0
18;153;5;0.0
18;153;6;0.0
18;153;7;0.0
18;153;8;0.0
19;153;1;0.0
19;153;2;0.0
19;153;3;0.0
19;153;4;0.0
19;153;5;0.0
19;153;6;0.0
19;153;7;0.0
19;153;8;0.0
20;153;1;0.0
20;153;2;0.0
20;153;3;0.0
20;153;4;0.0
20;153;5;0.0
20;153;6;0.0
20;153;7;0.0
20;153;8;0.0
21;153;1;0.0
21;153;2;0.0
21;153;3;0.0
21;153;4;-2.651367960903308e-13
21;153;5;0.0
21;153;6;0.0
21;153;7;0.0
21;153;8;0.0
22;153;1;0.0
22;153;2;0.0
22;153;3;0.0
22;153;4;-5.062616992290714e-14
22;153;5;0.0
22;153;6;0.0
22;153;7;0.0
22;153;8;0.0
23;153;1;0.0
23;153;2;0.0
23;153;3;0.0
23;153;4;0.0
23;153;5;0.0
23;153;6;0.0
23;153;7;0.0
23;153;8;0.0
24;153;1;0.0
24;153;2;0.0
24;153;3;0.0
24;153;4;0.0
24;153;5;0.0
24;153;6;0.0
24;153;7;0.0
24;153;8;0.0
25;153;1;0.0
25;153;2;0.0
25;153;3;0.0
25;153;4;0.0
25;153;5;0.0
25;153;6;0.0
25;153;7;0.0
25;153;8;0.0
26;153;1;0.0
26;153;2;0.0
26;153;3;0.0
26;153;4;0.0
26;153;5;0.0
26;153;6;0.0
26;153;7;0.0
26;153;8;0.0
27;153;1;0.0
27;153;2;0.0
27;153;3;0.0
27;153;4;0.0
27;153;5;0.0
27;153;6;0.0
27;153;7;0.0
27;153;8;0.0
28;153;1;0.0
28;153;2;0.0
28;153;3;0.0
28;153;4;0.0
28;153;5;0.0
28;153;6;0.0
28;153;7;0.0
28;153;8;0.0
29;153;1;0.0
29;153;2;0.0
29;153;3;0.0
29;153;4;0.0
29;153;5;0.0
29;153;6;0.0
29;153;7;0.0
29;153;8;0.0
30;153;1;0.0
30;153;2;0.0
30;153;3;0.0
30;153;4;0.0
30;153;5;0.0
30;153;6;0.0
30;153;7;0.0
30;153;8;0.0
31;153;1;0.0
31;153;2;0.0
31;153;3;0.0
31;153;4;0.0
31;153;5;0.0
31;153;6;0.0
31;153;7;0.0
31;153;8;0.0
32;153;1;0.0
32;153;2;0.0
32;153;3;0.0
32;153;4;0.0
32;153;5;0.0
32;153;6;0.0
32;153;7;0.0
32;153;8;0.0
33;153;1;0.0
33;153;2;0.0
33;153;3;0.0
33;153;4;0.0
33;153;5;0.0
33;153;6;0.0
33;153;7;0.0
33;153;8;0.0
34;153;1;0.0
34;153;2;0.0
34;153;3;0.0
34;153;4;0.0
34;153;5;0.0
34;153;6;0.0
34;153;7;0.0
34;153;8;0.0
35;153;1;0.0
35;153;2;0.0
35;153;3;0.0
35;153;4;0.0
35;153;5;0.0
35;153;6;0.0
35;153;7;0.0
35;153;8;0.0
36;153;1;0.0
36;153;2;0.0
36;153;3;0.0
36;153;4;0.0
36;153;5;0.0
36;153;6;0.0
36;153;7;0.0
36;153;8;0.0
37;153;1;0.0
37;153;2;0.0
37;153;3;0.0
37;153;4;0.0
37;153;5;0.0
37;153;6;0.0
37;153;7;0.0
37;153;8;0.0
38;153;1;0.0
38;153;2;0.0
38;153;3;0.0
38;153;4;0.0
38;153;5;0.0
38;153;6;0.0
38;153;7;0.0
38;153;8;0.0
39;153;1;0.0
39;153;2;0.0
39;153;3;0.0
39;153;4;0.0
39;153;5;0.0
39;153;6;0.0
39;153;7;0.0
39;153;8;0.0
40;153;1;0.0
40;153;2;0.0
40;153;3;0.0
40;153;4;0.0
40;153;5;0.0
40;153;6;0.0
40;153;7;0.0
40;153;8;0.0
41;153;1;0.0
41;153;2;0.0
41;153;3;0.0
41;153;4;0.0
41;153;5;0.0
41;153;6;0.0
41;153;7;0.0
41;153;8;0.0
42;153;1;0.0
42;153;2;0.0
42;153;3;0.0
42;153;4;0.0
42;153;5;0.0
42;153;6;0.0
42;153;7;0.0
42;153;8;0.0
43;153;1;0.0
43;153;2;0.0
43;153;3;0.0
43;153;4;0.0
43;153;5;0.0
43;153;6;0.0
43;153;7;0.0
43;153;8;0.0
44;153;1;0.0
44;153;2;0.0
44;153;3;0.0
44;153;4;0.0
44;153;5;0.0
44;153;6;0.0
44;153;7;0.0
44;153;8;0.0
45;153;1;0.0
45;153;2;0.0
45;153;3;0.0
45;153;4;0.0
45;153;5;0.0
45;153;6;0.0
45;153;7;0.0
45;153;8;0.0
46;153;1;0.0
46;153;2;0.0
46;153;3;0.0
46;153;4;0.0
46;153;5;0.0
46;153;6;0.0
46;153;7;0.0
46;153;8;0.0
47;153;1;0.0
47;153;2;0.0
47;153;3;0.0
47;153;4;-3.714490332417134e-10
47;153;5;0.0
47;153;6;0.0
47;153;7;0.0
47;153;8;0.0
48;153;1;0.0
48;153;2;0.0
48;153;3;0.0
48;153;4;0.0
48;153;5;0.0
48;153;6;0.0
48;153;7;0.0
48;153;8;0.0
49;153;1;0.0
49;153;2;0.0
49;153;3;0.0
49;153;4;0.0
49;153;5;0.0
49;153;6;0.0
49;153;7;0.0
49;153;8;0.0
50;153;1;0.0
50;153;2;0.0
50;153;3;0.0
50;153;4;0.0
50;153;5;0.0
50;153;6;0.0
50;153;7;0.0
50;153;8;0.0
51;153;1;0.0
51;153;2;0.0
51;153;3;0.0
51;153;4;0.0
51;153;5;0.0
51;153;6;0.0
51;153;7;0.0
51;153;8;0.0
52;153;1;0.0
52;153;2;0.0
52;153;3;0.0
52;153;4;-1.615231019292369e-13
52;153;5;0.0
52;153;6;0.0
52;153;7;0.0
52;153;8;0.0
53;153;1;0.0
53;153;2;0.0
53;153;3;0.0
53;153;4;0.0
53;153;5;0.0
53;153;6;0.0
53;153;7;0.0
53;153;8;0.0
54;153;1;0.0
54;153;2;0.0
54;153;3;0.0
54;153;4;-9.32080148691275e-15
54;153;5;0.0
54;153;6;0.0
54;153;7;0.0
54;153;8;0.0
55;153;1;0.0
55;153;2;0.0
55;153;3;0.0
55;153;4;0.0
55;153;5;0.0
55;153;6;0.0
55;153;7;0.0
55;153;8;0.0
56;153;1;0.0
56;153;2;0.0
56;153;3;0.0
56;153;4;0.0
56;153;5;0.0
56;153;6;0.0
56;153;7;0.0
56;153;8;0.0
57;153;1;0.0
57;153;2;0.0
57;153;3;0.0
57;153;4;0.0
57;153;5;0.0
57;153;6;0.0
57;153;7;0.0
57;153;8;0.0
58;153;1;0.0
58;153;2;0.0
58;153;3;0.0
58;153;4;0.0
58;153;5;0.0
58;153;6;0.0
58;153;7;0.0
58;153;8;0.0
59;153;1;0.0
59;153;2;0.0
59;153;3;0.0
59;153;4;0.0
59;153;5;0.0
59;153;6;0.0
59;153;7;0.0
59;153;8;0.0
1;154;1;0.0
1;154;2;0.0
1;154;3;0.0
1;154;4;0.0
1;154;5;0.0
1;154;6;0.0
1;154;7;0.0
1;154;8;0.0
2;154;1;0.0
2;154;2;0.0
2;154;3;0.0
2;154;4;0.0
2;154;5;0.0
2;154;6;0.0
2;154;7;0.0
2;154;8;0.0
3;154;1;0.0
3;154;2;0.0
3;154;3;0.0
3;154;4;0.0
3;154;5;0.0
3;154;6;0.0
3;154;7;0.0
3;154;8;0.0
4;154;1;0.0
4;154;2;0.0
4;154;3;0.0
4;154;4;0.0
4;154;5;0.0
4;154;6;0.0
4;154;7;0.0
4;154;8;0.0
5;154;1;0.0
5;154;2;0.0
5;154;3;0.0
5;154;4;0.0
5;154;5;0.0
5;154;6;0.0
5;154;7;0.0
5;154;8;0.0
6;154;1;0.0
6;154;2;0.0
6;154;3;0.0
6;154;4;0.0
6;154;5;0.0
6;154;6;0.0
6;154;7;0.0
6;154;8;0.0
7;154;1;0.0
7;154;2;0.0
7;154;3;0.0
7;154;4;0.0
7;154;5;0.0
7;154;6;0.0
7;154;7;0.0
7;154;8;0.0
8;154;1;0.0
8;154;2;0.0
8;154;3;0.0
8;154;4;0.0
8;154;5;0.0
8;154;6;0.0
8;154;7;0.0
8;154;8;0.0
9;154;1;0.0
9;154;2;0.0
9;154;3;0.0
9;154;4;0.0
9;154;5;0.0
9;154;6;0.0
9;154;7;0.0
9;154;8;0.0
10;154;1;0.0
10;154;2;0.0
10;154;3;0.0
10;154;4;0.0
10;154;5;0.0
10;154;6;0.0
10;154;7;0.0
10;154;8;0.0
11;154;1;0.0
11;154;2;0.0
11;154;3;0.0
11;154;4;0.0
11;154;5;0.0
11;154;6;0.0
11;154;7;0.0
11;154;8;0.0
12;154;1;0.0
12;154;2;0.0
12;154;3;0.0
12;154;4;0.0
12;154;5;0.0
12;154;6;0.0
12;154;7;0.0
12;154;8;0.0
13;154;1;0.0
13;154;2;0.0
13;154;3;0.0
13;154;4;0.0
13;154;5;0.0
13;154;6;0.0
13;154;7;0.0
13;154;8;0.0
14;154;1;0.0
14;154;2;0.0
14;154;3;0.0
14;154;4;0.0
14;154;5;0.0
14;154;6;0.0
14;154;7;0.0
14;154;8;0.0
15;154;1;0.0
15;154;2;0.0
15;154;3;0.0
15;154;4;0.0
15;154;5;0.0
15;154;6;0.0
15;154;7;0.0
15;154;8;0.0
16;154;1;0.0
16;154;2;0.0
16;154;3;0.0
16;154;4;0.0
16;154;5;0.0
16;154;6;0.0
16;154;7;0.0
16;154;8;0.0
17;154;1;0.0
17;154;2;0.0
17;154;3;0.0
17;154;4;-0.9999999973675491
17;154;5;0.0
17;154;6;0.0
17;154;7;0.0
17;154;8;0.0
18;154;1;0.0
18;154;2;0.0
18;154;3;0.0
18;154;4;0.0
18;154;5;0.0
18;154;6;0.0
18;154;7;0.0
18;154;8;0.0
19;154;1;0.0
19;154;2;0.0
19;154;3;0.0
19;154;4;0.0
19;154;5;0.0
19;154;6;0.0
19;154;7;0.0
19;154;8;0.0
20;154;1;0.0
20;154;2;0.0
20;154;3;0.0
20;154;4;0.0
20;154;5;0.0
20;154;6;0.0
20;154;7;0.0
20;154;8;0.0
21;154;1;0.0
21;154;2;0.0
21;154;3;0.0
21;154;4;-3.274173289831605e-13
21;154;5;0.0
21;154;6;0.0
21;154;7;0.0
21;154;8;0.0
22;154;1;-1.9625175582912956e-17
22;154;2;-1.9625175582912956e-17
22;154;3;0.0
22;154;4;-5.1514348342607263e-14
22;154;5;-1.9625175582912956e-17
22;154;6;-1.9625175582912956e-17
22;154;7;-1.9625175582912956e-17
22;154;8;-1.9625175582912956e-17
23;154;1;0.0
23;154;2;0.0
23;154;3;0.0
23;154;4;0.0
23;154;5;0.0
23;154;6;0.0
23;154;7;0.0
23;154;8;0.0
24;154;1;0.0
24;154;2;0.0
24;154;3;0.0
24;154;4;0.0
24;154;5;0.0
24;154;6;0.0
24;154;7;0.0
24;154;8;0.0
25;154;1;0.0
25;154;2;0.0
25;154;3;0.0
25;154;4;0.0
25;154;5;0.0
25;154;6;0.0
25;154;7;0.0
25;154;8;0.0
26;154;1;0.0
26;154;2;0.0
26;154;3;0.0
26;154;4;0.0
26;154;5;0.0
26;154;6;0.0
26;154;7;0.0
26;154;8;0.0
27;154;1;0.0
27;154;2;0.0
27;154;3;0.0
27;154;4;0.0
27;154;5;0.0
27;154;6;0.0
27;154;7;0.0
27;154;8;0.0
28;154;1;0.0
28;154;2;0.0
28;154;3;0.0
28;154;4;0.0
28;154;5;0.0
28;154;6;0.0
28;154;7;0.0
28;154;8;0.0
29;154;1;0.0
29;154;2;0.0
29;154;3;0.0
29;154;4;0.0
29;154;5;0.0
29;154;6;0.0
29;154;7;0.0
29;154;8;0.0
30;154;1;0.0
30;154;2;0.0
30;154;3;0.0
30;154;4;0.0
30;154;5;0.0
30;154;6;0.0
30;154;7;0.0
30;154;8;0.0
31;154;1;0.0
31;154;2;0.0
31;154;3;0.0
31;154;4;0.0
31;154;5;0.0
31;154;6;0.0
31;154;7;0.0
31;154;8;0.0
32;154;1;0.0
32;154;2;0.0
32;154;3;0.0
32;154;4;0.0
32;154;5;0.0
32;154;6;0.0
32;154;7;0.0
32;154;8;0.0
33;154;1;0.0
33;154;2;0.0
33;154;3;0.0
33;154;4;0.0
33;154;5;0.0
33;154;6;0.0
33;154;7;0.0
33;154;8;0.0
34;154;1;0.0
34;154;2;0.0
34;154;3;0.0
34;154;4;0.0
34;154;5;0.0
34;154;6;0.0
34;154;7;0.0
34;154;8;0.0
35;154;1;0.0
35;154;2;0.0
35;154;3;0.0
35;154;4;0.0
35;154;5;0.0
35;154;6;0.0
35;154;7;0.0
35;154;8;0.0
36;154;1;0.0
36;154;2;0.0
36;154;3;0.0
36;154;4;0.0
36;154;5;0.0
36;154;6;0.0
36;154;7;0.0
36;154;8;0.0
37;154;1;0.0
37;154;2;0.0
37;154;3;0.0
37;154;4;0.0
37;154;5;0.0
37;154;6;0.0
37;154;7;0.0
37;154;8;0.0
38;154;1;0.0
38;154;2;0.0
38;154;3;0.0
38;154;4;0.0
38;154;5;0.0
38;154;6;0.0
38;154;7;0.0
38;154;8;0.0
39;154;1;0.0
39;154;2;0.0
39;154;3;0.0
39;154;4;0.0
39;154;5;0.0
39;154;6;0.0
39;154;7;0.0
39;154;8;0.0
40;154;1;0.0
40;154;2;0.0
40;154;3;0.0
40;154;4;0.0
40;154;5;0.0
40;154;6;0.0
40;154;7;0.0
40;154;8;0.0
41;154;1;0.0
41;154;2;0.0
41;154;3;0.0
41;154;4;0.0
41;154;5;0.0
41;154;6;0.0
41;154;7;0.0
41;154;8;0.0
42;154;1;0.0
42;154;2;0.0
42;154;3;0.0
42;154;4;0.0
42;154;5;0.0
42;154;6;0.0
42;154;7;0.0
42;154;8;0.0
43;154;1;0.0
43;154;2;0.0
43;154;3;0.0
43;154;4;0.0
43;154;5;0.0
43;154;6;0.0
43;154;7;0.0
43;154;8;0.0
44;154;1;0.0
44;154;2;0.0
44;154;3;0.0
44;154;4;0.0
44;154;5;0.0
44;154;6;0.0
44;154;7;0.0
44;154;8;0.0
45;154;1;0.0
45;154;2;0.0
45;154;3;0.0
45;154;4;0.0
45;154;5;0.0
45;154;6;0.0
45;154;7;0.0
45;154;8;0.0
46;154;1;0.0
46;154;2;0.0
46;154;3;0.0
46;154;4;0.0
46;154;5;0.0
46;154;6;0.0
46;154;7;0.0
46;154;8;0.0
47;154;1;0.0
47;154;2;0.0
47;154;3;0.0
47;154;4;-2.6335155334565954e-09
47;154;5;0.0
47;154;6;0.0
47;154;7;0.0
47;154;8;0.0
48;154;1;0.0
48;154;2;0.0
48;154;3;0.0
48;154;4;0.0
48;154;5;0.0
48;154;6;0.0
48;154;7;0.0
48;154;8;0.0
49;154;1;0.0
49;154;2;0.0
49;154;3;0.0
49;154;4;0.0
49;154;5;0.0
49;154;6;0.0
49;154;7;0.0
49;154;8;0.0
50;154;1;0.0
50;154;2;0.0
50;154;3;0.0
50;154;4;0.0
50;154;5;0.0
50;154;6;0.0
50;154;7;0.0
50;154;8;0.0
51;154;1;0.0
51;154;2;0.0
51;154;3;0.0
51;154;4;0.0
51;154;5;0.0
51;154;6;0.0
51;154;7;0.0
51;154;8;0.0
52;154;1;0.0
52;154;2;0.0
52;154;3;0.0
52;154;4;-3.1879579526670594e-13
52;154;5;0.0
52;154;6;0.0
52;154;7;0.0
52;154;8;0.0
53;154;1;0.0
53;154;2;0.0
53;154;3;0.0
53;154;4;0.0
53;154;5;0.0
53;154;6;0.0
53;154;7;0.0
53;154;8;0.0
54;154;1;0.0
54;154;2;0.0
54;154;3;0.0
54;154;4;-8.73022123013873e-15
54;154;5;0.0
54;154;6;0.0
54;154;7;0.0
54;154;8;0.0
55;154;1;0.0
55;154;2;0.0
55;154;3;0.0
55;154;4;0.0
55;154;5;0.0
55;154;6;0.0
55;154;7;0.0
55;154;8;0.0
56;154;1;0.0
56;154;2;0.0
56;154;3;0.0
56;154;4;0.0
56;154;5;0.0
56;154;6;0.0
56;154;7;0.0
56;154;8;0.0
57;154;1;0.0
57;154;2;0.0
57;154;3;0.0
57;154;4;0.0
57;154;5;0.0
57;154;6;0.0
57;154;7;0.0
57;154;8;0.0
58;154;1;0.0
58;154;2;0.0
58;154;3;0.0
58;154;4;0.0
58;154;5;0.0
58;154;6;0.0
58;154;7;0.0
58;154;8;0.0
59;154;1;0.0
59;154;2;0.0
59;154;3;0.0
59;154;4;0.0
59;154;5;0.0
59;154;6;0.0
59;154;7;0.0
59;154;8;0.0
1;155;1;0.0
1;155;2;0.0
1;155;3;0.0
1;155;4;0.0
1;155;5;0.0
1;155;6;0.0
1;155;7;0.0
1;155;8;0.0
2;155;1;0.0
2;155;2;0.0
2;155;3;0.0
2;155;4;0.0
2;155;5;0.0
2;155;6;0.0
2;155;7;0.0
2;155;8;0.0
3;155;1;0.0
3;155;2;0.0
3;155;3;0.0
3;155;4;0.0
3;155;5;0.0
3;155;6;0.0
3;155;7;0.0
3;155;8;0.0
4;155;1;0.0
4;155;2;0.0
4;155;3;0.0
4;155;4;0.0
4;155;5;0.0
4;155;6;0.0
4;155;7;0.0
4;155;8;0.0
5;155;1;0.0
5;155;2;0.0
5;155;3;0.0
5;155;4;0.0
5;155;5;0.0
5;155;6;0.0
5;155;7;0.0
5;155;8;0.0
6;155;1;0.0
6;155;2;0.0
6;155;3;0.0
6;155;4;0.0
6;155;5;0.0
6;155;6;0.0
6;155;7;0.0
6;155;8;0.0
7;155;1;0.0
7;155;2;0.0
7;155;3;0.0
7;155;4;0.0
7;155;5;0.0
7;155;6;0.0
7;155;7;0.0
7;155;8;0.0
8;155;1;0.0
8;155;2;0.0
8;155;3;0.0
8;155;4;0.0
8;155;5;0.0
8;155;6;0.0
8;155;7;0.0
8;155;8;0.0
9;155;1;0.0
9;155;2;0.0
9;155;3;0.0
9;155;4;0.0
9;155;5;0.0
9;155;6;0.0
9;155;7;0.0
9;155;8;0.0
10;155;1;0.0
10;155;2;0.0
10;155;3;0.0
10;155;4;0.0
10;155;5;0.0
10;155;6;0.0
10;155;7;0.0
10;155;8;0.0
11;155;1;0.0
11;155;2;0.0
11;155;3;0.0
11;155;4;0.0
11;155;5;0.0
11;155;6;0.0
11;155;7;0.0
11;155;8;0.0
12;155;1;0.0
12;155;2;0.0
12;155;3;0.0
12;155;4;0.0
12;155;5;0.0
12;155;6;0.0
12;155;7;0.0
12;155;8;0.0
13;155;1;0.0
13;155;2;0.0
13;155;3;0.0
13;155;4;0.0
13;155;5;0.0
13;155;6;0.0
13;155;7;0.0
13;155;8;0.0
14;155;1;0.0
14;155;2;0.0
14;155;3;0.0
14;155;4;0.0
14;155;5;0.0
14;155;6;0.0
14;155;7;0.0
14;155;8;0.0
15;155;1;0.0
15;155;2;0.0
15;155;3;0.0
15;155;4;0.0
15;155;5;0.0
15;155;6;0.0
15;155;7;0.0
15;155;8;0.0
16;155;1;0.0
16;155;2;0.0
16;155;3;0.0
16;155;4;0.0
16;155;5;0.0
16;155;6;0.0
16;155;7;0.0
16;155;8;0.0
17;155;1;-9.695476014071391e-18
17;155;2;-9.695476014071391e-18
17;155;3;-3.7452096600697645e-17
17;155;4;-0.9999999974438757
17;155;5;-9.695476014071391e-18
17;155;6;-9.695476014071391e-18
17;155;7;-9.695476014071391e-18
17;155;8;-9.695476014071391e-18
18;155;1;0.0
18;155;2;0.0
18;155;3;0.0
18;155;4;0.0
18;155;5;0.0
18;155;6;0.0
18;155;7;0.0
18;155;8;0.0
19;155;1;0.0
19;155;2;0.0
19;155;3;0.0
19;155;4;0.0
19;155;5;0.0
19;155;6;0.0
19;155;7;0.0
19;155;8;0.0
20;155;1;0.0
20;155;2;0.0
20;155;3;-2.914212081502341e-17
20;155;4;0.0
20;155;5;0.0
20;155;6;0.0
20;155;7;0.0
20;155;8;0.0
21;155;1;-1.1288676012118475e-17
21;155;2;-1.1288676012118475e-17
21;155;3;-3.644497930046196e-17
21;155;4;-2.943484127567755e-13
21;155;5;-1.1288676012118475e-17
21;155;6;-1.1288676012118475e-17
21;155;7;-1.1288676012118475e-17
21;155;8;-1.1288676012118475e-17
22;155;1;-2.5536503767971884e-17
22;155;2;-2.5536503767971884e-17
22;155;3;-9.926140539589192e-17
22;155;4;-4.796163466380676e-14
22;155;5;-2.5536503767971884e-17
22;155;6;-2.5536503767971884e-17
22;155;7;-2.5536503767971884e-17
22;155;8;-2.5536503767971884e-17
23;155;1;0.0
23;155;2;0.0
23;155;3;0.0
23;155;4;0.0
23;155;5;0.0
23;155;6;0.0
23;155;7;0.0
23;155;8;0.0
24;155;1;0.0
24;155;2;0.0
24;155;3;0.0
24;155;4;0.0
24;155;5;0.0
24;155;6;0.0
24;155;7;0.0
24;155;8;0.0
25;155;1;0.0
25;155;2;0.0
25;155;3;0.0
25;155;4;0.0
25;155;5;0.0
25;155;6;0.0
25;155;7;0.0
25;155;8;0.0
26;155;1;0.0
26;155;2;0.0
26;155;3;0.0
26;155;4;0.0
26;155;5;0.0
26;155;6;0.0
26;155;7;0.0
26;155;8;0.0
27;155;1;0.0
27;155;2;0.0
27;155;3;0.0
27;155;4;0.0
27;155;5;0.0
27;155;6;0.0
27;155;7;0.0
27;155;8;0.0
28;155;1;0.0
28;155;2;0.0
28;155;3;0.0
28;155;4;0.0
28;155;5;0.0
28;155;6;0.0
28;155;7;0.0
28;155;8;0.0
29;155;1;0.0
29;155;2;0.0
29;155;3;0.0
29;155;4;0.0
29;155;5;0.0
29;155;6;0.0
29;155;7;0.0
29;155;8;0.0
30;155;1;0.0
30;155;2;0.0
30;155;3;0.0
30;155;4;0.0
30;155;5;0.0
30;155;6;0.0
30;155;7;0.0
30;155;8;0.0
31;155;1;0.0
31;155;2;0.0
31;155;3;0.0
31;155;4;0.0
31;155;5;0.0
31;155;6;0.0
31;155;7;0.0
31;155;8;0.0
32;155;1;0.0
32;155;2;0.0
32;155;3;0.0
32;155;4;0.0
32;155;5;0.0
32;155;6;0.0
32;155;7;0.0
32;155;8;0.0
33;155;1;0.0
33;155;2;0.0
33;155;3;0.0
33;155;4;0.0
33;155;5;0.0
33;155;6;0.0
33;155;7;0.0
33;155;8;0.0
34;155;1;0.0
34;155;2;0.0
34;155;3;0.0
34;155;4;0.0
34;155;5;0.0
34;155;6;0.0
34;155;7;0.0
34;155;8;0.0
35;155;1;0.0
35;155;2;0.0
35;155;3;0.0
35;155;4;0.0
35;155;5;0.0
35;155;6;0.0
35;155;7;0.0
35;155;8;0.0
36;155;1;0.0
36;155;2;0.0
36;155;3;0.0
36;155;4;0.0
36;155;5;0.0
36;155;6;0.0
36;155;7;0.0
36;155;8;0.0
37;155;1;0.0
37;155;2;0.0
37;155;3;0.0
37;155;4;0.0
37;155;5;0.0
37;155;6;0.0
37;155;7;0.0
37;155;8;0.0
38;155;1;0.0
38;155;2;0.0
38;155;3;0.0
38;155;4;0.0
38;155;5;0.0
38;155;6;0.0
38;155;7;0.0
38;155;8;0.0
39;155;1;0.0
39;155;2;0.0
39;155;3;0.0
39;155;4;0.0
39;155;5;0.0
39;155;6;0.0
39;155;7;0.0
39;155;8;0.0
40;155;1;0.0
40;155;2;0.0
40;155;3;0.0
40;155;4;0.0
40;155;5;0.0
40;155;6;0.0
40;155;7;0.0
40;155;8;0.0
41;155;1;0.0
41;155;2;0.0
41;155;3;0.0
41;155;4;0.0
41;155;5;0.0
41;155;6;0.0
41;155;7;0.0
41;155;8;0.0
42;155;1;0.0
42;155;2;0.0
42;155;3;0.0
42;155;4;0.0
42;155;5;0.0
42;155;6;0.0
42;155;7;0.0
42;155;8;0.0
43;155;1;0.0
43;155;2;0.0
43;155;3;0.0
43;155;4;0.0
43;155;5;0.0
43;155;6;0.0
43;155;7;0.0
43;155;8;0.0
44;155;1;0.0
44;155;2;0.0
44;155;3;0.0
44;155;4;0.0
44;155;5;0.0
44;155;6;0.0
44;155;7;0.0
44;155;8;0.0
45;155;1;0.0
45;155;2;0.0
45;155;3;0.0
45;155;4;0.0
45;155;5;0.0
45;155;6;0.0
45;155;7;0.0
45;155;8;0.0
46;155;1;0.0
46;155;2;0.0
46;155;3;0.0
46;155;4;0.0
46;155;5;0.0
46;155;6;0.0
46;155;7;0.0
46;155;8;0.0
47;155;1;-1.7654633787943376e-17
47;155;2;-1.7654633787943376e-17
47;155;3;-8.637833093589505e-17
47;155;4;-2.553991624717561e-09
47;155;5;-1.7654633787943376e-17
47;155;6;-1.7654633787943376e-17
47;155;7;-1.7654633787943376e-17
47;155;8;-1.7654633787943376e-17
48;155;1;0.0
48;155;2;0.0
48;155;3;0.0
48;155;4;0.0
48;155;5;0.0
48;155;6;0.0
48;155;7;0.0
48;155;8;0.0
49;155;1;0.0
49;155;2;0.0
49;155;3;0.0
49;155;4;0.0
49;155;5;0.0
49;155;6;0.0
49;155;7;0.0
49;155;8;0.0
50;155;1;0.0
50;155;2;0.0
50;155;3;0.0
50;155;4;0.0
50;155;5;0.0
50;155;6;0.0
50;155;7;0.0
50;155;8;0.0
51;155;1;0.0
51;155;2;0.0
51;155;3;0.0
51;155;4;0.0
51;155;5;0.0
51;155;6;0.0
51;155;7;0.0
51;155;8;0.0
52;155;1;0.0
52;155;2;0.0
52;155;3;0.0
52;155;4;-3.2241484204940653e-13
52;155;5;0.0
52;155;6;0.0
52;155;7;0.0
52;155;8;0.0
53;155;1;0.0
53;155;2;0.0
53;155;3;0.0
53;155;4;0.0
53;155;5;0.0
53;155;6;0.0
53;155;7;0.0
53;155;8;0.0
54;155;1;0.0
54;155;2;0.0
54;155;3;0.0
54;155;4;-8.236930011368138e-15
54;155;5;0.0
54;155;6;0.0
54;155;7;0.0
54;155;8;0.0
55;155;1;0.0
55;155;2;0.0
55;155;3;0.0
55;155;4;0.0
55;155;5;0.0
55;155;6;0.0
55;155;7;0.0
55;155;8;0.0
56;155;1;0.0
56;155;2;0.0
56;155;3;0.0
56;155;4;0.0
56;155;5;0.0
56;155;6;0.0
56;155;7;0.0
56;155;8;0.0
57;155;1;0.0
57;155;2;0.0
57;155;3;0.0
57;155;4;0.0
57;155;5;0.0
57;155;6;0.0
57;155;7;0.0
57;155;8;0.0
58;155;1;0.0
58;155;2;0.0
58;155;3;0.0
58;155;4;0.0
58;155;5;0.0
58;155;6;0.0
58;155;7;0.0
58;155;8;0.0
59;155;1;0.0
59;155;2;0.0
59;155;3;0.0
59;155;4;0.0
59;155;5;0.0
59;155;6;0.0
59;155;7;0.0
59;155;8;0.0
1;156;1;0.0
1;156;2;0.0
1;156;3;0.0
1;156;4;0.0
1;156;5;0.0
1;156;6;0.0
1;156;7;0.0
1;156;8;0.0
2;156;1;0.0
2;156;2;0.0
2;156;3;0.0
2;156;4;0.0
2;156;5;0.0
2;156;6;0.0
2;156;7;0.0
2;156;8;0.0
3;156;1;0.0
3;156;2;0.0
3;156;3;0.0
3;156;4;0.0
3;156;5;0.0
3;156;6;0.0
3;156;7;0.0
3;156;8;0.0
4;156;1;0.0
4;156;2;0.0
4;156;3;0.0
4;156;4;0.0
4;156;5;0.0
4;156;6;0.0
4;156;7;0.0
4;156;8;0.0
5;156;1;0.0
5;156;2;0.0
5;156;3;0.0
5;156;4;0.0
5;156;5;0.0
5;156;6;0.0
5;156;7;0.0
5;156;8;0.0
6;156;1;0.0
6;156;2;0.0
6;156;3;0.0
6;156;4;0.0
6;156;5;0.0
6;156;6;0.0
6;156;7;0.0
6;156;8;0.0
7;156;1;0.0
7;156;2;0.0
7;156;3;0.0
7;156;4;0.0
7;156;5;0.0
7;156;6;0.0
7;156;7;0.0
7;156;8;0.0
8;156;1;0.0
8;156;2;0.0
8;156;3;0.0
8;156;4;0.0
8;156;5;0.0
8;156;6;0.0
8;156;7;0.0
8;156;8;0.0
9;156;1;0.0
9;156;2;0.0
9;156;3;0.0
9;156;4;0.0
9;156;5;0.0
9;156;6;0.0
9;156;7;0.0
9;156;8;0.0
10;156;1;0.0
10;156;2;0.0
10;156;3;0.0
10;156;4;0.0
10;156;5;0.0
10;156;6;0.0
10;156;7;0.0
10;156;8;0.0
11;156;1;0.0
11;156;2;0.0
11;156;3;0.0
11;156;4;0.0
11;156;5;0.0
11;156;6;0.0
11;156;7;0.0
11;156;8;0.0
12;156;1;0.0
12;156;2;0.0
12;156;3;0.0
12;156;4;0.0
12;156;5;0.0
12;156;6;0.0
12;156;7;0.0
12;156;8;0.0
13;156;1;0.0
13;156;2;0.0
13;156;3;0.0
13;156;4;0.0
13;156;5;0.0
13;156;6;0.0
13;156;7;0.0
13;156;8;0.0
14;156;1;0.0
14;156;2;0.0
14;156;3;0.0
14;156;4;0.0
14;156;5;0.0
14;156;6;0.0
14;156;7;0.0
14;156;8;0.0
15;156;1;0.0
15;156;2;0.0
15;156;3;0.0
15;156;4;0.0
15;156;5;0.0
15;156;6;0.0
15;156;7;0.0
15;156;8;0.0
16;156;1;0.0
16;156;2;0.0
16;156;3;0.0
16;156;4;0.0
16;156;5;0.0
16;156;6;0.0
16;156;7;0.0
16;156;8;0.0
17;156;1;-1.1621644129727544e-17
17;156;2;-1.1621644129727544e-17
17;156;3;-4.7521666898309486e-17
17;156;4;-0.9999999975224754
17;156;5;-1.1621644129727544e-17
17;156;6;-1.1621644129727544e-17
17;156;7;-1.1621644129727544e-17
17;156;8;-1.1621644129727544e-17
18;156;1;0.0
18;156;2;0.0
18;156;3;0.0
18;156;4;0.0
18;156;5;0.0
18;156;6;0.0
18;156;7;0.0
18;156;8;0.0
19;156;1;0.0
19;156;2;0.0
19;156;3;0.0
19;156;4;0.0
19;156;5;0.0
19;156;6;0.0
19;156;7;0.0
19;156;8;0.0
20;156;1;0.0
20;156;2;0.0
20;156;3;-3.500972616206528e-17
20;156;4;0.0
20;156;5;0.0
20;156;6;0.0
20;156;7;0.0
20;156;8;0.0
21;156;1;-1.2687891968799802e-17
21;156;2;-1.2687891968799802e-17
21;156;3;-4.818222924317742e-17
21;156;4;-2.9970623546488406e-13
21;156;5;-1.2687891968799802e-17
21;156;6;-1.2687891968799802e-17
21;156;7;-1.2687891968799802e-17
21;156;8;-1.2687891968799802e-17
22;156;1;-3.005888489039778e-17
22;156;2;-3.005888489039778e-17
22;156;3;-1.353999575513645e-16
22;156;4;-4.884981308350689e-14
22;156;5;-3.005888489039778e-17
22;156;6;-3.005888489039778e-17
22;156;7;-3.005888489039778e-17
22;156;8;-3.005888489039778e-17
23;156;1;0.0
23;156;2;0.0
23;156;3;0.0
23;156;4;0.0
23;156;5;0.0
23;156;6;0.0
23;156;7;0.0
23;156;8;0.0
24;156;1;0.0
24;156;2;0.0
24;156;3;0.0
24;156;4;0.0
24;156;5;0.0
24;156;6;0.0
24;156;7;0.0
24;156;8;0.0
25;156;1;0.0
25;156;2;0.0
25;156;3;0.0
25;156;4;0.0
25;156;5;0.0
25;156;6;0.0
25;156;7;0.0
25;156;8;0.0
26;156;1;0.0
26;156;2;0.0
26;156;3;0.0
26;156;4;0.0
26;156;5;0.0
26;156;6;0.0
26;156;7;0.0
26;156;8;0.0
27;156;1;0.0
27;156;2;0.0
27;156;3;0.0
27;156;4;0.0
27;156;5;0.0
27;156;6;0.0
27;156;7;0.0
27;156;8;0.0
28;156;1;0.0
28;156;2;0.0
28;156;3;0.0
28;156;4;0.0
28;156;5;0.0
28;156;6;0.0
28;156;7;0.0
28;156;8;0.0
29;156;1;0.0
29;156;2;0.0
29;156;3;0.0
29;156;4;0.0
29;156;5;0.0
29;156;6;0.0
29;156;7;0.0
29;156;8;0.0
30;156;1;0.0
30;156;2;0.0
30;156;3;0.0
30;156;4;0.0
30;156;5;0.0
30;156;6;0.0
30;156;7;0.0
30;156;8;0.0
31;156;1;0.0
31;156;2;0.0
31;156;3;0.0
31;156;4;0.0
31;156;5;0.0
31;156;6;0.0
31;156;7;0.0
31;156;8;0.0
32;156;1;0.0
32;156;2;0.0
32;156;3;0.0
32;156;4;0.0
32;156;5;0.0
32;156;6;0.0
32;156;7;0.0
32;156;8;0.0
33;156;1;0.0
33;156;2;0.0
33;156;3;0.0
33;156;4;0.0
33;156;5;0.0
33;156;6;0.0
33;156;7;0.0
33;156;8;0.0
34;156;1;0.0
34;156;2;0.0
34;156;3;0.0
34;156;4;0.0
34;156;5;0.0
34;156;6;0.0
34;156;7;0.0
34;156;8;0.0
35;156;1;0.0
35;156;2;0.0
35;156;3;0.0
35;156;4;0.0
35;156;5;0.0
35;156;6;0.0
35;156;7;0.0
35;156;8;0.0
36;156;1;0.0
36;156;2;0.0
36;156;3;0.0
36;156;4;0.0
36;156;5;0.0
36;156;6;0.0
36;156;7;0.0
36;156;8;0.0
37;156;1;0.0
37;156;2;0.0
37;156;3;0.0
37;156;4;0.0
37;156;5;0.0
37;156;6;0.0
37;156;7;0.0
37;156;8;0.0
38;156;1;0.0
38;156;2;0.0
38;156;3;0.0
38;156;4;0.0
38;156;5;0.0
38;156;6;0.0
38;156;7;0.0
38;156;8;0.0
39;156;1;0.0
39;156;2;0.0
39;156;3;0.0
39;156;4;0.0
39;156;5;0.0
39;156;6;0.0
39;156;7;0.0
39;156;8;0.0
40;156;1;0.0
40;156;2;0.0
40;156;3;0.0
40;156;4;0.0
40;156;5;0.0
40;156;6;0.0
40;156;7;0.0
40;156;8;0.0
41;156;1;0.0
41;156;2;0.0
41;156;3;0.0
41;156;4;0.0
41;156;5;0.0
41;156;6;0.0
41;156;7;0.0
41;156;8;0.0
42;156;1;0.0
42;156;2;0.0
42;156;3;0.0
42;156;4;0.0
42;156;5;0.0
42;156;6;0.0
42;156;7;0.0
42;156;8;0.0
43;156;1;0.0
43;156;2;0.0
43;156;3;0.0
43;156;4;0.0
43;156;5;0.0
43;156;6;0.0
43;156;7;0.0
43;156;8;0.0
44;156;1;0.0
44;156;2;0.0
44;156;3;0.0
44;156;4;0.0
44;156;5;0.0
44;156;6;0.0
44;156;7;0.0
44;156;8;0.0
45;156;1;0.0
45;156;2;0.0
45;156;3;0.0
45;156;4;0.0
45;156;5;0.0
45;156;6;0.0
45;156;7;0.0
45;156;8;0.0
46;156;1;0.0
46;156;2;0.0
46;156;3;0.0
46;156;4;0.0
46;156;5;0.0
46;156;6;0.0
46;156;7;0.0
46;156;8;0.0
47;156;1;-2.3008581595866215e-17
47;156;2;-2.3008581595866215e-17
47;156;3;-1.1450690152904448e-16
47;156;4;-2.4767096147888806e-09
47;156;5;-2.3008581595866215e-17
47;156;6;-2.3008581595866215e-17
47;156;7;-2.3008581595866215e-17
47;156;8;-2.3008581595866215e-17
48;156;1;0.0
48;156;2;0.0
48;156;3;0.0
48;156;4;0.0
48;156;5;0.0
48;156;6;0.0
48;156;7;0.0
48;156;8;0.0
49;156;1;0.0
49;156;2;0.0
49;156;3;0.0
49;156;4;0.0
49;156;5;0.0
49;156;6;0.0
49;156;7;0.0
49;156;8;0.0
50;156;1;0.0
50;156;2;0.0
50;156;3;0.0
50;156;4;0.0
50;156;5;0.0
50;156;6;0.0
50;156;7;0.0
50;156;8;0.0
51;156;1;0.0
51;156;2;0.0
51;156;3;0.0
51;156;4;0.0
51;156;5;0.0
51;156;6;0.0
51;156;7;0.0
51;156;8;0.0
52;156;1;0.0
52;156;2;0.0
52;156;3;0.0
52;156;4;-3.3461941795833475e-13
52;156;5;0.0
52;156;6;0.0
52;156;7;0.0
52;156;8;0.0
53;156;1;0.0
53;156;2;0.0
53;156;3;0.0
53;156;4;0.0
53;156;5;0.0
53;156;6;0.0
53;156;7;0.0
53;156;8;0.0
54;156;1;0.0
54;156;2;0.0
54;156;3;0.0
54;156;4;-9.795319419263576e-15
54;156;5;0.0
54;156;6;0.0
54;156;7;0.0
54;156;8;0.0
55;156;1;0.0
55;156;2;0.0
55;156;3;0.0
55;156;4;0.0
55;156;5;0.0
55;156;6;0.0
55;156;7;0.0
55;156;8;0.0
56;156;1;0.0
56;156;2;0.0
56;156;3;0.0
56;156;4;0.0
56;156;5;0.0
56;156;6;0.0
56;156;7;0.0
56;156;8;0.0
57;156;1;0.0
57;156;2;0.0
57;156;3;0.0
57;156;4;0.0
57;156;5;0.0
57;156;6;0.0
57;156;7;0.0
57;156;8;0.0
58;156;1;0.0
58;156;2;0.0
58;156;3;0.0
58;156;4;0.0
58;156;5;0.0
58;156;6;0.0
58;156;7;0.0
58;156;8;0.0
59;156;1;0.0
59;156;2;0.0
59;156;3;0.0
59;156;4;0.0
59;156;5;0.0
59;156;6;0.0
59;156;7;0.0
59;156;8;0.0
1;157;1;0.0
1;157;2;0.0
1;157;3;0.0
1;157;4;0.0
1;157;5;0.0
1;157;6;0.0
1;157;7;0.0
1;157;8;0.0
2;157;1;0.0
2;157;2;0.0
2;157;3;0.0
2;157;4;0.0
2;157;5;0.0
2;157;6;0.0
2;157;7;0.0
2;157;8;0.0
3;157;1;0.0
3;157;2;0.0
3;157;3;0.0
3;157;4;0.0
3;157;5;0.0
3;157;6;0.0
3;157;7;0.0
3;157;8;0.0
4;157;1;0.0
4;157;2;0.0
4;157;3;0.0
4;157;4;0.0
4;157;5;0.0
4;157;6;0.0
4;157;7;0.0
4;157;8;0.0
5;157;1;0.0
5;157;2;0.0
5;157;3;0.0
5;157;4;0.0
5;157;5;0.0
5;157;6;0.0
5;157;7;0.0
5;157;8;0.0
6;157;1;0.0
6;157;2;0.0
6;157;3;0.0
6;157;4;0.0
6;157;5;0.0
6;157;6;0.0
6;157;7;0.0
6;157;8;0.0
7;157;1;0.0
7;157;2;0.0
7;157;3;0.0
7;157;4;0.0
7;157;5;0.0
7;157;6;0.0
7;157;7;0.0
7;157;8;0.0
8;157;1;0.0
8;157;2;0.0
8;157;3;0.0
8;157;4;0.0
8;157;5;0.0
8;157;6;0.0
8;157;7;0.0
8;157;8;0.0
9;157;1;0.0
9;157;2;0.0
9;157;3;0.0
9;157;4;0.0
9;157;5;0.0
9;157;6;0.0
9;157;7;0.0
9;157;8;0.0
10;157;1;0.0
10;157;2;0.0
10;157;3;0.0
10;157;4;0.0
10;157;5;0.0
10;157;6;0.0
10;157;7;0.0
10;157;8;0.0
11;157;1;0.0
11;157;2;0.0
11;157;3;0.0
11;157;4;0.0
11;157;5;0.0
11;157;6;0.0
11;157;7;0.0
11;157;8;0.0
12;157;1;0.0
12;157;2;0.0
12;157;3;0.0
12;157;4;0.0
12;157;5;0.0
12;157;6;0.0
12;157;7;0.0
12;157;8;0.0
13;157;1;0.0
13;157;2;0.0
13;157;3;0.0
13;157;4;0.0
13;157;5;0.0
13;157;6;0.0
13;157;7;0.0
13;157;8;0.0
14;157;1;0.0
14;157;2;0.0
14;157;3;0.0
14;157;4;0.0
14;157;5;0.0
14;157;6;0.0
14;157;7;0.0
14;157;8;0.0
15;157;1;0.0
15;157;2;0.0
15;157;3;0.0
15;157;4;0.0
15;157;5;0.0
15;157;6;0.0
15;157;7;0.0
15;157;8;0.0
16;157;1;0.0
16;157;2;0.0
16;157;3;0.0
16;157;4;0.0
16;157;5;0.0
16;157;6;0.0
16;157;7;0.0
16;157;8;0.0
17;157;1;-1.3585624171723156e-17
17;157;2;-1.3585624171723156e-17
17;157;3;-5.491721230443332e-17
17;157;4;-0.9999999999918581
17;157;5;-1.3585624171723156e-17
17;157;6;-1.3585624171723156e-17
17;157;7;-1.3585624171723156e-17
17;157;8;-1.3585624171723156e-17
18;157;1;0.0
18;157;2;0.0
18;157;3;0.0
18;157;4;0.0
18;157;5;0.0
18;157;6;0.0
18;157;7;0.0
18;157;8;0.0
19;157;1;0.0
19;157;2;0.0
19;157;3;0.0
19;157;4;0.0
19;157;5;0.0
19;157;6;0.0
19;157;7;0.0
19;157;8;0.0
20;157;1;0.0
20;157;2;0.0
20;157;3;-3.940357727723313e-17
20;157;4;0.0
20;157;5;0.0
20;157;6;0.0
20;157;7;0.0
20;157;8;0.0
21;157;1;-1.4935559683653576e-17
21;157;2;-1.4935559683653576e-17
21;157;3;-5.868182787834998e-17
21;157;4;-7.255886147266841e-13
21;157;5;-1.4935559683653576e-17
21;157;6;-1.4935559683653576e-17
21;157;7;-1.4935559683653576e-17
21;157;8;-1.4935559683653576e-17
22;157;1;-3.42059212289074e-17
22;157;2;-3.42059212289074e-17
22;157;3;-1.5528753668985982e-16
22;157;4;-9.894307595459395e-13
22;157;5;-3.42059212289074e-17
22;157;6;-3.42059212289074e-17
22;157;7;-3.42059212289074e-17
22;157;8;-3.42059212289074e-17
23;157;1;0.0
23;157;2;0.0
23;157;3;0.0
23;157;4;0.0
23;157;5;0.0
23;157;6;0.0
23;157;7;0.0
23;157;8;0.0
24;157;1;0.0
24;157;2;0.0
24;157;3;0.0
24;157;4;0.0
24;157;5;0.0
24;157;6;0.0
24;157;7;0.0
24;157;8;0.0
25;157;1;0.0
25;157;2;0.0
25;157;3;0.0
25;157;4;0.0
25;157;5;0.0
25;157;6;0.0
25;157;7;0.0
25;157;8;0.0
26;157;1;0.0
26;157;2;0.0
26;157;3;0.0
26;157;4;0.0
26;157;5;0.0
26;157;6;0.0
26;157;7;0.0
26;157;8;0.0
27;157;1;0.0
27;157;2;0.0
27;157;3;0.0
27;157;4;0.0
27;157;5;0.0
27;157;6;0.0
27;157;7;0.0
27;157;8;0.0
28;157;1;0.0
28;157;2;0.0
28;157;3;0.0
28;157;4;0.0
28;157;5;0.0
28;157;6;0.0
28;157;7;0.0
28;157;8;0.0
29;157;1;0.0
29;157;2;0.0
29;157;3;0.0
29;157;4;0.0
29;157;5;0.0
29;157;6;0.0
29;157;7;0.0
29;157;8;0.0
30;157;1;0.0
30;157;2;0.0
30;157;3;0.0
30;157;4;0.0
30;157;5;0.0
30;157;6;0.0
30;157;7;0.0
30;157;8;0.0
31;157;1;0.0
31;157;2;0.0
31;157;3;0.0
31;157;4;0.0
31;157;5;0.0
31;157;6;0.0
31;157;7;0.0
31;157;8;0.0
32;157;1;0.0
32;157;2;0.0
32;157;3;0.0
32;157;4;0.0
32;157;5;0.0
32;157;6;0.0
32;157;7;0.0
32;157;8;0.0
33;157;1;0.0
33;157;2;0.0
33;157;3;0.0
33;157;4;0.0
33;157;5;0.0
33;157;6;0.0
33;157;7;0.0
33;157;8;0.0
34;157;1;0.0
34;157;2;0.0
34;157;3;0.0
34;157;4;0.0
34;157;5;0.0
34;157;6;0.0
34;157;7;0.0
34;157;8;0.0
35;157;1;0.0
35;157;2;0.0
35;157;3;0.0
35;157;4;0.0
35;157;5;0.0
35;157;6;0.0
35;157;7;0.0
35;157;8;0.0
36;157;1;0.0
36;157;2;0.0
36;157;3;0.0
36;157;4;0.0
36;157;5;0.0
36;157;6;0.0
36;157;7;0.0
36;157;8;0.0
37;157;1;0.0
37;157;2;0.0
37;157;3;0.0
37;157;4;0.0
37;157;5;0.0
37;157;6;0.0
37;157;7;0.0
37;157;8;0.0
38;157;1;0.0
38;157;2;0.0
38;157;3;0.0
38;157;4;0.0
38;157;5;0.0
38;157;6;0.0
38;157;7;0.0
38;157;8;0.0
39;157;1;0.0
39;157;2;0.0
39;157;3;0.0
39;157;4;0.0
39;157;5;0.0
39;157;6;0.0
39;157;7;0.0
39;157;8;0.0
40;157;1;0.0
40;157;2;0.0
40;157;3;0.0
40;157;4;0.0
40;157;5;0.0
40;157;6;0.0
40;157;7;0.0
40;157;8;0.0
41;157;1;0.0
41;157;2;0.0
41;157;3;0.0
41;157;4;0.0
41;157;5;0.0
41;157;6;0.0
41;157;7;0.0
41;157;8;0.0
42;157;1;0.0
42;157;2;0.0
42;157;3;0.0
42;157;4;0.0
42;157;5;0.0
42;157;6;0.0
42;157;7;0.0
42;157;8;0.0
43;157;1;0.0
43;157;2;0.0
43;157;3;0.0
43;157;4;0.0
43;157;5;0.0
43;157;6;0.0
43;157;7;0.0
43;157;8;0.0
44;157;1;0.0
44;157;2;0.0
44;157;3;0.0
44;157;4;0.0
44;157;5;0.0
44;157;6;0.0
44;157;7;0.0
44;157;8;0.0
45;157;1;0.0
45;157;2;0.0
45;157;3;0.0
45;157;4;0.0
45;157;5;0.0
45;157;6;0.0
45;157;7;0.0
45;157;8;0.0
46;157;1;0.0
46;157;2;0.0
46;157;3;0.0
46;157;4;0.0
46;157;5;0.0
46;157;6;0.0
46;157;7;0.0
46;157;8;0.0
47;157;1;-2.8413341044198804e-17
47;157;2;-2.8413341044198804e-17
47;157;3;-1.1897029400866097e-16
47;157;4;-1.1405869658218971e-12
47;157;5;-2.8413341044198804e-17
47;157;6;-2.8413341044198804e-17
47;157;7;-2.8413341044198804e-17
47;157;8;-2.8413341044198804e-17
48;157;1;0.0
48;157;2;0.0
48;157;3;0.0
48;157;4;0.0
48;157;5;0.0
48;157;6;0.0
48;157;7;0.0
48;157;8;0.0
49;157;1;0.0
49;157;2;0.0
49;157;3;0.0
49;157;4;0.0
49;157;5;0.0
49;157;6;0.0
49;157;7;0.0
49;157;8;0.0
50;157;1;0.0
50;157;2;0.0
50;157;3;0.0
50;157;4;0.0
50;157;5;0.0
50;157;6;0.0
50;157;7;0.0
50;157;8;0.0
51;157;1;0.0
51;157;2;0.0
51;157;3;0.0
51;157;4;0.0
51;157;5;0.0
51;157;6;0.0
51;157;7;0.0
51;157;8;0.0
52;157;1;0.0
52;157;2;0.0
52;157;3;0.0
52;157;4;-3.2888327180715027e-13
52;157;5;0.0
52;157;6;0.0
52;157;7;0.0
52;157;8;0.0
53;157;1;0.0
53;157;2;0.0
53;157;3;0.0
53;157;4;0.0
53;157;5;0.0
53;157;6;0.0
53;157;7;0.0
53;157;8;0.0
54;157;1;0.0
54;157;2;0.0
54;157;3;0.0
54;157;4;-7.440865820856226e-15
54;157;5;0.0
54;157;6;0.0
54;157;7;0.0
54;157;8;0.0
55;157;1;0.0
55;157;2;0.0
55;157;3;0.0
55;157;4;0.0
55;157;5;0.0
55;157;6;0.0
55;157;7;0.0
55;157;8;0.0
56;157;1;0.0
56;157;2;0.0
56;157;3;0.0
56;157;4;0.0
56;157;5;0.0
56;157;6;0.0
56;157;7;0.0
56;157;8;0.0
57;157;1;0.0
57;157;2;0.0
57;157;3;0.0
57;157;4;0.0
57;157;5;0.0
57;157;6;0.0
57;157;7;0.0
57;157;8;0.0
58;157;1;0.0
58;157;2;0.0
58;157;3;0.0
58;157;4;0.0
58;157;5;0.0
58;157;6;0.0
58;157;7;0.0
58;157;8;0.0
59;157;1;0.0
59;157;2;0.0
59;157;3;0.0
59;157;4;0.0
59;157;5;0.0
59;157;6;0.0
59;157;7;0.0
59;157;8;0.0
1;158;1;0.0
1;158;2;0.0
1;158;3;0.0
1;158;4;0.0
1;158;5;0.0
1;158;6;0.0
1;158;7;0.0
1;158;8;0.0
2;158;1;0.0
2;158;2;0.0
2;158;3;0.0
2;158;4;0.0
2;158;5;0.0
2;158;6;0.0
2;158;7;0.0
2;158;8;0.0
3;158;1;0.0
3;158;2;0.0
3;158;3;0.0
3;158;4;0.0
3;158;5;0.0
3;158;6;0.0
3;158;7;0.0
3;158;8;0.0
4;158;1;0.0
4;158;2;0.0
4;158;3;0.0
4;158;4;0.0
4;158;5;0.0
4;158;6;0.0
4;158;7;0.0
4;158;8;0.0
5;158;1;0.0
5;158;2;0.0
5;158;3;0.0
5;158;4;0.0
5;158;5;0.0
5;158;6;0.0
5;158;7;0.0
5;158;8;0.0
6;158;1;0.0
6;158;2;0.0
6;158;3;0.0
6;158;4;0.0
6;158;5;0.0
6;158;6;0.0
6;158;7;0.0
6;158;8;0.0
7;158;1;0.0
7;158;2;0.0
7;158;3;0.0
7;158;4;0.0
7;158;5;0.0
7;158;6;0.0
7;158;7;0.0
7;158;8;0.0
8;158;1;0.0
8;158;2;0.0
8;158;3;0.0
8;158;4;0.0
8;158;5;0.0
8;158;6;0.0
8;158;7;0.0
8;158;8;0.0
9;158;1;0.0
9;158;2;0.0
9;158;3;0.0
9;158;4;0.0
9;158;5;0.0
9;158;6;0.0
9;158;7;0.0
9;158;8;0.0
10;158;1;0.0
10;158;2;0.0
10;158;3;0.0
10;158;4;0.0
10;158;5;0.0
10;158;6;0.0
10;158;7;0.0
10;158;8;0.0
11;158;1;0.0
11;158;2;0.0
11;158;3;0.0
11;158;4;0.0
11;158;5;0.0
11;158;6;0.0
11;158;7;0.0
11;158;8;0.0
12;158;1;0.0
12;158;2;0.0
12;158;3;0.0
12;158;4;0.0
12;158;5;0.0
12;158;6;0.0
12;158;7;0.0
12;158;8;0.0
13;158;1;0.0
13;158;2;0.0
13;158;3;0.0
13;158;4;0.0
13;158;5;0.0
13;158;6;0.0
13;158;7;0.0
13;158;8;0.0
14;158;1;0.0
14;158;2;0.0
14;158;3;0.0
14;158;4;0.0
14;158;5;0.0
14;158;6;0.0
14;158;7;0.0
14;158;8;0.0
15;158;1;0.0
15;158;2;0.0
15;158;3;0.0
15;158;4;0.0
15;158;5;0.0
15;158;6;0.0
15;158;7;0.0
15;158;8;0.0
16;158;1;0.0
16;158;2;0.0
16;158;3;0.0
16;158;4;0.0
16;158;5;0.0
16;158;6;0.0
16;158;7;0.0
16;158;8;0.0
17;158;1;-1.5925230324858754e-17
17;158;2;-1.5925230324858754e-17
17;158;3;-6.104501044190231e-17
17;158;4;-0.9999999999865232
17;158;5;-1.5925230324858754e-17
17;158;6;-1.5925230324858754e-17
17;158;7;-1.5925230324858754e-17
17;158;8;-1.5925230324858754e-17
18;158;1;0.0
18;158;2;0.0
18;158;3;0.0
18;158;4;0.0
18;158;5;0.0
18;158;6;0.0
18;158;7;0.0
18;158;8;0.0
19;158;1;0.0
19;158;2;0.0
19;158;3;0.0
19;158;4;0.0
19;158;5;0.0
19;158;6;0.0
19;158;7;0.0
19;158;8;0.0
20;158;1;0.0
20;158;2;0.0
20;158;3;-4.2238219195749993e-17
20;158;4;0.0
20;158;5;0.0
20;158;6;0.0
20;158;7;0.0
20;158;8;0.0
21;158;1;-1.8218204842907083e-17
21;158;2;-1.8218204842907083e-17
21;158;3;-6.824721567024224e-17
21;158;4;-3.0135849021541683e-13
21;158;5;-1.8218204842907083e-17
21;158;6;-1.8218204842907083e-17
21;158;7;-1.8218204842907083e-17
21;158;8;-1.8218204842907083e-17
22;158;1;-3.907022193357935e-17
22;158;2;-3.907022193357935e-17
22;158;3;-1.6698519009497496e-16
22;158;4;-5.062616992290714e-14
22;158;5;-3.907022193357935e-17
22;158;6;-3.907022193357935e-17
22;158;7;-3.907022193357935e-17
22;158;8;-3.907022193357935e-17
23;158;1;0.0
23;158;2;0.0
23;158;3;0.0
23;158;4;0.0
23;158;5;0.0
23;158;6;0.0
23;158;7;0.0
23;158;8;0.0
24;158;1;0.0
24;158;2;0.0
24;158;3;0.0
24;158;4;0.0
24;158;5;0.0
24;158;6;0.0
24;158;7;0.0
24;158;8;0.0
25;158;1;0.0
25;158;2;0.0
25;158;3;0.0
25;158;4;0.0
25;158;5;0.0
25;158;6;0.0
25;158;7;0.0
25;158;8;0.0
26;158;1;0.0
26;158;2;0.0
26;158;3;0.0
26;158;4;0.0
26;158;5;0.0
26;158;6;0.0
26;158;7;0.0
26;158;8;0.0
27;158;1;0.0
27;158;2;0.0
27;158;3;0.0
27;158;4;0.0
27;158;5;0.0
27;158;6;0.0
27;158;7;0.0
27;158;8;0.0
28;158;1;0.0
28;158;2;0.0
28;158;3;0.0
28;158;4;0.0
28;158;5;0.0
28;158;6;0.0
28;158;7;0.0
28;158;8;0.0
29;158;1;0.0
29;158;2;0.0
29;158;3;0.0
29;158;4;0.0
29;158;5;0.0
29;158;6;0.0
29;158;7;0.0
29;158;8;0.0
30;158;1;0.0
30;158;2;0.0
30;158;3;0.0
30;158;4;0.0
30;158;5;0.0
30;158;6;0.0
30;158;7;0.0
30;158;8;0.0
31;158;1;0.0
31;158;2;0.0
31;158;3;0.0
31;158;4;0.0
31;158;5;0.0
31;158;6;0.0
31;158;7;0.0
31;158;8;0.0
32;158;1;0.0
32;158;2;0.0
32;158;3;0.0
32;158;4;0.0
32;158;5;0.0
32;158;6;0.0
32;158;7;0.0
32;158;8;0.0
33;158;1;0.0
33;158;2;0.0
33;158;3;0.0
33;158;4;0.0
33;158;5;0.0
33;158;6;0.0
33;158;7;0.0
33;158;8;0.0
34;158;1;0.0
34;158;2;0.0
34;158;3;0.0
34;158;4;0.0
34;158;5;0.0
34;158;6;0.0
34;158;7;0.0
34;158;8;0.0
35;158;1;0.0
35;158;2;0.0
35;158;3;0.0
35;158;4;0.0
35;158;5;0.0
35;158;6;0.0
35;158;7;0.0
35;158;8;0.0
36;158;1;0.0
36;158;2;0.0
36;158;3;0.0
36;158;4;0.0
36;158;5;0.0
36;158;6;0.0
36;158;7;0.0
36;158;8;0.0
37;158;1;0.0
37;158;2;0.0
37;158;3;0.0
37;158;4;0.0
37;158;5;0.0
37;158;6;0.0
37;158;7;0.0
37;158;8;0.0
38;158;1;0.0
38;158;2;0.0
38;158;3;0.0
38;158;4;0.0
38;158;5;0.0
38;158;6;0.0
38;158;7;0.0
38;158;8;0.0
39;158;1;0.0
39;158;2;0.0
39;158;3;0.0
39;158;4;0.0
39;158;5;0.0
39;158;6;0.0
39;158;7;0.0
39;158;8;0.0
40;158;1;0.0
40;158;2;0.0
40;158;3;0.0
40;158;4;0.0
40;158;5;0.0
40;158;6;0.0
40;158;7;0.0
40;158;8;0.0
41;158;1;0.0
41;158;2;0.0
41;158;3;0.0
41;158;4;0.0
41;158;5;0.0
41;158;6;0.0
41;158;7;0.0
41;158;8;0.0
42;158;1;0.0
42;158;2;0.0
42;158;3;0.0
42;158;4;0.0
42;158;5;0.0
42;158;6;0.0
42;158;7;0.0
42;158;8;0.0
43;158;1;0.0
43;158;2;0.0
43;158;3;0.0
43;158;4;0.0
43;158;5;0.0
43;158;6;0.0
43;158;7;0.0
43;158;8;0.0
44;158;1;0.0
44;158;2;0.0
44;158;3;0.0
44;158;4;0.0
44;158;5;0.0
44;158;6;0.0
44;158;7;0.0
44;158;8;0.0
45;158;1;0.0
45;158;2;0.0
45;158;3;0.0
45;158;4;0.0
45;158;5;0.0
45;158;6;0.0
45;158;7;0.0
45;158;8;0.0
46;158;1;0.0
46;158;2;0.0
46;158;3;0.0
46;158;4;0.0
46;158;5;0.0
46;158;6;0.0
46;158;7;0.0
46;158;8;0.0
47;158;1;-3.509395370429559e-17
47;158;2;-3.509395370429559e-17
47;158;3;-1.3196231840037493e-16
47;158;4;-2.096132866623519e-12
47;158;5;-3.509395370429559e-17
47;158;6;-3.509395370429559e-17
47;158;7;-3.509395370429559e-17
47;158;8;-3.509395370429559e-17
48;158;1;0.0
48;158;2;0.0
48;158;3;0.0
48;158;4;0.0
48;158;5;0.0
48;158;6;0.0
48;158;7;0.0
48;158;8;0.0
49;158;1;0.0
49;158;2;0.0
49;158;3;0.0
49;158;4;0.0
49;158;5;0.0
49;158;6;0.0
49;158;7;0.0
49;158;8;0.0
50;158;1;0.0
50;158;2;0.0
50;158;3;0.0
50;158;4;0.0
50;158;5;0.0
50;158;6;0.0
50;158;7;0.0
50;158;8;0.0
51;158;1;0.0
51;158;2;0.0
51;158;3;0.0
51;158;4;0.0
51;158;5;0.0
51;158;6;0.0
51;158;7;0.0
51;158;8;0.0
52;158;1;0.0
52;158;2;0.0
52;158;3;0.0
52;158;4;-3.24127513532972e-13
52;158;5;0.0
52;158;6;0.0
52;158;7;0.0
52;158;8;0.0
53;158;1;0.0
53;158;2;0.0
53;158;3;0.0
53;158;4;0.0
53;158;5;0.0
53;158;6;0.0
53;158;7;0.0
53;158;8;0.0
54;158;1;0.0
54;158;2;0.0
54;158;3;0.0
54;158;4;-8.170735148858234e-15
54;158;5;0.0
54;158;6;0.0
54;158;7;0.0
54;158;8;0.0
55;158;1;0.0
55;158;2;0.0
55;158;3;0.0
55;158;4;0.0
55;158;5;0.0
55;158;6;0.0
55;158;7;0.0
55;158;8;0.0
56;158;1;0.0
56;158;2;0.0
56;158;3;0.0
56;158;4;0.0
56;158;5;0.0
56;158;6;0.0
56;158;7;0.0
56;158;8;0.0
57;158;1;0.0
57;158;2;0.0
57;158;3;0.0
57;158;4;0.0
57;158;5;0.0
57;158;6;0.0
57;158;7;0.0
57;158;8;0.0
58;158;1;0.0
58;158;2;0.0
58;158;3;0.0
58;158;4;0.0
58;158;5;0.0
58;158;6;0.0
58;158;7;0.0
58;158;8;0.0
59;158;1;0.0
59;158;2;0.0
59;158;3;0.0
59;158;4;0.0
59;158;5;0.0
59;158;6;0.0
59;158;7;0.0
59;158;8;0.0
1;159;1;0.0
1;159;2;0.0
1;159;3;0.0
1;159;4;0.0
1;159;5;0.0
1;159;6;0.0
1;159;7;0.0
1;159;8;0.0
2;159;1;0.0
2;159;2;0.0
2;159;3;0.0
2;159;4;0.0
2;159;5;0.0
2;159;6;0.0
2;159;7;0.0
2;159;8;0.0
3;159;1;0.0
3;159;2;0.0
3;159;3;0.0
3;159;4;0.0
3;159;5;0.0
3;159;6;0.0
3;159;7;0.0
3;159;8;0.0
4;159;1;0.0
4;159;2;0.0
4;159;3;0.0
4;159;4;0.0
4;159;5;0.0
4;159;6;0.0
4;159;7;0.0
4;159;8;0.0
5;159;1;0.0
5;159;2;0.0
5;159;3;0.0
5;159;4;0.0
5;159;5;0.0
5;159;6;0.0
5;159;7;0.0
5;159;8;0.0
6;159;1;0.0
6;159;2;0.0
6;159;3;0.0
6;159;4;0.0
6;159;5;0.0
6;159;6;0.0
6;159;7;0.0
6;159;8;0.0
7;159;1;0.0
7;159;2;0.0
7;159;3;0.0
7;159;4;0.0
7;159;5;0.0
7;159;6;0.0
7;159;7;0.0
7;159;8;0.0
8;159;1;0.0
8;159;2;0.0
8;159;3;0.0
8;159;4;0.0
8;159;5;0.0
8;159;6;0.0
8;159;7;0.0
8;159;8;0.0
9;159;1;0.0
9;159;2;0.0
9;159;3;0.0
9;159;4;0.0
9;159;5;0.0
9;159;6;0.0
9;159;7;0.0
9;159;8;0.0
10;159;1;0.0
10;159;2;0.0
10;159;3;0.0
10;159;4;0.0
10;159;5;0.0
10;159;6;0.0
10;159;7;0.0
10;159;8;0.0
11;159;1;0.0
11;159;2;0.0
11;159;3;0.0
11;159;4;0.0
11;159;5;0.0
11;159;6;0.0
11;159;7;0.0
11;159;8;0.0
12;159;1;0.0
12;159;2;0.0
12;159;3;0.0
12;159;4;0.0
12;159;5;0.0
12;159;6;0.0
12;159;7;0.0
12;159;8;0.0
13;159;1;0.0
13;159;2;0.0
13;159;3;0.0
13;159;4;0.0
13;159;5;0.0
13;159;6;0.0
13;159;7;0.0
13;159;8;0.0
14;159;1;0.0
14;159;2;0.0
14;159;3;0.0
14;159;4;0.0
14;159;5;0.0
14;159;6;0.0
14;159;7;0.0
14;159;8;0.0
15;159;1;0.0
15;159;2;0.0
15;159;3;0.0
15;159;4;0.0
15;159;5;0.0
15;159;6;0.0
15;159;7;0.0
15;159;8;0.0
16;159;1;0.0
16;159;2;0.0
16;159;3;0.0
16;159;4;0.0
16;159;5;0.0
16;159;6;0.0
16;159;7;0.0
16;159;8;0.0
17;159;1;-1.9508196680564547e-17
17;159;2;-1.9508196680564547e-17
17;159;3;-6.957229784017264e-17
17;159;4;-0.9999999999870289
17;159;5;-1.9508196680564547e-17
17;159;6;-1.9508196680564547e-17
17;159;7;-1.9508196680564547e-17
17;159;8;-1.9508196680564547e-17
18;159;1;0.0
18;159;2;0.0
18;159;3;0.0
18;159;4;0.0
18;159;5;0.0
18;159;6;0.0
18;159;7;0.0
18;159;8;0.0
19;159;1;0.0
19;159;2;0.0
19;159;3;0.0
19;159;4;0.0
19;159;5;0.0
19;159;6;0.0
19;159;7;0.0
19;159;8;0.0
20;159;1;0.0
20;159;2;0.0
20;159;3;-4.6646771215053924e-17
20;159;4;0.0
20;159;5;0.0
20;159;6;0.0
20;159;7;0.0
20;159;8;0.0
21;159;1;-2.394697553978249e-17
21;159;2;-2.394697553978249e-17
21;159;3;-8.187245152383969e-17
21;159;4;-2.955497834897316e-13
21;159;5;-2.394697553978249e-17
21;159;6;-2.394697553978249e-17
21;159;7;-2.394697553978249e-17
21;159;8;-2.394697553978249e-17
22;159;1;-4.7718783232683494e-17
22;159;2;-4.7718783232683494e-17
22;159;3;-1.8763207226798366e-16
22;159;4;-5.3290705182007514e-14
22;159;5;-4.7718783232683494e-17
22;159;6;-4.7718783232683494e-17
22;159;7;-4.7718783232683494e-17
22;159;8;-4.7718783232683494e-17
23;159;1;0.0
23;159;2;0.0
23;159;3;0.0
23;159;4;0.0
23;159;5;0.0
23;159;6;0.0
23;159;7;0.0
23;159;8;0.0
24;159;1;0.0
24;159;2;0.0
24;159;3;0.0
24;159;4;0.0
24;159;5;0.0
24;159;6;0.0
24;159;7;0.0
24;159;8;0.0
25;159;1;0.0
25;159;2;0.0
25;159;3;0.0
25;159;4;0.0
25;159;5;0.0
25;159;6;0.0
25;159;7;0.0
25;159;8;0.0
26;159;1;0.0
26;159;2;0.0
26;159;3;0.0
26;159;4;0.0
26;159;5;0.0
26;159;6;0.0
26;159;7;0.0
26;159;8;0.0
27;159;1;0.0
27;159;2;0.0
27;159;3;0.0
27;159;4;0.0
27;159;5;0.0
27;159;6;0.0
27;159;7;0.0
27;159;8;0.0
28;159;1;0.0
28;159;2;0.0
28;159;3;0.0
28;159;4;0.0
28;159;5;0.0
28;159;6;0.0
28;159;7;0.0
28;159;8;0.0
29;159;1;0.0
29;159;2;0.0
29;159;3;0.0
29;159;4;0.0
29;159;5;0.0
29;159;6;0.0
29;159;7;0.0
29;159;8;0.0
30;159;1;0.0
30;159;2;0.0
30;159;3;0.0
30;159;4;0.0
30;159;5;0.0
30;159;6;0.0
30;159;7;0.0
30;159;8;0.0
31;159;1;0.0
31;159;2;0.0
31;159;3;0.0
31;159;4;0.0
31;159;5;0.0
31;159;6;0.0
31;159;7;0.0
31;159;8;0.0
32;159;1;0.0
32;159;2;0.0
32;159;3;0.0
32;159;4;0.0
32;159;5;0.0
32;159;6;0.0
32;159;7;0.0
32;159;8;0.0
33;159;1;0.0
33;159;2;0.0
33;159;3;0.0
33;159;4;0.0
33;159;5;0.0
33;159;6;0.0
33;159;7;0.0
33;159;8;0.0
34;159;1;0.0
34;159;2;0.0
34;159;3;0.0
34;159;4;0.0
34;159;5;0.0
34;159;6;0.0
34;159;7;0.0
34;159;8;0.0
35;159;1;0.0
35;159;2;0.0
35;159;3;0.0
35;159;4;0.0
35;159;5;0.0
35;159;6;0.0
35;159;7;0.0
35;159;8;0.0
36;159;1;0.0
36;159;2;0.0
36;159;3;0.0
36;159;4;0.0
36;159;5;0.0
36;159;6;0.0
36;159;7;0.0
36;159;8;0.0
37;159;1;0.0
37;159;2;0.0
37;159;3;0.0
37;159;4;0.0
37;159;5;0.0
37;159;6;0.0
37;159;7;0.0
37;159;8;0.0
38;159;1;0.0
38;159;2;0.0
38;159;3;0.0
38;159;4;0.0
38;159;5;0.0
38;159;6;0.0
38;159;7;0.0
38;159;8;0.0
39;159;1;0.0
39;159;2;0.0
39;159;3;0.0
39;159;4;0.0
39;159;5;0.0
39;159;6;0.0
39;159;7;0.0
39;159;8;0.0
40;159;1;0.0
40;159;2;0.0
40;159;3;0.0
40;159;4;0.0
40;159;5;0.0
40;159;6;0.0
40;159;7;0.0
40;159;8;0.0
41;159;1;0.0
41;159;2;0.0
41;159;3;0.0
41;159;4;0.0
41;159;5;0.0
41;159;6;0.0
41;159;7;0.0
41;159;8;0.0
42;159;1;0.0
42;159;2;0.0
42;159;3;0.0
42;159;4;0.0
42;159;5;0.0
42;159;6;0.0
42;159;7;0.0
42;159;8;0.0
43;159;1;0.0
43;159;2;0.0
43;159;3;0.0
43;159;4;0.0
43;159;5;0.0
43;159;6;0.0
43;159;7;0.0
43;159;8;0.0
44;159;1;0.0
44;159;2;0.0
44;159;3;0.0
44;159;4;0.0
44;159;5;0.0
44;159;6;0.0
44;159;7;0.0
44;159;8;0.0
45;159;1;0.0
45;159;2;0.0
45;159;3;0.0
45;159;4;0.0
45;159;5;0.0
45;159;6;0.0
45;159;7;0.0
45;159;8;0.0
46;159;1;0.0
46;159;2;0.0
46;159;3;0.0
46;159;4;0.0
46;159;5;0.0
46;159;6;0.0
46;159;7;0.0
46;159;8;0.0
47;159;1;-4.559813282886086e-17
47;159;2;-4.559813282886086e-17
47;159;3;-1.535722938371238e-16
47;159;4;-1.9759508925927927e-12
47;159;5;-4.559813282886086e-17
47;159;6;-4.559813282886086e-17
47;159;7;-4.559813282886086e-17
47;159;8;-4.559813282886086e-17
48;159;1;0.0
48;159;2;0.0
48;159;3;0.0
48;159;4;0.0
48;159;5;0.0
48;159;6;0.0
48;159;7;0.0
48;159;8;0.0
49;159;1;0.0
49;159;2;0.0
49;159;3;0.0
49;159;4;0.0
49;159;5;0.0
49;159;6;0.0
49;159;7;0.0
49;159;8;0.0
50;159;1;0.0
50;159;2;0.0
50;159;3;0.0
50;159;4;0.0
50;159;5;0.0
50;159;6;0.0
50;159;7;0.0
50;159;8;0.0
51;159;1;0.0
51;159;2;0.0
51;159;3;0.0
51;159;4;0.0
51;159;5;0.0
51;159;6;0.0
51;159;7;0.0
51;159;8;0.0
52;159;1;0.0
52;159;2;0.0
52;159;3;0.0
52;159;4;-3.261454782289181e-13
52;159;5;0.0
52;159;6;0.0
52;159;7;0.0
52;159;8;0.0
53;159;1;0.0
53;159;2;0.0
53;159;3;0.0
53;159;4;0.0
53;159;5;0.0
53;159;6;0.0
53;159;7;0.0
53;159;8;0.0
54;159;1;0.0
54;159;2;0.0
54;159;3;0.0
54;159;4;-7.820171330744297e-15
54;159;5;0.0
54;159;6;0.0
54;159;7;0.0
54;159;8;0.0
55;159;1;0.0
55;159;2;0.0
55;159;3;0.0
55;159;4;0.0
55;159;5;0.0
55;159;6;0.0
55;159;7;0.0
55;159;8;0.0
56;159;1;0.0
56;159;2;0.0
56;159;3;0.0
56;159;4;0.0
56;159;5;0.0
56;159;6;0.0
56;159;7;0.0
56;159;8;0.0
57;159;1;0.0
57;159;2;0.0
57;159;3;0.0
57;159;4;0.0
57;159;5;0.0
57;159;6;0.0
57;159;7;0.0
57;159;8;0.0
58;159;1;0.0
58;159;2;0.0
58;159;3;0.0
58;159;4;0.0
58;159;5;0.0
58;159;6;0.0
58;159;7;0.0
58;159;8;0.0
59;159;1;0.0
59;159;2;0.0
59;159;3;0.0
59;159;4;0.0
59;159;5;0.0
59;159;6;0.0
59;159;7;0.0
59;159;8;0.0
1;160;1;0.0
1;160;2;0.0
1;160;3;0.0
1;160;4;0.0
1;160;5;0.0
1;160;6;0.0
1;160;7;0.0
1;160;8;0.0
2;160;1;0.0
2;160;2;0.0
2;160;3;0.0
2;160;4;0.0
2;160;5;0.0
2;160;6;0.0
2;160;7;0.0
2;160;8;0.0
3;160;1;0.0
3;160;2;0.0
3;160;3;0.0
3;160;4;0.0
3;160;5;0.0
3;160;6;0.0
3;160;7;0.0
3;160;8;0.0
4;160;1;0.0
4;160;2;0.0
4;160;3;0.0
4;160;4;0.0
4;160;5;0.0
4;160;6;0.0
4;160;7;0.0
4;160;8;0.0
5;160;1;0.0
5;160;2;0.0
5;160;3;0.0
5;160;4;0.0
5;160;5;0.0
5;160;6;0.0
5;160;7;0.0
5;160;8;0.0
6;160;1;0.0
6;160;2;0.0
6;160;3;0.0
6;160;4;0.0
6;160;5;0.0
6;160;6;0.0
6;160;7;0.0
6;160;8;0.0
7;160;1;0.0
7;160;2;0.0
7;160;3;0.0
7;160;4;0.0
7;160;5;0.0
7;160;6;0.0
7;160;7;0.0
7;160;8;0.0
8;160;1;0.0
8;160;2;0.0
8;160;3;0.0
8;160;4;0.0
8;160;5;0.0
8;160;6;0.0
8;160;7;0.0
8;160;8;0.0
9;160;1;0.0
9;160;2;0.0
9;160;3;0.0
9;160;4;0.0
9;160;5;0.0
9;160;6;0.0
9;160;7;0.0
9;160;8;0.0
10;160;1;0.0
10;160;2;0.0
10;160;3;0.0
10;160;4;0.0
10;160;5;0.0
10;160;6;0.0
10;160;7;0.0
10;160;8;0.0
11;160;1;0.0
11;160;2;0.0
11;160;3;0.0
11;160;4;0.0
11;160;5;0.0
11;160;6;0.0
11;160;7;0.0
11;160;8;0.0
12;160;1;0.0
12;160;2;0.0
12;160;3;0.0
12;160;4;0.0
12;160;5;0.0
12;160;6;0.0
12;160;7;0.0
12;160;8;0.0
13;160;1;0.0
13;160;2;0.0
13;160;3;0.0
13;160;4;0.0
13;160;5;0.0
13;160;6;0.0
13;160;7;0.0
13;160;8;0.0
14;160;1;0.0
14;160;2;0.0
14;160;3;0.0
14;160;4;0.0
14;160;5;0.0
14;160;6;0.0
14;160;7;0.0
14;160;8;0.0
15;160;1;0.0
15;160;2;0.0
15;160;3;0.0
15;160;4;0.0
15;160;5;0.0
15;160;6;0.0
15;160;7;0.0
15;160;8;0.0
16;160;1;0.0
16;160;2;0.0
16;160;3;0.0
16;160;4;0.0
16;160;5;0.0
16;160;6;0.0
16;160;7;0.0
16;160;8;0.0
17;160;1;-2.7768477591095225e-17
17;160;2;-2.7768477591095225e-17
17;160;3;-9.551052537321695e-17
17;160;4;-1.000000000014485
17;160;5;-2.7768477591095225e-17
17;160;6;-2.7768477591095225e-17
17;160;7;-2.7768477591095225e-17
17;160;8;-2.7768477591095225e-17
18;160;1;0.0
18;160;2;0.0
18;160;3;0.0
18;160;4;0.0
18;160;5;0.0
18;160;6;0.0
18;160;7;0.0
18;160;8;0.0
19;160;1;0.0
19;160;2;0.0
19;160;3;0.0
19;160;4;0.0
19;160;5;0.0
19;160;6;0.0
19;160;7;0.0
19;160;8;0.0
20;160;1;0.0
20;160;2;0.0
20;160;3;4.2303945226806973e-16
20;160;4;0.0
20;160;5;0.0
20;160;6;0.0
20;160;7;0.0
20;160;8;0.0
21;160;1;-3.9331761009665704e-17
21;160;2;-3.9331761009665704e-17
21;160;3;-1.242907183717037e-16
21;160;4;-6.060721256264198e-13
21;160;5;-3.9331761009665704e-17
21;160;6;-3.9331761009665704e-17
21;160;7;-3.9331761009665704e-17
21;160;8;-3.9331761009665704e-17
22;160;1;-7.089787614363376e-17
22;160;2;-7.089787614363376e-17
22;160;3;-3.0875606391840527e-16
22;160;4;-1.6431300764452317e-13
22;160;5;-7.089787614363376e-17
22;160;6;-7.089787614363376e-17
22;160;7;-7.089787614363376e-17
22;160;8;-7.089787614363376e-17
23;160;1;0.0
23;160;2;0.0
23;160;3;0.0
23;160;4;0.0
23;160;5;0.0
23;160;6;0.0
23;160;7;0.0
23;160;8;0.0
24;160;1;0.0
24;160;2;0.0
24;160;3;0.0
24;160;4;0.0
24;160;5;0.0
24;160;6;0.0
24;160;7;0.0
24;160;8;0.0
25;160;1;0.0
25;160;2;0.0
25;160;3;0.0
25;160;4;0.0
25;160;5;0.0
25;160;6;0.0
25;160;7;0.0
25;160;8;0.0
26;160;1;0.0
26;160;2;0.0
26;160;3;0.0
26;160;4;0.0
26;160;5;0.0
26;160;6;0.0
26;160;7;0.0
26;160;8;0.0
27;160;1;0.0
27;160;2;0.0
27;160;3;0.0
27;160;4;0.0
27;160;5;0.0
27;160;6;0.0
27;160;7;0.0
27;160;8;0.0
28;160;1;0.0
28;160;2;0.0
28;160;3;0.0
28;160;4;0.0
28;160;5;0.0
28;160;6;0.0
28;160;7;0.0
28;160;8;0.0
29;160;1;0.0
29;160;2;0.0
29;160;3;0.0
29;160;4;0.0
29;160;5;0.0
29;160;6;0.0
29;160;7;0.0
29;160;8;0.0
30;160;1;0.0
30;160;2;0.0
30;160;3;0.0
30;160;4;0.0
30;160;5;0.0
30;160;6;0.0
30;160;7;0.0
30;160;8;0.0
31;160;1;0.0
31;160;2;0.0
31;160;3;0.0
31;160;4;0.0
31;160;5;0.0
31;160;6;0.0
31;160;7;0.0
31;160;8;0.0
32;160;1;0.0
32;160;2;0.0
32;160;3;0.0
32;160;4;0.0
32;160;5;0.0
32;160;6;0.0
32;160;7;0.0
32;160;8;0.0
33;160;1;0.0
33;160;2;0.0
33;160;3;0.0
33;160;4;0.0
33;160;5;0.0
33;160;6;0.0
33;160;7;0.0
33;160;8;0.0
34;160;1;0.0
34;160;2;0.0
34;160;3;0.0
34;160;4;0.0
34;160;5;0.0
34;160;6;0.0
34;160;7;0.0
34;160;8;0.0
35;160;1;0.0
35;160;2;0.0
35;160;3;0.0
35;160;4;0.0
35;160;5;0.0
35;160;6;0.0
35;160;7;0.0
35;160;8;0.0
36;160;1;0.0
36;160;2;0.0
36;160;3;0.0
36;160;4;0.0
36;160;5;0.0
36;160;6;0.0
36;160;7;0.0
36;160;8;0.0
37;160;1;0.0
37;160;2;0.0
37;160;3;0.0
37;160;4;0.0
37;160;5;0.0
37;160;6;0.0
37;160;7;0.0
37;160;8;0.0
38;160;1;0.0
38;160;2;0.0
38;160;3;0.0
38;160;4;0.0
38;160;5;0.0
38;160;6;0.0
38;160;7;0.0
38;160;8;0.0
39;160;1;0.0
39;160;2;0.0
39;160;3;0.0
39;160;4;0.0
39;160;5;0.0
39;160;6;0.0
39;160;7;0.0
39;160;8;0.0
40;160;1;0.0
40;160;2;0.0
40;160;3;0.0
40;160;4;0.0
40;160;5;0.0
40;160;6;0.0
40;160;7;0.0
40;160;8;0.0
41;160;1;0.0
41;160;2;0.0
41;160;3;0.0
41;160;4;0.0
41;160;5;0.0
41;160;6;0.0
41;160;7;0.0
41;160;8;0.0
42;160;1;0.0
42;160;2;0.0
42;160;3;0.0
42;160;4;0.0
42;160;5;0.0
42;160;6;0.0
42;160;7;0.0
42;160;8;0.0
43;160;1;0.0
43;160;2;0.0
43;160;3;0.0
43;160;4;0.0
43;160;5;0.0
43;160;6;0.0
43;160;7;0.0
43;160;8;0.0
44;160;1;0.0
44;160;2;0.0
44;160;3;0.0
44;160;4;0.0
44;160;5;0.0
44;160;6;0.0
44;160;7;0.0
44;160;8;0.0
45;160;1;0.0
45;160;2;0.0
45;160;3;0.0
45;160;4;0.0
45;160;5;0.0
45;160;6;0.0
45;160;7;0.0
45;160;8;0.0
46;160;1;0.0
46;160;2;0.0
46;160;3;0.0
46;160;4;0.0
46;160;5;0.0
46;160;6;0.0
46;160;7;0.0
46;160;8;0.0
47;160;1;-6.870342616420002e-17
47;160;2;-6.870342616420002e-17
47;160;3;-2.2185033416534748e-16
47;160;4;-6.030112015275535e-13
47;160;5;-6.870342616420002e-17
47;160;6;-6.870342616420002e-17
47;160;7;-6.870342616420002e-17
47;160;8;-6.870342616420002e-17
48;160;1;0.0
48;160;2;0.0
48;160;3;0.0
48;160;4;0.0
48;160;5;0.0
48;160;6;0.0
48;160;7;0.0
48;160;8;0.0
49;160;1;0.0
49;160;2;0.0
49;160;3;0.0
49;160;4;0.0
49;160;5;0.0
49;160;6;0.0
49;160;7;0.0
49;160;8;0.0
50;160;1;0.0
50;160;2;0.0
50;160;3;0.0
50;160;4;0.0
50;160;5;0.0
50;160;6;0.0
50;160;7;0.0
50;160;8;0.0
51;160;1;0.0
51;160;2;0.0
51;160;3;0.0
51;160;4;0.0
51;160;5;0.0
51;160;6;0.0
51;160;7;0.0
51;160;8;0.0
52;160;1;0.0
52;160;2;0.0
52;160;3;0.0
52;160;4;-2.901947479181002e-13
52;160;5;0.0
52;160;6;0.0
52;160;7;0.0
52;160;8;0.0
53;160;1;0.0
53;160;2;0.0
53;160;3;0.0
53;160;4;0.0
53;160;5;0.0
53;160;6;0.0
53;160;7;0.0
53;160;8;0.0
54;160;1;0.0
54;160;2;0.0
54;160;3;0.0
54;160;4;2.724043213220284e-12
54;160;5;0.0
54;160;6;0.0
54;160;7;0.0
54;160;8;0.0
55;160;1;0.0
55;160;2;0.0
55;160;3;0.0
55;160;4;0.0
55;160;5;0.0
55;160;6;0.0
55;160;7;0.0
55;160;8;0.0
56;160;1;0.0
56;160;2;0.0
56;160;3;0.0
56;160;4;0.0
56;160;5;0.0
56;160;6;0.0
56;160;7;0.0
56;160;8;0.0
57;160;1;0.0
57;160;2;0.0
57;160;3;0.0
57;160;4;0.0
57;160;5;0.0
57;160;6;0.0
57;160;7;0.0
57;160;8;0.0
58;160;1;0.0
58;160;2;0.0
58;160;3;0.0
58;160;4;0.0
58;160;5;0.0
58;160;6;0.0
58;160;7;0.0
58;160;8;0.0
59;160;1;0.0
59;160;2;0.0
59;160;3;0.0
59;160;4;0.0
59;160;5;0.0
59;160;6;0.0
59;160;7;0.0
59;160;8;0.0
1;161;1;0.0
1;161;2;0.0
1;161;3;0.0
1;161;4;0.0
1;161;5;0.0
1;161;6;0.0
1;161;7;0.0
1;161;8;0.0
2;161;1;0.0
2;161;2;0.0
2;161;3;0.0
2;161;4;0.0
2;161;5;0.0
2;161;6;0.0
2;161;7;0.0
2;161;8;0.0
3;161;1;0.0
3;161;2;0.0
3;161;3;0.0
3;161;4;0.0
3;161;5;0.0
3;161;6;0.0
3;161;7;0.0
3;161;8;0.0
4;161;1;0.0
4;161;2;0.0
4;161;3;0.0
4;161;4;0.0
4;161;5;0.0
4;161;6;0.0
4;161;7;0.0
4;161;8;0.0
5;161;1;0.0
5;161;2;0.0
5;161;3;0.0
5;161;4;0.0
5;161;5;0.0
5;161;6;0.0
5;161;7;0.0
5;161;8;0.0
6;161;1;0.0
6;161;2;0.0
6;161;3;0.0
6;161;4;0.0
6;161;5;0.0
6;161;6;0.0
6;161;7;0.0
6;161;8;0.0
7;161;1;0.0
7;161;2;0.0
7;161;3;0.0
7;161;4;0.0
7;161;5;0.0
7;161;6;0.0
7;161;7;0.0
7;161;8;0.0
8;161;1;0.0
8;161;2;0.0
8;161;3;0.0
8;161;4;0.0
8;161;5;0.0
8;161;6;0.0
8;161;7;0.0
8;161;8;0.0
9;161;1;0.0
9;161;2;0.0
9;161;3;0.0
9;161;4;0.0
9;161;5;0.0
9;161;6;0.0
9;161;7;0.0
9;161;8;0.0
10;161;1;0.0
10;161;2;0.0
10;161;3;0.0
10;161;4;0.0
10;161;5;0.0
10;161;6;0.0
10;161;7;0.0
10;161;8;0.0
11;161;1;0.0
11;161;2;0.0
11;161;3;0.0
11;161;4;0.0
11;161;5;0.0
11;161;6;0.0
11;161;7;0.0
11;161;8;0.0
12;161;1;0.0
12;161;2;0.0
12;161;3;0.0
12;161;4;0.0
12;161;5;0.0
12;161;6;0.0
12;161;7;0.0
12;161;8;0.0
13;161;1;0.0
13;161;2;0.0
13;161;3;0.0
13;161;4;0.0
13;161;5;0.0
13;161;6;0.0
13;161;7;0.0
13;161;8;0.0
14;161;1;0.0
14;161;2;0.0
14;161;3;0.0
14;161;4;0.0
14;161;5;0.0
14;161;6;0.0
14;161;7;0.0
14;161;8;0.0
15;161;1;0.0
15;161;2;0.0
15;161;3;0.0
15;161;4;0.0
15;161;5;0.0
15;161;6;0.0
15;161;7;0.0
15;161;8;0.0
16;161;1;0.0
16;161;2;0.0
16;161;3;0.0
16;161;4;0.0
16;161;5;0.0
16;161;6;0.0
16;161;7;0.0
16;161;8;0.0
17;161;1;0.0
17;161;2;0.0
17;161;3;0.0
17;161;4;-0.9999999996277686
17;161;5;0.0
17;161;6;0.0
17;161;7;0.0
17;161;8;0.0
18;161;1;0.0
18;161;2;0.0
18;161;3;0.0
18;161;4;0.0
18;161;5;0.0
18;161;6;0.0
18;161;7;0.0
18;161;8;0.0
19;161;1;0.0
19;161;2;0.0
19;161;3;0.0
19;161;4;0.0
19;161;5;0.0
19;161;6;0.0
19;161;7;0.0
19;161;8;0.0
20;161;1;0.0
20;161;2;0.0
20;161;3;0.0
20;161;4;0.0
20;161;5;0.0
20;161;6;0.0
20;161;7;0.0
20;161;8;0.0
21;161;1;0.0
21;161;2;0.0
21;161;3;0.0
21;161;4;-2.6513678900635606e-13
21;161;5;0.0
21;161;6;0.0
21;161;7;0.0
21;161;8;0.0
22;161;1;0.0
22;161;2;0.0
22;161;3;0.0
22;161;4;-5.062616992290714e-14
22;161;5;0.0
22;161;6;0.0
22;161;7;0.0
22;161;8;0.0
23;161;1;0.0
23;161;2;0.0
23;161;3;0.0
23;161;4;0.0
23;161;5;0.0
23;161;6;0.0
23;161;7;0.0
23;161;8;0.0
24;161;1;0.0
24;161;2;0.0
24;161;3;0.0
24;161;4;0.0
24;161;5;0.0
24;161;6;0.0
24;161;7;0.0
24;161;8;0.0
25;161;1;0.0
25;161;2;0.0
25;161;3;0.0
25;161;4;0.0
25;161;5;0.0
25;161;6;0.0
25;161;7;0.0
25;161;8;0.0
26;161;1;0.0
26;161;2;0.0
26;161;3;0.0
26;161;4;0.0
26;161;5;0.0
26;161;6;0.0
26;161;7;0.0
26;161;8;0.0
27;161;1;0.0
27;161;2;0.0
27;161;3;0.0
27;161;4;0.0
27;161;5;0.0
27;161;6;0.0
27;161;7;0.0
27;161;8;0.0
28;161;1;0.0
28;161;2;0.0
28;161;3;0.0
28;161;4;0.0
28;161;5;0.0
28;161;6;0.0
28;161;7;0.0
28;161;8;0.0
29;161;1;0.0
29;161;2;0.0
29;161;3;0.0
29;161;4;0.0
29;161;5;0.0
29;161;6;0.0
29;161;7;0.0
29;161;8;0.0
30;161;1;0.0
30;161;2;0.0
30;161;3;0.0
30;161;4;0.0
30;161;5;0.0
30;161;6;0.0
30;161;7;0.0
30;161;8;0.0
31;161;1;0.0
31;161;2;0.0
31;161;3;0.0
31;161;4;0.0
31;161;5;0.0
31;161;6;0.0
31;161;7;0.0
31;161;8;0.0
32;161;1;0.0
32;161;2;0.0
32;161;3;0.0
32;161;4;0.0
32;161;5;0.0
32;161;6;0.0
32;161;7;0.0
32;161;8;0.0
33;161;1;0.0
33;161;2;0.0
33;161;3;0.0
33;161;4;0.0
33;161;5;0.0
33;161;6;0.0
33;161;7;0.0
33;161;8;0.0
34;161;1;0.0
34;161;2;0.0
34;161;3;0.0
34;161;4;0.0
34;161;5;0.0
34;161;6;0.0
34;161;7;0.0
34;161;8;0.0
35;161;1;0.0
35;161;2;0.0
35;161;3;0.0
35;161;4;0.0
35;161;5;0.0
35;161;6;0.0
35;161;7;0.0
35;161;8;0.0
36;161;1;0.0
36;161;2;0.0
36;161;3;0.0
36;161;4;0.0
36;161;5;0.0
36;161;6;0.0
36;161;7;0.0
36;161;8;0.0
37;161;1;0.0
37;161;2;0.0
37;161;3;0.0
37;161;4;0.0
37;161;5;0.0
37;161;6;0.0
37;161;7;0.0
37;161;8;0.0
38;161;1;0.0
38;161;2;0.0
38;161;3;0.0
38;161;4;0.0
38;161;5;0.0
38;161;6;0.0
38;161;7;0.0
38;161;8;0.0
39;161;1;0.0
39;161;2;0.0
39;161;3;0.0
39;161;4;0.0
39;161;5;0.0
39;161;6;0.0
39;161;7;0.0
39;161;8;0.0
40;161;1;0.0
40;161;2;0.0
40;161;3;0.0
40;161;4;0.0
40;161;5;0.0
40;161;6;0.0
40;161;7;0.0
40;161;8;0.0
41;161;1;0.0
41;161;2;0.0
41;161;3;0.0
41;161;4;0.0
41;161;5;0.0
41;161;6;0.0
41;161;7;0.0
41;161;8;0.0
42;161;1;0.0
42;161;2;0.0
42;161;3;0.0
42;161;4;0.0
42;161;5;0.0
42;161;6;0.0
42;161;7;0.0
42;161;8;0.0
43;161;1;0.0
43;161;2;0.0
43;161;3;0.0
43;161;4;0.0
43;161;5;0.0
43;161;6;0.0
43;161;7;0.0
43;161;8;0.0
44;161;1;0.0
44;161;2;0.0
44;161;3;0.0
44;161;4;0.0
44;161;5;0.0
44;161;6;0.0
44;161;7;0.0
44;161;8;0.0
45;161;1;0.0
45;161;2;0.0
45;161;3;0.0
45;161;4;0.0
45;161;5;0.0
45;161;6;0.0
45;161;7;0.0
45;161;8;0.0
46;161;1;0.0
46;161;2;0.0
46;161;3;0.0
46;161;4;0.0
46;161;5;0.0
46;161;6;0.0
46;161;7;0.0
46;161;8;0.0
47;161;1;0.0
47;161;2;0.0
47;161;3;0.0
47;161;4;-3.714722099543631e-10
47;161;5;0.0
47;161;6;0.0
47;161;7;0.0
47;161;8;0.0
48;161;1;0.0
48;161;2;0.0
48;161;3;0.0
48;161;4;0.0
48;161;5;0.0
48;161;6;0.0
48;161;7;0.0
48;161;8;0.0
49;161;1;0.0
49;161;2;0.0
49;161;3;0.0
49;161;4;0.0
49;161;5;0.0
49;161;6;0.0
49;161;7;0.0
49;161;8;0.0
50;161;1;0.0
50;161;2;0.0
50;161;3;0.0
50;161;4;0.0
50;161;5;0.0
50;161;6;0.0
50;161;7;0.0
50;161;8;0.0
51;161;1;0.0
51;161;2;0.0
51;161;3;0.0
51;161;4;0.0
51;161;5;0.0
51;161;6;0.0
51;161;7;0.0
51;161;8;0.0
52;161;1;0.0
52;161;2;0.0
52;161;3;0.0
52;161;4;-1.6152306305681458e-13
52;161;5;0.0
52;161;6;0.0
52;161;7;0.0
52;161;8;0.0
53;161;1;0.0
53;161;2;0.0
53;161;3;0.0
53;161;4;0.0
53;161;5;0.0
53;161;6;0.0
53;161;7;0.0
53;161;8;0.0
54;161;1;0.0
54;161;2;0.0
54;161;3;0.0
54;161;4;-9.320802572374046e-15
54;161;5;0.0
54;161;6;0.0
54;161;7;0.0
54;161;8;0.0
55;161;1;0.0
55;161;2;0.0
55;161;3;0.0
55;161;4;0.0
55;161;5;0.0
55;161;6;0.0
55;161;7;0.0
55;161;8;0.0
56;161;1;0.0
56;161;2;0.0
56;161;3;0.0
56;161;4;0.0
56;161;5;0.0
56;161;6;0.0
56;161;7;0.0
56;161;8;0.0
57;161;1;0.0
57;161;2;0.0
57;161;3;0.0
57;161;4;0.0
57;161;5;0.0
57;161;6;0.0
57;161;7;0.0
57;161;8;0.0
58;161;1;0.0
58;161;2;0.0
58;161;3;0.0
58;161;4;0.0
58;161;5;0.0
58;161;6;0.0
58;161;7;0.0
58;161;8;0.0
59;161;1;0.0
59;161;2;0.0
59;161;3;0.0
59;161;4;0.0
59;161;5;0.0
59;161;6;0.0
59;161;7;0.0
59;161;8;0.0
1;162;1;0.0
1;162;2;0.0
1;162;3;0.0
1;162;4;0.0
1;162;5;0.0
1;162;6;0.0
1;162;7;0.0
1;162;8;0.0
2;162;1;0.0
2;162;2;0.0
2;162;3;0.0
2;162;4;0.0
2;162;5;0.0
2;162;6;0.0
2;162;7;0.0
2;162;8;0.0
3;162;1;0.0
3;162;2;0.0
3;162;3;0.0
3;162;4;0.0
3;162;5;0.0
3;162;6;0.0
3;162;7;0.0
3;162;8;0.0
4;162;1;0.0
4;162;2;0.0
4;162;3;0.0
4;162;4;0.0
4;162;5;0.0
4;162;6;0.0
4;162;7;0.0
4;162;8;0.0
5;162;1;0.0
5;162;2;0.0
5;162;3;0.0
5;162;4;0.0
5;162;5;0.0
5;162;6;0.0
5;162;7;0.0
5;162;8;0.0
6;162;1;0.0
6;162;2;0.0
6;162;3;0.0
6;162;4;0.0
6;162;5;0.0
6;162;6;0.0
6;162;7;0.0
6;162;8;0.0
7;162;1;0.0
7;162;2;0.0
7;162;3;0.0
7;162;4;0.0
7;162;5;0.0
7;162;6;0.0
7;162;7;0.0
7;162;8;0.0
8;162;1;0.0
8;162;2;0.0
8;162;3;0.0
8;162;4;0.0
8;162;5;0.0
8;162;6;0.0
8;162;7;0.0
8;162;8;0.0
9;162;1;0.0
9;162;2;0.0
9;162;3;0.0
9;162;4;0.0
9;162;5;0.0
9;162;6;0.0
9;162;7;0.0
9;162;8;0.0
10;162;1;0.0
10;162;2;0.0
10;162;3;0.0
10;162;4;0.0
10;162;5;0.0
10;162;6;0.0
10;162;7;0.0
10;162;8;0.0
11;162;1;0.0
11;162;2;0.0
11;162;3;0.0
11;162;4;0.0
11;162;5;0.0
11;162;6;0.0
11;162;7;0.0
11;162;8;0.0
12;162;1;0.0
12;162;2;0.0
12;162;3;0.0
12;162;4;0.0
12;162;5;0.0
12;162;6;0.0
12;162;7;0.0
12;162;8;0.0
13;162;1;0.0
13;162;2;0.0
13;162;3;0.0
13;162;4;0.0
13;162;5;0.0
13;162;6;0.0
13;162;7;0.0
13;162;8;0.0
14;162;1;0.0
14;162;2;0.0
14;162;3;0.0
14;162;4;0.0
14;162;5;0.0
14;162;6;0.0
14;162;7;0.0
14;162;8;0.0
15;162;1;0.0
15;162;2;0.0
15;162;3;0.0
15;162;4;0.0
15;162;5;0.0
15;162;6;0.0
15;162;7;0.0
15;162;8;0.0
16;162;1;0.0
16;162;2;0.0
16;162;3;0.0
16;162;4;0.0
16;162;5;0.0
16;162;6;0.0
16;162;7;0.0
16;162;8;0.0
17;162;1;0.0
17;162;2;0.0
17;162;3;0.0
17;162;4;-0.9999999973660338
17;162;5;0.0
17;162;6;0.0
17;162;7;0.0
17;162;8;0.0
18;162;1;0.0
18;162;2;0.0
18;162;3;0.0
18;162;4;0.0
18;162;5;0.0
18;162;6;0.0
18;162;7;0.0
18;162;8;0.0
19;162;1;0.0
19;162;2;0.0
19;162;3;0.0
19;162;4;0.0
19;162;5;0.0
19;162;6;0.0
19;162;7;0.0
19;162;8;0.0
20;162;1;0.0
20;162;2;0.0
20;162;3;0.0
20;162;4;0.0
20;162;5;0.0
20;162;6;0.0
20;162;7;0.0
20;162;8;0.0
21;162;1;0.0
21;162;2;0.0
21;162;3;0.0
21;162;4;-3.274171531146361e-13
21;162;5;0.0
21;162;6;0.0
21;162;7;0.0
21;162;8;0.0
22;162;1;-1.8844959315107038e-17
22;162;2;-1.8844959315107038e-17
22;162;3;0.0
22;162;4;-5.1514348342607263e-14
22;162;5;-1.8844959315107038e-17
22;162;6;-1.8844959315107038e-17
22;162;7;-1.8844959315107038e-17
22;162;8;-1.8844959315107038e-17
23;162;1;0.0
23;162;2;0.0
23;162;3;0.0
23;162;4;0.0
23;162;5;0.0
23;162;6;0.0
23;162;7;0.0
23;162;8;0.0
24;162;1;0.0
24;162;2;0.0
24;162;3;0.0
24;162;4;0.0
24;162;5;0.0
24;162;6;0.0
24;162;7;0.0
24;162;8;0.0
25;162;1;0.0
25;162;2;0.0
25;162;3;0.0
25;162;4;0.0
25;162;5;0.0
25;162;6;0.0
25;162;7;0.0
25;162;8;0.0
26;162;1;0.0
26;162;2;0.0
26;162;3;0.0
26;162;4;0.0
26;162;5;0.0
26;162;6;0.0
26;162;7;0.0
26;162;8;0.0
27;162;1;0.0
27;162;2;0.0
27;162;3;0.0
27;162;4;0.0
27;162;5;0.0
27;162;6;0.0
27;162;7;0.0
27;162;8;0.0
28;162;1;0.0
28;162;2;0.0
28;162;3;0.0
28;162;4;0.0
28;162;5;0.0
28;162;6;0.0
28;162;7;0.0
28;162;8;0.0
29;162;1;0.0
29;162;2;0.0
29;162;3;0.0
29;162;4;0.0
29;162;5;0.0
29;162;6;0.0
29;162;7;0.0
29;162;8;0.0
30;162;1;0.0
30;162;2;0.0
30;162;3;0.0
30;162;4;0.0
30;162;5;0.0
30;162;6;0.0
30;162;7;0.0
30;162;8;0.0
31;162;1;0.0
31;162;2;0.0
31;162;3;0.0
31;162;4;0.0
31;162;5;0.0
31;162;6;0.0
31;162;7;0.0
31;162;8;0.0
32;162;1;0.0
32;162;2;0.0
32;162;3;0.0
32;162;4;0.0
32;162;5;0.0
32;162;6;0.0
32;162;7;0.0
32;162;8;0.0
33;162;1;0.0
33;162;2;0.0
33;162;3;0.0
33;162;4;0.0
33;162;5;0.0
33;162;6;0.0
33;162;7;0.0
33;162;8;0.0
34;162;1;0.0
34;162;2;0.0
34;162;3;0.0
34;162;4;0.0
34;162;5;0.0
34;162;6;0.0
34;162;7;0.0
34;162;8;0.0
35;162;1;0.0
35;162;2;0.0
35;162;3;0.0
35;162;4;0.0
35;162;5;0.0
35;162;6;0.0
35;162;7;0.0
35;162;8;0.0
36;162;1;0.0
36;162;2;0.0
36;162;3;0.0
36;162;4;0.0
36;162;5;0.0
36;162;6;0.0
36;162;7;0.0
36;162;8;0.0
37;162;1;0.0
37;162;2;0.0
37;162;3;0.0
37;162;4;0.0
37;162;5;0.0
37;162;6;0.0
37;162;7;0.0
37;162;8;0.0
38;162;1;0.0
38;162;2;0.0
38;162;3;0.0
38;162;4;0.0
38;162;5;0.0
38;162;6;0.0
38;162;7;0.0
38;162;8;0.0
39;162;1;0.0
39;162;2;0.0
39;162;3;0.0
39;162;4;0.0
39;162;5;0.0
39;162;6;0.0
39;162;7;0.0
39;162;8;0.0
40;162;1;0.0
40;162;2;0.0
40;162;3;0.0
40;162;4;0.0
40;162;5;0.0
40;162;6;0.0
40;162;7;0.0
40;162;8;0.0
41;162;1;0.0
41;162;2;0.0
41;162;3;0.0
41;162;4;0.0
41;162;5;0.0
41;162;6;0.0
41;162;7;0.0
41;162;8;0.0
42;162;1;0.0
42;162;2;0.0
42;162;3;0.0
42;162;4;0.0
42;162;5;0.0
42;162;6;0.0
42;162;7;0.0
42;162;8;0.0
43;162;1;0.0
43;162;2;0.0
43;162;3;0.0
43;162;4;0.0
43;162;5;0.0
43;162;6;0.0
43;162;7;0.0
43;162;8;0.0
44;162;1;0.0
44;162;2;0.0
44;162;3;0.0
44;162;4;0.0
44;162;5;0.0
44;162;6;0.0
44;162;7;0.0
44;162;8;0.0
45;162;1;0.0
45;162;2;0.0
45;162;3;0.0
45;162;4;0.0
45;162;5;0.0
45;162;6;0.0
45;162;7;0.0
45;162;8;0.0
46;162;1;0.0
46;162;2;0.0
46;162;3;0.0
46;162;4;0.0
46;162;5;0.0
46;162;6;0.0
46;162;7;0.0
46;162;8;0.0
47;162;1;0.0
47;162;2;0.0
47;162;3;0.0
47;162;4;-2.6335318467233187e-09
47;162;5;0.0
47;162;6;0.0
47;162;7;0.0
47;162;8;0.0
48;162;1;0.0
48;162;2;0.0
48;162;3;0.0
48;162;4;0.0
48;162;5;0.0
48;162;6;0.0
48;162;7;0.0
48;162;8;0.0
49;162;1;0.0
49;162;2;0.0
49;162;3;0.0
49;162;4;0.0
49;162;5;0.0
49;162;6;0.0
49;162;7;0.0
49;162;8;0.0
50;162;1;0.0
50;162;2;0.0
50;162;3;0.0
50;162;4;0.0
50;162;5;0.0
50;162;6;0.0
50;162;7;0.0
50;162;8;0.0
51;162;1;0.0
51;162;2;0.0
51;162;3;0.0
51;162;4;0.0
51;162;5;0.0
51;162;6;0.0
51;162;7;0.0
51;162;8;0.0
52;162;1;0.0
52;162;2;0.0
52;162;3;0.0
52;162;4;-3.1879539734444124e-13
52;162;5;0.0
52;162;6;0.0
52;162;7;0.0
52;162;8;0.0
53;162;1;0.0
53;162;2;0.0
53;162;3;0.0
53;162;4;0.0
53;162;5;0.0
53;162;6;0.0
53;162;7;0.0
53;162;8;0.0
54;162;1;0.0
54;162;2;0.0
54;162;3;0.0
54;162;4;-8.730217087320954e-15
54;162;5;0.0
54;162;6;0.0
54;162;7;0.0
54;162;8;0.0
55;162;1;0.0
55;162;2;0.0
55;162;3;0.0
55;162;4;0.0
55;162;5;0.0
55;162;6;0.0
55;162;7;0.0
55;162;8;0.0
56;162;1;0.0
56;162;2;0.0
56;162;3;0.0
56;162;4;0.0
56;162;5;0.0
56;162;6;0.0
56;162;7;0.0
56;162;8;0.0
57;162;1;0.0
57;162;2;0.0
57;162;3;0.0
57;162;4;0.0
57;162;5;0.0
57;162;6;0.0
57;162;7;0.0
57;162;8;0.0
58;162;1;0.0
58;162;2;0.0
58;162;3;0.0
58;162;4;0.0
58;162;5;0.0
58;162;6;0.0
58;162;7;0.0
58;162;8;0.0
59;162;1;0.0
59;162;2;0.0
59;162;3;0.0
59;162;4;0.0
59;162;5;0.0
59;162;6;0.0
59;162;7;0.0
59;162;8;0.0
1;163;1;0.0
1;163;2;0.0
1;163;3;0.0
1;163;4;0.0
1;163;5;0.0
1;163;6;0.0
1;163;7;0.0
1;163;8;0.0
2;163;1;0.0
2;163;2;0.0
2;163;3;0.0
2;163;4;0.0
2;163;5;0.0
2;163;6;0.0
2;163;7;0.0
2;163;8;0.0
3;163;1;0.0
3;163;2;0.0
3;163;3;0.0
3;163;4;0.0
3;163;5;0.0
3;163;6;0.0
3;163;7;0.0
3;163;8;0.0
4;163;1;0.0
4;163;2;0.0
4;163;3;0.0
4;163;4;0.0
4;163;5;0.0
4;163;6;0.0
4;163;7;0.0
4;163;8;0.0
5;163;1;0.0
5;163;2;0.0
5;163;3;0.0
5;163;4;0.0
5;163;5;0.0
5;163;6;0.0
5;163;7;0.0
5;163;8;0.0
6;163;1;0.0
6;163;2;0.0
6;163;3;0.0
6;163;4;0.0
6;163;5;0.0
6;163;6;0.0
6;163;7;0.0
6;163;8;0.0
7;163;1;0.0
7;163;2;0.0
7;163;3;0.0
7;163;4;0.0
7;163;5;0.0
7;163;6;0.0
7;163;7;0.0
7;163;8;0.0
8;163;1;0.0
8;163;2;0.0
8;163;3;0.0
8;163;4;0.0
8;163;5;0.0
8;163;6;0.0
8;163;7;0.0
8;163;8;0.0
9;163;1;0.0
9;163;2;0.0
9;163;3;0.0
9;163;4;0.0
9;163;5;0.0
9;163;6;0.0
9;163;7;0.0
9;163;8;0.0
10;163;1;0.0
10;163;2;0.0
10;163;3;0.0
10;163;4;0.0
10;163;5;0.0
10;163;6;0.0
10;163;7;0.0
10;163;8;0.0
11;163;1;0.0
11;163;2;0.0
11;163;3;0.0
11;163;4;0.0
11;163;5;0.0
11;163;6;0.0
11;163;7;0.0
11;163;8;0.0
12;163;1;0.0
12;163;2;0.0
12;163;3;0.0
12;163;4;0.0
12;163;5;0.0
12;163;6;0.0
12;163;7;0.0
12;163;8;0.0
13;163;1;0.0
13;163;2;0.0
13;163;3;0.0
13;163;4;0.0
13;163;5;0.0
13;163;6;0.0
13;163;7;0.0
13;163;8;0.0
14;163;1;0.0
14;163;2;0.0
14;163;3;0.0
14;163;4;0.0
14;163;5;0.0
14;163;6;0.0
14;163;7;0.0
14;163;8;0.0
15;163;1;0.0
15;163;2;0.0
15;163;3;0.0
15;163;4;0.0
15;163;5;0.0
15;163;6;0.0
15;163;7;0.0
15;163;8;0.0
16;163;1;0.0
16;163;2;0.0
16;163;3;0.0
16;163;4;0.0
16;163;5;0.0
16;163;6;0.0
16;163;7;0.0
16;163;8;0.0
17;163;1;-9.740685565307104e-18
17;163;2;-9.740685565307104e-18
17;163;3;-3.5090563112876136e-17
17;163;4;-0.9999999974545017
17;163;5;-9.740685565307104e-18
17;163;6;-9.740685565307104e-18
17;163;7;-9.740685565307104e-18
17;163;8;-9.740685565307104e-18
18;163;1;0.0
18;163;2;0.0
18;163;3;0.0
18;163;4;0.0
18;163;5;0.0
18;163;6;0.0
18;163;7;0.0
18;163;8;0.0
19;163;1;0.0
19;163;2;0.0
19;163;3;0.0
19;163;4;0.0
19;163;5;0.0
19;163;6;0.0
19;163;7;0.0
19;163;8;0.0
20;163;1;0.0
20;163;2;0.0
20;163;3;-2.80846432372629e-17
20;163;4;0.0
20;163;5;0.0
20;163;6;0.0
20;163;7;0.0
20;163;8;0.0
21;163;1;-1.1382096947687534e-17
21;163;2;-1.1382096947687534e-17
21;163;3;-3.32348842023684e-17
21;163;4;-2.9434916991117253e-13
21;163;5;-1.1382096947687534e-17
21;163;6;-1.1382096947687534e-17
21;163;7;-1.1382096947687534e-17
21;163;8;-1.1382096947687534e-17
22;163;1;-2.4311166401167228e-17
22;163;2;-2.4311166401167228e-17
22;163;3;-9.55565449195032e-17
22;163;4;-4.796163466380676e-14
22;163;5;-2.4311166401167228e-17
22;163;6;-2.4311166401167228e-17
22;163;7;-2.4311166401167228e-17
22;163;8;-2.4311166401167228e-17
23;163;1;0.0
23;163;2;0.0
23;163;3;0.0
23;163;4;0.0
23;163;5;0.0
23;163;6;0.0
23;163;7;0.0
23;163;8;0.0
24;163;1;0.0
24;163;2;0.0
24;163;3;0.0
24;163;4;0.0
24;163;5;0.0
24;163;6;0.0
24;163;7;0.0
24;163;8;0.0
25;163;1;0.0
25;163;2;0.0
25;163;3;0.0
25;163;4;0.0
25;163;5;0.0
25;163;6;0.0
25;163;7;0.0
25;163;8;0.0
26;163;1;0.0
26;163;2;0.0
26;163;3;0.0
26;163;4;0.0
26;163;5;0.0
26;163;6;0.0
26;163;7;0.0
26;163;8;0.0
27;163;1;0.0
27;163;2;0.0
27;163;3;0.0
27;163;4;0.0
27;163;5;0.0
27;163;6;0.0
27;163;7;0.0
27;163;8;0.0
28;163;1;0.0
28;163;2;0.0
28;163;3;0.0
28;163;4;0.0
28;163;5;0.0
28;163;6;0.0
28;163;7;0.0
28;163;8;0.0
29;163;1;0.0
29;163;2;0.0
29;163;3;0.0
29;163;4;0.0
29;163;5;0.0
29;163;6;0.0
29;163;7;0.0
29;163;8;0.0
30;163;1;0.0
30;163;2;0.0
30;163;3;0.0
30;163;4;0.0
30;163;5;0.0
30;163;6;0.0
30;163;7;0.0
30;163;8;0.0
31;163;1;0.0
31;163;2;0.0
31;163;3;0.0
31;163;4;0.0
31;163;5;0.0
31;163;6;0.0
31;163;7;0.0
31;163;8;0.0
32;163;1;0.0
32;163;2;0.0
32;163;3;0.0
32;163;4;0.0
32;163;5;0.0
32;163;6;0.0
32;163;7;0.0
32;163;8;0.0
33;163;1;0.0
33;163;2;0.0
33;163;3;0.0
33;163;4;0.0
33;163;5;0.0
33;163;6;0.0
33;163;7;0.0
33;163;8;0.0
34;163;1;0.0
34;163;2;0.0
34;163;3;0.0
34;163;4;0.0
34;163;5;0.0
34;163;6;0.0
34;163;7;0.0
34;163;8;0.0
35;163;1;0.0
35;163;2;0.0
35;163;3;0.0
35;163;4;0.0
35;163;5;0.0
35;163;6;0.0
35;163;7;0.0
35;163;8;0.0
36;163;1;0.0
36;163;2;0.0
36;163;3;0.0
36;163;4;0.0
36;163;5;0.0
36;163;6;0.0
36;163;7;0.0
36;163;8;0.0
37;163;1;0.0
37;163;2;0.0
37;163;3;0.0
37;163;4;0.0
37;163;5;0.0
37;163;6;0.0
37;163;7;0.0
37;163;8;0.0
38;163;1;0.0
38;163;2;0.0
38;163;3;0.0
38;163;4;0.0
38;163;5;0.0
38;163;6;0.0
38;163;7;0.0
38;163;8;0.0
39;163;1;0.0
39;163;2;0.0
39;163;3;0.0
39;163;4;0.0
39;163;5;0.0
39;163;6;0.0
39;163;7;0.0
39;163;8;0.0
40;163;1;0.0
40;163;2;0.0
40;163;3;0.0
40;163;4;0.0
40;163;5;0.0
40;163;6;0.0
40;163;7;0.0
40;163;8;0.0
41;163;1;0.0
41;163;2;0.0
41;163;3;0.0
41;163;4;0.0
41;163;5;0.0
41;163;6;0.0
41;163;7;0.0
41;163;8;0.0
42;163;1;0.0
42;163;2;0.0
42;163;3;0.0
42;163;4;0.0
42;163;5;0.0
42;163;6;0.0
42;163;7;0.0
42;163;8;0.0
43;163;1;0.0
43;163;2;0.0
43;163;3;0.0
43;163;4;0.0
43;163;5;0.0
43;163;6;0.0
43;163;7;0.0
43;163;8;0.0
44;163;1;0.0
44;163;2;0.0
44;163;3;0.0
44;163;4;0.0
44;163;5;0.0
44;163;6;0.0
44;163;7;0.0
44;163;8;0.0
45;163;1;0.0
45;163;2;0.0
45;163;3;0.0
45;163;4;0.0
45;163;5;0.0
45;163;6;0.0
45;163;7;0.0
45;163;8;0.0
46;163;1;0.0
46;163;2;0.0
46;163;3;0.0
46;163;4;0.0
46;163;5;0.0
46;163;6;0.0
46;163;7;0.0
46;163;8;0.0
47;163;1;-1.7853346700188002e-17
47;163;2;-1.7853346700188002e-17
47;163;3;-7.979042466670665e-17
47;163;4;-2.5539946632246427e-09
47;163;5;-1.7853346700188002e-17
47;163;6;-1.7853346700188002e-17
47;163;7;-1.7853346700188002e-17
47;163;8;-1.7853346700188002e-17
48;163;1;0.0
48;163;2;0.0
48;163;3;0.0
48;163;4;0.0
48;163;5;0.0
48;163;6;0.0
48;163;7;0.0
48;163;8;0.0
49;163;1;0.0
49;163;2;0.0
49;163;3;0.0
49;163;4;0.0
49;163;5;0.0
49;163;6;0.0
49;163;7;0.0
49;163;8;0.0
50;163;1;0.0
50;163;2;0.0
50;163;3;0.0
50;163;4;0.0
50;163;5;0.0
50;163;6;0.0
50;163;7;0.0
50;163;8;0.0
51;163;1;0.0
51;163;2;0.0
51;163;3;0.0
51;163;4;0.0
51;163;5;0.0
51;163;6;0.0
51;163;7;0.0
51;163;8;0.0
52;163;1;0.0
52;163;2;0.0
52;163;3;0.0
52;163;4;-3.224149726637068e-13
52;163;5;0.0
52;163;6;0.0
52;163;7;0.0
52;163;8;0.0
53;163;1;0.0
53;163;2;0.0
53;163;3;0.0
53;163;4;0.0
53;163;5;0.0
53;163;6;0.0
53;163;7;0.0
53;163;8;0.0
54;163;1;0.0
54;163;2;0.0
54;163;3;0.0
54;163;4;-8.236915763472892e-15
54;163;5;0.0
54;163;6;0.0
54;163;7;0.0
54;163;8;0.0
55;163;1;0.0
55;163;2;0.0
55;163;3;0.0
55;163;4;0.0
55;163;5;0.0
55;163;6;0.0
55;163;7;0.0
55;163;8;0.0
56;163;1;0.0
56;163;2;0.0
56;163;3;0.0
56;163;4;0.0
56;163;5;0.0
56;163;6;0.0
56;163;7;0.0
56;163;8;0.0
57;163;1;0.0
57;163;2;0.0
57;163;3;0.0
57;163;4;0.0
57;163;5;0.0
57;163;6;0.0
57;163;7;0.0
57;163;8;0.0
58;163;1;0.0
58;163;2;0.0
58;163;3;0.0
58;163;4;0.0
58;163;5;0.0
58;163;6;0.0
58;163;7;0.0
58;163;8;0.0
59;163;1;0.0
59;163;2;0.0
59;163;3;0.0
59;163;4;0.0
59;163;5;0.0
59;163;6;0.0
59;163;7;0.0
59;163;8;0.0
1;164;1;0.0
1;164;2;0.0
1;164;3;0.0
1;164;4;0.0
1;164;5;0.0
1;164;6;0.0
1;164;7;0.0
1;164;8;0.0
2;164;1;0.0
2;164;2;0.0
2;164;3;0.0
2;164;4;0.0
2;164;5;0.0
2;164;6;0.0
2;164;7;0.0
2;164;8;0.0
3;164;1;0.0
3;164;2;0.0
3;164;3;0.0
3;164;4;0.0
3;164;5;0.0
3;164;6;0.0
3;164;7;0.0
3;164;8;0.0
4;164;1;0.0
4;164;2;0.0
4;164;3;0.0
4;164;4;0.0
4;164;5;0.0
4;164;6;0.0
4;164;7;0.0
4;164;8;0.0
5;164;1;0.0
5;164;2;0.0
5;164;3;0.0
5;164;4;0.0
5;164;5;0.0
5;164;6;0.0
5;164;7;0.0
5;164;8;0.0
6;164;1;0.0
6;164;2;0.0
6;164;3;0.0
6;164;4;0.0
6;164;5;0.0
6;164;6;0.0
6;164;7;0.0
6;164;8;0.0
7;164;1;0.0
7;164;2;0.0
7;164;3;0.0
7;164;4;0.0
7;164;5;0.0
7;164;6;0.0
7;164;7;0.0
7;164;8;0.0
8;164;1;0.0
8;164;2;0.0
8;164;3;0.0
8;164;4;0.0
8;164;5;0.0
8;164;6;0.0
8;164;7;0.0
8;164;8;0.0
9;164;1;0.0
9;164;2;0.0
9;164;3;0.0
9;164;4;0.0
9;164;5;0.0
9;164;6;0.0
9;164;7;0.0
9;164;8;0.0
10;164;1;0.0
10;164;2;0.0
10;164;3;0.0
10;164;4;0.0
10;164;5;0.0
10;164;6;0.0
10;164;7;0.0
10;164;8;0.0
11;164;1;0.0
11;164;2;0.0
11;164;3;0.0
11;164;4;0.0
11;164;5;0.0
11;164;6;0.0
11;164;7;0.0
11;164;8;0.0
12;164;1;0.0
12;164;2;0.0
12;164;3;0.0
12;164;4;0.0
12;164;5;0.0
12;164;6;0.0
12;164;7;0.0
12;164;8;0.0
13;164;1;0.0
13;164;2;0.0
13;164;3;0.0
13;164;4;0.0
13;164;5;0.0
13;164;6;0.0
13;164;7;0.0
13;164;8;0.0
14;164;1;0.0
14;164;2;0.0
14;164;3;0.0
14;164;4;0.0
14;164;5;0.0
14;164;6;0.0
14;164;7;0.0
14;164;8;0.0
15;164;1;0.0
15;164;2;0.0
15;164;3;0.0
15;164;4;0.0
15;164;5;0.0
15;164;6;0.0
15;164;7;0.0
15;164;8;0.0
16;164;1;0.0
16;164;2;0.0
16;164;3;0.0
16;164;4;0.0
16;164;5;0.0
16;164;6;0.0
16;164;7;0.0
16;164;8;0.0
17;164;1;-1.1706734640059476e-17
17;164;2;-1.1706734640059476e-17
17;164;3;-4.415183980926231e-17
17;164;4;-0.9999999975225422
17;164;5;-1.1706734640059476e-17
17;164;6;-1.1706734640059476e-17
17;164;7;-1.1706734640059476e-17
17;164;8;-1.1706734640059476e-17
18;164;1;0.0
18;164;2;0.0
18;164;3;0.0
18;164;4;0.0
18;164;5;0.0
18;164;6;0.0
18;164;7;0.0
18;164;8;0.0
19;164;1;0.0
19;164;2;0.0
19;164;3;0.0
19;164;4;0.0
19;164;5;0.0
19;164;6;0.0
19;164;7;0.0
19;164;8;0.0
20;164;1;0.0
20;164;2;0.0
20;164;3;-3.4590609211346885e-17
20;164;4;0.0
20;164;5;0.0
20;164;6;0.0
20;164;7;0.0
20;164;8;0.0
21;164;1;-1.2831498757206027e-17
21;164;2;-1.2831498757206027e-17
21;164;3;-4.321434525741495e-17
21;164;4;-2.9970707945070473e-13
21;164;5;-1.2831498757206027e-17
21;164;6;-1.2831498757206027e-17
21;164;7;-1.2831498757206027e-17
21;164;8;-1.2831498757206027e-17
22;164;1;-2.9266277943963877e-17
22;164;2;-2.9266277943963877e-17
22;164;3;-1.3141896594778903e-16
22;164;4;-4.884981308350689e-14
22;164;5;-2.9266277943963877e-17
22;164;6;-2.9266277943963877e-17
22;164;7;-2.9266277943963877e-17
22;164;8;-2.9266277943963877e-17
23;164;1;0.0
23;164;2;0.0
23;164;3;0.0
23;164;4;0.0
23;164;5;0.0
23;164;6;0.0
23;164;7;0.0
23;164;8;0.0
24;164;1;0.0
24;164;2;0.0
24;164;3;0.0
24;164;4;0.0
24;164;5;0.0
24;164;6;0.0
24;164;7;0.0
24;164;8;0.0
25;164;1;0.0
25;164;2;0.0
25;164;3;0.0
25;164;4;0.0
25;164;5;0.0
25;164;6;0.0
25;164;7;0.0
25;164;8;0.0
26;164;1;0.0
26;164;2;0.0
26;164;3;0.0
26;164;4;0.0
26;164;5;0.0
26;164;6;0.0
26;164;7;0.0
26;164;8;0.0
27;164;1;0.0
27;164;2;0.0
27;164;3;0.0
27;164;4;0.0
27;164;5;0.0
27;164;6;0.0
27;164;7;0.0
27;164;8;0.0
28;164;1;0.0
28;164;2;0.0
28;164;3;0.0
28;164;4;0.0
28;164;5;0.0
28;164;6;0.0
28;164;7;0.0
28;164;8;0.0
29;164;1;0.0
29;164;2;0.0
29;164;3;0.0
29;164;4;0.0
29;164;5;0.0
29;164;6;0.0
29;164;7;0.0
29;164;8;0.0
30;164;1;0.0
30;164;2;0.0
30;164;3;0.0
30;164;4;0.0
30;164;5;0.0
30;164;6;0.0
30;164;7;0.0
30;164;8;0.0
31;164;1;0.0
31;164;2;0.0
31;164;3;0.0
31;164;4;0.0
31;164;5;0.0
31;164;6;0.0
31;164;7;0.0
31;164;8;0.0
32;164;1;0.0
32;164;2;0.0
32;164;3;0.0
32;164;4;0.0
32;164;5;0.0
32;164;6;0.0
32;164;7;0.0
32;164;8;0.0
33;164;1;0.0
33;164;2;0.0
33;164;3;0.0
33;164;4;0.0
33;164;5;0.0
33;164;6;0.0
33;164;7;0.0
33;164;8;0.0
34;164;1;0.0
34;164;2;0.0
34;164;3;0.0
34;164;4;0.0
34;164;5;0.0
34;164;6;0.0
34;164;7;0.0
34;164;8;0.0
35;164;1;0.0
35;164;2;0.0
35;164;3;0.0
35;164;4;0.0
35;164;5;0.0
35;164;6;0.0
35;164;7;0.0
35;164;8;0.0
36;164;1;0.0
36;164;2;0.0
36;164;3;0.0
36;164;4;0.0
36;164;5;0.0
36;164;6;0.0
36;164;7;0.0
36;164;8;0.0
37;164;1;0.0
37;164;2;0.0
37;164;3;0.0
37;164;4;0.0
37;164;5;0.0
37;164;6;0.0
37;164;7;0.0
37;164;8;0.0
38;164;1;0.0
38;164;2;0.0
38;164;3;0.0
38;164;4;0.0
38;164;5;0.0
38;164;6;0.0
38;164;7;0.0
38;164;8;0.0
39;164;1;0.0
39;164;2;0.0
39;164;3;0.0
39;164;4;0.0
39;164;5;0.0
39;164;6;0.0
39;164;7;0.0
39;164;8;0.0
40;164;1;0.0
40;164;2;0.0
40;164;3;0.0
40;164;4;0.0
40;164;5;0.0
40;164;6;0.0
40;164;7;0.0
40;164;8;0.0
41;164;1;0.0
41;164;2;0.0
41;164;3;0.0
41;164;4;0.0
41;164;5;0.0
41;164;6;0.0
41;164;7;0.0
41;164;8;0.0
42;164;1;0.0
42;164;2;0.0
42;164;3;0.0
42;164;4;0.0
42;164;5;0.0
42;164;6;0.0
42;164;7;0.0
42;164;8;0.0
43;164;1;0.0
43;164;2;0.0
43;164;3;0.0
43;164;4;0.0
43;164;5;0.0
43;164;6;0.0
43;164;7;0.0
43;164;8;0.0
44;164;1;0.0
44;164;2;0.0
44;164;3;0.0
44;164;4;0.0
44;164;5;0.0
44;164;6;0.0
44;164;7;0.0
44;164;8;0.0
45;164;1;0.0
45;164;2;0.0
45;164;3;0.0
45;164;4;0.0
45;164;5;0.0
45;164;6;0.0
45;164;7;0.0
45;164;8;0.0
46;164;1;0.0
46;164;2;0.0
46;164;3;0.0
46;164;4;0.0
46;164;5;0.0
46;164;6;0.0
46;164;7;0.0
46;164;8;0.0
47;164;1;-2.3311472638425475e-17
47;164;2;-2.3311472638425475e-17
47;164;3;-1.0489502269503905e-16
47;164;4;-2.47670859572693e-09
47;164;5;-2.3311472638425475e-17
47;164;6;-2.3311472638425475e-17
47;164;7;-2.3311472638425475e-17
47;164;8;-2.3311472638425475e-17
48;164;1;0.0
48;164;2;0.0
48;164;3;0.0
48;164;4;0.0
48;164;5;0.0
48;164;6;0.0
48;164;7;0.0
48;164;8;0.0
49;164;1;0.0
49;164;2;0.0
49;164;3;0.0
49;164;4;0.0
49;164;5;0.0
49;164;6;0.0
49;164;7;0.0
49;164;8;0.0
50;164;1;0.0
50;164;2;0.0
50;164;3;0.0
50;164;4;0.0
50;164;5;0.0
50;164;6;0.0
50;164;7;0.0
50;164;8;0.0
51;164;1;0.0
51;164;2;0.0
51;164;3;0.0
51;164;4;0.0
51;164;5;0.0
51;164;6;0.0
51;164;7;0.0
51;164;8;0.0
52;164;1;0.0
52;164;2;0.0
52;164;3;0.0
52;164;4;-3.3461939324300523e-13
52;164;5;0.0
52;164;6;0.0
52;164;7;0.0
52;164;8;0.0
53;164;1;0.0
53;164;2;0.0
53;164;3;0.0
53;164;4;0.0
53;164;5;0.0
53;164;6;0.0
53;164;7;0.0
53;164;8;0.0
54;164;1;0.0
54;164;2;0.0
54;164;3;0.0
54;164;4;-9.795314028908803e-15
54;164;5;0.0
54;164;6;0.0
54;164;7;0.0
54;164;8;0.0
55;164;1;0.0
55;164;2;0.0
55;164;3;0.0
55;164;4;0.0
55;164;5;0.0
55;164;6;0.0
55;164;7;0.0
55;164;8;0.0
56;164;1;0.0
56;164;2;0.0
56;164;3;0.0
56;164;4;0.0
56;164;5;0.0
56;164;6;0.0
56;164;7;0.0
56;164;8;0.0
57;164;1;0.0
57;164;2;0.0
57;164;3;0.0
57;164;4;0.0
57;164;5;0.0
57;164;6;0.0
57;164;7;0.0
57;164;8;0.0
58;164;1;0.0
58;164;2;0.0
58;164;3;0.0
58;164;4;0.0
58;164;5;0.0
58;164;6;0.0
58;164;7;0.0
58;164;8;0.0
59;164;1;0.0
59;164;2;0.0
59;164;3;0.0
59;164;4;0.0
59;164;5;0.0
59;164;6;0.0
59;164;7;0.0
59;164;8;0.0
1;165;1;0.0
1;165;2;0.0
1;165;3;0.0
1;165;4;0.0
1;165;5;0.0
1;165;6;0.0
1;165;7;0.0
1;165;8;0.0
2;165;1;0.0
2;165;2;0.0
2;165;3;0.0
2;165;4;0.0
2;165;5;0.0
2;165;6;0.0
2;165;7;0.0
2;165;8;0.0
3;165;1;0.0
3;165;2;0.0
3;165;3;0.0
3;165;4;0.0
3;165;5;0.0
3;165;6;0.0
3;165;7;0.0
3;165;8;0.0
4;165;1;0.0
4;165;2;0.0
4;165;3;0.0
4;165;4;0.0
4;165;5;0.0
4;165;6;0.0
4;165;7;0.0
4;165;8;0.0
5;165;1;0.0
5;165;2;0.0
5;165;3;0.0
5;165;4;0.0
5;165;5;0.0
5;165;6;0.0
5;165;7;0.0
5;165;8;0.0
6;165;1;0.0
6;165;2;0.0
6;165;3;0.0
6;165;4;0.0
6;165;5;0.0
6;165;6;0.0
6;165;7;0.0
6;165;8;0.0
7;165;1;0.0
7;165;2;0.0
7;165;3;0.0
7;165;4;0.0
7;165;5;0.0
7;165;6;0.0
7;165;7;0.0
7;165;8;0.0
8;165;1;0.0
8;165;2;0.0
8;165;3;0.0
8;165;4;0.0
8;165;5;0.0
8;165;6;0.0
8;165;7;0.0
8;165;8;0.0
9;165;1;0.0
9;165;2;0.0
9;165;3;0.0
9;165;4;0.0
9;165;5;0.0
9;165;6;0.0
9;165;7;0.0
9;165;8;0.0
10;165;1;0.0
10;165;2;0.0
10;165;3;0.0
10;165;4;0.0
10;165;5;0.0
10;165;6;0.0
10;165;7;0.0
10;165;8;0.0
11;165;1;0.0
11;165;2;0.0
11;165;3;0.0
11;165;4;0.0
11;165;5;0.0
11;165;6;0.0
11;165;7;0.0
11;165;8;0.0
12;165;1;0.0
12;165;2;0.0
12;165;3;0.0
12;165;4;0.0
12;165;5;0.0
12;165;6;0.0
12;165;7;0.0
12;165;8;0.0
13;165;1;0.0
13;165;2;0.0
13;165;3;0.0
13;165;4;0.0
13;165;5;0.0
13;165;6;0.0
13;165;7;0.0
13;165;8;0.0
14;165;1;0.0
14;165;2;0.0
14;165;3;0.0
14;165;4;0.0
14;165;5;0.0
14;165;6;0.0
14;165;7;0.0
14;165;8;0.0
15;165;1;0.0
15;165;2;0.0
15;165;3;0.0
15;165;4;0.0
15;165;5;0.0
15;165;6;0.0
15;165;7;0.0
15;165;8;0.0
16;165;1;0.0
16;165;2;0.0
16;165;3;0.0
16;165;4;0.0
16;165;5;0.0
16;165;6;0.0
16;165;7;0.0
16;165;8;0.0
17;165;1;-1.3744346147292587e-17
17;165;2;-1.3744346147292587e-17
17;165;3;-5.0811625506968e-17
17;165;4;-0.9999999999921928
17;165;5;-1.3744346147292587e-17
17;165;6;-1.3744346147292587e-17
17;165;7;-1.3744346147292587e-17
17;165;8;-1.3744346147292587e-17
18;165;1;0.0
18;165;2;0.0
18;165;3;0.0
18;165;4;0.0
18;165;5;0.0
18;165;6;0.0
18;165;7;0.0
18;165;8;0.0
19;165;1;0.0
19;165;2;0.0
19;165;3;0.0
19;165;4;0.0
19;165;5;0.0
19;165;6;0.0
19;165;7;0.0
19;165;8;0.0
20;165;1;0.0
20;165;2;0.0
20;165;3;-3.4386965204847364e-17
20;165;4;0.0
20;165;5;0.0
20;165;6;0.0
20;165;7;0.0
20;165;8;0.0
21;165;1;-1.5187561217418863e-17
21;165;2;-1.5187561217418863e-17
21;165;3;-5.214689091932631e-17
21;165;4;-7.256163299573926e-13
21;165;5;-1.5187561217418863e-17
21;165;6;-1.5187561217418863e-17
21;165;7;-1.5187561217418863e-17
21;165;8;-1.5187561217418863e-17
22;165;1;-3.494974020960621e-17
22;165;2;-3.494974020960621e-17
22;165;3;-1.4182405297622514e-16
22;165;4;-9.9298347322474e-13
22;165;5;-3.494974020960621e-17
22;165;6;-3.494974020960621e-17
22;165;7;-3.494974020960621e-17
22;165;8;-3.494974020960621e-17
23;165;1;0.0
23;165;2;0.0
23;165;3;0.0
23;165;4;0.0
23;165;5;0.0
23;165;6;0.0
23;165;7;0.0
23;165;8;0.0
24;165;1;0.0
24;165;2;0.0
24;165;3;0.0
24;165;4;0.0
24;165;5;0.0
24;165;6;0.0
24;165;7;0.0
24;165;8;0.0
25;165;1;0.0
25;165;2;0.0
25;165;3;0.0
25;165;4;0.0
25;165;5;0.0
25;165;6;0.0
25;165;7;0.0
25;165;8;0.0
26;165;1;0.0
26;165;2;0.0
26;165;3;0.0
26;165;4;0.0
26;165;5;0.0
26;165;6;0.0
26;165;7;0.0
26;165;8;0.0
27;165;1;0.0
27;165;2;0.0
27;165;3;0.0
27;165;4;0.0
27;165;5;0.0
27;165;6;0.0
27;165;7;0.0
27;165;8;0.0
28;165;1;0.0
28;165;2;0.0
28;165;3;0.0
28;165;4;0.0
28;165;5;0.0
28;165;6;0.0
28;165;7;0.0
28;165;8;0.0
29;165;1;0.0
29;165;2;0.0
29;165;3;0.0
29;165;4;0.0
29;165;5;0.0
29;165;6;0.0
29;165;7;0.0
29;165;8;0.0
30;165;1;0.0
30;165;2;0.0
30;165;3;0.0
30;165;4;0.0
30;165;5;0.0
30;165;6;0.0
30;165;7;0.0
30;165;8;0.0
31;165;1;0.0
31;165;2;0.0
31;165;3;0.0
31;165;4;0.0
31;165;5;0.0
31;165;6;0.0
31;165;7;0.0
31;165;8;0.0
32;165;1;0.0
32;165;2;0.0
32;165;3;0.0
32;165;4;0.0
32;165;5;0.0
32;165;6;0.0
32;165;7;0.0
32;165;8;0.0
33;165;1;0.0
33;165;2;0.0
33;165;3;0.0
33;165;4;0.0
33;165;5;0.0
33;165;6;0.0
33;165;7;0.0
33;165;8;0.0
34;165;1;0.0
34;165;2;0.0
34;165;3;0.0
34;165;4;0.0
34;165;5;0.0
34;165;6;0.0
34;165;7;0.0
34;165;8;0.0
35;165;1;0.0
35;165;2;0.0
35;165;3;0.0
35;165;4;0.0
35;165;5;0.0
35;165;6;0.0
35;165;7;0.0
35;165;8;0.0
36;165;1;0.0
36;165;2;0.0
36;165;3;0.0
36;165;4;0.0
36;165;5;0.0
36;165;6;0.0
36;165;7;0.0
36;165;8;0.0
37;165;1;0.0
37;165;2;0.0
37;165;3;0.0
37;165;4;0.0
37;165;5;0.0
37;165;6;0.0
37;165;7;0.0
37;165;8;0.0
38;165;1;0.0
38;165;2;0.0
38;165;3;0.0
38;165;4;0.0
38;165;5;0.0
38;165;6;0.0
38;165;7;0.0
38;165;8;0.0
39;165;1;0.0
39;165;2;0.0
39;165;3;0.0
39;165;4;0.0
39;165;5;0.0
39;165;6;0.0
39;165;7;0.0
39;165;8;0.0
40;165;1;0.0
40;165;2;0.0
40;165;3;0.0
40;165;4;0.0
40;165;5;0.0
40;165;6;0.0
40;165;7;0.0
40;165;8;0.0
41;165;1;0.0
41;165;2;0.0
41;165;3;0.0
41;165;4;0.0
41;165;5;0.0
41;165;6;0.0
41;165;7;0.0
41;165;8;0.0
42;165;1;0.0
42;165;2;0.0
42;165;3;0.0
42;165;4;0.0
42;165;5;0.0
42;165;6;0.0
42;165;7;0.0
42;165;8;0.0
43;165;1;0.0
43;165;2;0.0
43;165;3;0.0
43;165;4;0.0
43;165;5;0.0
43;165;6;0.0
43;165;7;0.0
43;165;8;0.0
44;165;1;0.0
44;165;2;0.0
44;165;3;0.0
44;165;4;0.0
44;165;5;0.0
44;165;6;0.0
44;165;7;0.0
44;165;8;0.0
45;165;1;0.0
45;165;2;0.0
45;165;3;0.0
45;165;4;0.0
45;165;5;0.0
45;165;6;0.0
45;165;7;0.0
45;165;8;0.0
46;165;1;0.0
46;165;2;0.0
46;165;3;0.0
46;165;4;0.0
46;165;5;0.0
46;165;6;0.0
46;165;7;0.0
46;165;8;0.0
47;165;1;-2.882810044530297e-17
47;165;2;-2.882810044530297e-17
47;165;3;-1.0858110347172525e-16
47;165;4;-1.1406282950632694e-12
47;165;5;-2.882810044530297e-17
47;165;6;-2.882810044530297e-17
47;165;7;-2.882810044530297e-17
47;165;8;-2.882810044530297e-17
48;165;1;0.0
48;165;2;0.0
48;165;3;0.0
48;165;4;0.0
48;165;5;0.0
48;165;6;0.0
48;165;7;0.0
48;165;8;0.0
49;165;1;0.0
49;165;2;0.0
49;165;3;0.0
49;165;4;0.0
49;165;5;0.0
49;165;6;0.0
49;165;7;0.0
49;165;8;0.0
50;165;1;0.0
50;165;2;0.0
50;165;3;0.0
50;165;4;0.0
50;165;5;0.0
50;165;6;0.0
50;165;7;0.0
50;165;8;0.0
51;165;1;0.0
51;165;2;0.0
51;165;3;0.0
51;165;4;0.0
51;165;5;0.0
51;165;6;0.0
51;165;7;0.0
51;165;8;0.0
52;165;1;0.0
52;165;2;0.0
52;165;3;0.0
52;165;4;-3.2888968085175357e-13
52;165;5;0.0
52;165;6;0.0
52;165;7;0.0
52;165;8;0.0
53;165;1;0.0
53;165;2;0.0
53;165;3;0.0
53;165;4;0.0
53;165;5;0.0
53;165;6;0.0
53;165;7;0.0
53;165;8;0.0
54;165;1;0.0
54;165;2;0.0
54;165;3;0.0
54;165;4;-7.440561292639967e-15
54;165;5;0.0
54;165;6;0.0
54;165;7;0.0
54;165;8;0.0
55;165;1;0.0
55;165;2;0.0
55;165;3;0.0
55;165;4;0.0
55;165;5;0.0
55;165;6;0.0
55;165;7;0.0
55;165;8;0.0
56;165;1;0.0
56;165;2;0.0
56;165;3;0.0
56;165;4;0.0
56;165;5;0.0
56;165;6;0.0
56;165;7;0.0
56;165;8;0.0
57;165;1;0.0
57;165;2;0.0
57;165;3;0.0
57;165;4;0.0
57;165;5;0.0
57;165;6;0.0
57;165;7;0.0
57;165;8;0.0
58;165;1;0.0
58;165;2;0.0
58;165;3;0.0
58;165;4;0.0
58;165;5;0.0
58;165;6;0.0
58;165;7;0.0
58;165;8;0.0
59;165;1;0.0
59;165;2;0.0
59;165;3;0.0
59;165;4;0.0
59;165;5;0.0
59;165;6;0.0
59;165;7;0.0
59;165;8;0.0
1;166;1;0.0
1;166;2;0.0
1;166;3;0.0
1;166;4;0.0
1;166;5;0.0
1;166;6;0.0
1;166;7;0.0
1;166;8;0.0
2;166;1;0.0
2;166;2;0.0
2;166;3;0.0
2;166;4;0.0
2;166;5;0.0
2;166;6;0.0
2;166;7;0.0
2;166;8;0.0
3;166;1;0.0
3;166;2;0.0
3;166;3;0.0
3;166;4;0.0
3;166;5;0.0
3;166;6;0.0
3;166;7;0.0
3;166;8;0.0
4;166;1;0.0
4;166;2;0.0
4;166;3;0.0
4;166;4;0.0
4;166;5;0.0
4;166;6;0.0
4;166;7;0.0
4;166;8;0.0
5;166;1;0.0
5;166;2;0.0
5;166;3;0.0
5;166;4;0.0
5;166;5;0.0
5;166;6;0.0
5;166;7;0.0
5;166;8;0.0
6;166;1;0.0
6;166;2;0.0
6;166;3;0.0
6;166;4;0.0
6;166;5;0.0
6;166;6;0.0
6;166;7;0.0
6;166;8;0.0
7;166;1;0.0
7;166;2;0.0
7;166;3;0.0
7;166;4;0.0
7;166;5;0.0
7;166;6;0.0
7;166;7;0.0
7;166;8;0.0
8;166;1;0.0
8;166;2;0.0
8;166;3;0.0
8;166;4;0.0
8;166;5;0.0
8;166;6;0.0
8;166;7;0.0
8;166;8;0.0
9;166;1;0.0
9;166;2;0.0
9;166;3;0.0
9;166;4;0.0
9;166;5;0.0
9;166;6;0.0
9;166;7;0.0
9;166;8;0.0
10;166;1;0.0
10;166;2;0.0
10;166;3;0.0
10;166;4;0.0
10;166;5;0.0
10;166;6;0.0
10;166;7;0.0
10;166;8;0.0
11;166;1;0.0
11;166;2;0.0
11;166;3;0.0
11;166;4;0.0
11;166;5;0.0
11;166;6;0.0
11;166;7;0.0
11;166;8;0.0
12;166;1;0.0
12;166;2;0.0
12;166;3;0.0
12;166;4;0.0
12;166;5;0.0
12;166;6;0.0
12;166;7;0.0
12;166;8;0.0
13;166;1;0.0
13;166;2;0.0
13;166;3;0.0
13;166;4;0.0
13;166;5;0.0
13;166;6;0.0
13;166;7;0.0
13;166;8;0.0
14;166;1;0.0
14;166;2;0.0
14;166;3;0.0
14;166;4;0.0
14;166;5;0.0
14;166;6;0.0
14;166;7;0.0
14;166;8;0.0
15;166;1;0.0
15;166;2;0.0
15;166;3;0.0
15;166;4;0.0
15;166;5;0.0
15;166;6;0.0
15;166;7;0.0
15;166;8;0.0
16;166;1;0.0
16;166;2;0.0
16;166;3;0.0
16;166;4;0.0
16;166;5;0.0
16;166;6;0.0
16;166;7;0.0
16;166;8;0.0
17;166;1;-1.6173986549041684e-17
17;166;2;-1.6173986549041684e-17
17;166;3;-5.673910412710448e-17
17;166;4;-0.9999999999926882
17;166;5;-1.6173986549041684e-17
17;166;6;-1.6173986549041684e-17
17;166;7;-1.6173986549041684e-17
17;166;8;-1.6173986549041684e-17
18;166;1;0.0
18;166;2;0.0
18;166;3;0.0
18;166;4;0.0
18;166;5;0.0
18;166;6;0.0
18;166;7;0.0
18;166;8;0.0
19;166;1;0.0
19;166;2;0.0
19;166;3;0.0
19;166;4;0.0
19;166;5;0.0
19;166;6;0.0
19;166;7;0.0
19;166;8;0.0
20;166;1;0.0
20;166;2;0.0
20;166;3;-4.898036543174061e-17
20;166;4;0.0
20;166;5;0.0
20;166;6;0.0
20;166;7;0.0
20;166;8;0.0
21;166;1;-1.8618689196286948e-17
21;166;2;-1.8618689196286948e-17
21;166;3;-6.102847875929811e-17
21;166;4;-3.013594439937474e-13
21;166;5;-1.8618689196286948e-17
21;166;6;-1.8618689196286948e-17
21;166;7;-1.8618689196286948e-17
21;166;8;-1.8618689196286948e-17
22;166;1;-4.1478051885733726e-17
22;166;2;-4.1478051885733726e-17
22;166;3;-1.7895323519880132e-16
22;166;4;-5.062616992290714e-14
22;166;5;-4.1478051885733726e-17
22;166;6;-4.1478051885733726e-17
22;166;7;-4.1478051885733726e-17
22;166;8;-4.1478051885733726e-17
23;166;1;0.0
23;166;2;0.0
23;166;3;0.0
23;166;4;0.0
23;166;5;0.0
23;166;6;0.0
23;166;7;0.0
23;166;8;0.0
24;166;1;0.0
24;166;2;0.0
24;166;3;0.0
24;166;4;0.0
24;166;5;0.0
24;166;6;0.0
24;166;7;0.0
24;166;8;0.0
25;166;1;0.0
25;166;2;0.0
25;166;3;0.0
25;166;4;0.0
25;166;5;0.0
25;166;6;0.0
25;166;7;0.0
25;166;8;0.0
26;166;1;0.0
26;166;2;0.0
26;166;3;0.0
26;166;4;0.0
26;166;5;0.0
26;166;6;0.0
26;166;7;0.0
26;166;8;0.0
27;166;1;0.0
27;166;2;0.0
27;166;3;0.0
27;166;4;0.0
27;166;5;0.0
27;166;6;0.0
27;166;7;0.0
27;166;8;0.0
28;166;1;0.0
28;166;2;0.0
28;166;3;0.0
28;166;4;0.0
28;166;5;0.0
28;166;6;0.0
28;166;7;0.0
28;166;8;0.0
29;166;1;0.0
29;166;2;0.0
29;166;3;0.0
29;166;4;0.0
29;166;5;0.0
29;166;6;0.0
29;166;7;0.0
29;166;8;0.0
30;166;1;0.0
30;166;2;0.0
30;166;3;0.0
30;166;4;0.0
30;166;5;0.0
30;166;6;0.0
30;166;7;0.0
30;166;8;0.0
31;166;1;0.0
31;166;2;0.0
31;166;3;0.0
31;166;4;0.0
31;166;5;0.0
31;166;6;0.0
31;166;7;0.0
31;166;8;0.0
32;166;1;0.0
32;166;2;0.0
32;166;3;0.0
32;166;4;0.0
32;166;5;0.0
32;166;6;0.0
32;166;7;0.0
32;166;8;0.0
33;166;1;0.0
33;166;2;0.0
33;166;3;0.0
33;166;4;0.0
33;166;5;0.0
33;166;6;0.0
33;166;7;0.0
33;166;8;0.0
34;166;1;0.0
34;166;2;0.0
34;166;3;0.0
34;166;4;0.0
34;166;5;0.0
34;166;6;0.0
34;166;7;0.0
34;166;8;0.0
35;166;1;0.0
35;166;2;0.0
35;166;3;0.0
35;166;4;0.0
35;166;5;0.0
35;166;6;0.0
35;166;7;0.0
35;166;8;0.0
36;166;1;0.0
36;166;2;0.0
36;166;3;0.0
36;166;4;0.0
36;166;5;0.0
36;166;6;0.0
36;166;7;0.0
36;166;8;0.0
37;166;1;0.0
37;166;2;0.0
37;166;3;0.0
37;166;4;0.0
37;166;5;0.0
37;166;6;0.0
37;166;7;0.0
37;166;8;0.0
38;166;1;0.0
38;166;2;0.0
38;166;3;0.0
38;166;4;0.0
38;166;5;0.0
38;166;6;0.0
38;166;7;0.0
38;166;8;0.0
39;166;1;0.0
39;166;2;0.0
39;166;3;0.0
39;166;4;0.0
39;166;5;0.0
39;166;6;0.0
39;166;7;0.0
39;166;8;0.0
40;166;1;0.0
40;166;2;0.0
40;166;3;0.0
40;166;4;0.0
40;166;5;0.0
40;166;6;0.0
40;166;7;0.0
40;166;8;0.0
41;166;1;0.0
41;166;2;0.0
41;166;3;0.0
41;166;4;0.0
41;166;5;0.0
41;166;6;0.0
41;166;7;0.0
41;166;8;0.0
42;166;1;0.0
42;166;2;0.0
42;166;3;0.0
42;166;4;0.0
42;166;5;0.0
42;166;6;0.0
42;166;7;0.0
42;166;8;0.0
43;166;1;0.0
43;166;2;0.0
43;166;3;0.0
43;166;4;0.0
43;166;5;0.0
43;166;6;0.0
43;166;7;0.0
43;166;8;0.0
44;166;1;0.0
44;166;2;0.0
44;166;3;0.0
44;166;4;0.0
44;166;5;0.0
44;166;6;0.0
44;166;7;0.0
44;166;8;0.0
45;166;1;0.0
45;166;2;0.0
45;166;3;0.0
45;166;4;0.0
45;166;5;0.0
45;166;6;0.0
45;166;7;0.0
45;166;8;0.0
46;166;1;0.0
46;166;2;0.0
46;166;3;0.0
46;166;4;0.0
46;166;5;0.0
46;166;6;0.0
46;166;7;0.0
46;166;8;0.0
47;166;1;-3.564436996084008e-17
47;166;2;-3.564436996084008e-17
47;166;3;-1.2173329482439474e-16
47;166;4;-2.09613524439224e-12
47;166;5;-3.564436996084008e-17
47;166;6;-3.564436996084008e-17
47;166;7;-3.564436996084008e-17
47;166;8;-3.564436996084008e-17
48;166;1;0.0
48;166;2;0.0
48;166;3;0.0
48;166;4;0.0
48;166;5;0.0
48;166;6;0.0
48;166;7;0.0
48;166;8;0.0
49;166;1;0.0
49;166;2;0.0
49;166;3;0.0
49;166;4;0.0
49;166;5;0.0
49;166;6;0.0
49;166;7;0.0
49;166;8;0.0
50;166;1;0.0
50;166;2;0.0
50;166;3;0.0
50;166;4;0.0
50;166;5;0.0
50;166;6;0.0
50;166;7;0.0
50;166;8;0.0
51;166;1;0.0
51;166;2;0.0
51;166;3;0.0
51;166;4;0.0
51;166;5;0.0
51;166;6;0.0
51;166;7;0.0
51;166;8;0.0
52;166;1;0.0
52;166;2;0.0
52;166;3;0.0
52;166;4;-3.2412758339230385e-13
52;166;5;0.0
52;166;6;0.0
52;166;7;0.0
52;166;8;0.0
53;166;1;0.0
53;166;2;0.0
53;166;3;0.0
53;166;4;0.0
53;166;5;0.0
53;166;6;0.0
53;166;7;0.0
53;166;8;0.0
54;166;1;0.0
54;166;2;0.0
54;166;3;0.0
54;166;4;-8.171547675856376e-15
54;166;5;0.0
54;166;6;0.0
54;166;7;0.0
54;166;8;0.0
55;166;1;0.0
55;166;2;0.0
55;166;3;0.0
55;166;4;0.0
55;166;5;0.0
55;166;6;0.0
55;166;7;0.0
55;166;8;0.0
56;166;1;0.0
56;166;2;0.0
56;166;3;0.0
56;166;4;0.0
56;166;5;0.0
56;166;6;0.0
56;166;7;0.0
56;166;8;0.0
57;166;1;0.0
57;166;2;0.0
57;166;3;0.0
57;166;4;0.0
57;166;5;0.0
57;166;6;0.0
57;166;7;0.0
57;166;8;0.0
58;166;1;0.0
58;166;2;0.0
58;166;3;0.0
58;166;4;0.0
58;166;5;0.0
58;166;6;0.0
58;166;7;0.0
58;166;8;0.0
59;166;1;0.0
59;166;2;0.0
59;166;3;0.0
59;166;4;0.0
59;166;5;0.0
59;166;6;0.0
59;166;7;0.0
59;166;8;0.0
1;167;1;0.0
1;167;2;0.0
1;167;3;0.0
1;167;4;0.0
1;167;5;0.0
1;167;6;0.0
1;167;7;0.0
1;167;8;0.0
2;167;1;0.0
2;167;2;0.0
2;167;3;0.0
2;167;4;0.0
2;167;5;0.0
2;167;6;0.0
2;167;7;0.0
2;167;8;0.0
3;167;1;0.0
3;167;2;0.0
3;167;3;0.0
3;167;4;0.0
3;167;5;0.0
3;167;6;0.0
3;167;7;0.0
3;167;8;0.0
4;167;1;0.0
4;167;2;0.0
4;167;3;0.0
4;167;4;0.0
4;167;5;0.0
4;167;6;0.0
4;167;7;0.0
4;167;8;0.0
5;167;1;0.0
5;167;2;0.0
5;167;3;0.0
5;167;4;0.0
5;167;5;0.0
5;167;6;0.0
5;167;7;0.0
5;167;8;0.0
6;167;1;0.0
6;167;2;0.0
6;167;3;0.0
6;167;4;0.0
6;167;5;0.0
6;167;6;0.0
6;167;7;0.0
6;167;8;0.0
7;167;1;0.0
7;167;2;0.0
7;167;3;0.0
7;167;4;0.0
7;167;5;0.0
7;167;6;0.0
7;167;7;0.0
7;167;8;0.0
8;167;1;0.0
8;167;2;0.0
8;167;3;0.0
8;167;4;0.0
8;167;5;0.0
8;167;6;0.0
8;167;7;0.0
8;167;8;0.0
9;167;1;0.0
9;167;2;0.0
9;167;3;0.0
9;167;4;0.0
9;167;5;0.0
9;167;6;0.0
9;167;7;0.0
9;167;8;0.0
10;167;1;0.0
10;167;2;0.0
10;167;3;0.0
10;167;4;0.0
10;167;5;0.0
10;167;6;0.0
10;167;7;0.0
10;167;8;0.0
11;167;1;0.0
11;167;2;0.0
11;167;3;0.0
11;167;4;0.0
11;167;5;0.0
11;167;6;0.0
11;167;7;0.0
11;167;8;0.0
12;167;1;0.0
12;167;2;0.0
12;167;3;0.0
12;167;4;0.0
12;167;5;0.0
12;167;6;0.0
12;167;7;0.0
12;167;8;0.0
13;167;1;0.0
13;167;2;0.0
13;167;3;0.0
13;167;4;0.0
13;167;5;0.0
13;167;6;0.0
13;167;7;0.0
13;167;8;0.0
14;167;1;0.0
14;167;2;0.0
14;167;3;0.0
14;167;4;0.0
14;167;5;0.0
14;167;6;0.0
14;167;7;0.0
14;167;8;0.0
15;167;1;0.0
15;167;2;0.0
15;167;3;0.0
15;167;4;0.0
15;167;5;0.0
15;167;6;0.0
15;167;7;0.0
15;167;8;0.0
16;167;1;0.0
16;167;2;0.0
16;167;3;0.0
16;167;4;0.0
16;167;5;0.0
16;167;6;0.0
16;167;7;0.0
16;167;8;0.0
17;167;1;-1.98223226186553e-17
17;167;2;-1.98223226186553e-17
17;167;3;-6.44778049368022e-17
17;167;4;-0.999999999990283
17;167;5;-1.98223226186553e-17
17;167;6;-1.98223226186553e-17
17;167;7;-1.98223226186553e-17
17;167;8;-1.98223226186553e-17
18;167;1;0.0
18;167;2;0.0
18;167;3;0.0
18;167;4;0.0
18;167;5;0.0
18;167;6;0.0
18;167;7;0.0
18;167;8;0.0
19;167;1;0.0
19;167;2;0.0
19;167;3;0.0
19;167;4;0.0
19;167;5;0.0
19;167;6;0.0
19;167;7;0.0
19;167;8;0.0
20;167;1;0.0
20;167;2;0.0
20;167;3;-2.9542885107686176e-17
20;167;4;0.0
20;167;5;0.0
20;167;6;0.0
20;167;7;0.0
20;167;8;0.0
21;167;1;-2.4492075639121843e-17
21;167;2;-2.4492075639121843e-17
21;167;3;-7.399948030717545e-17
21;167;4;-2.9555090560303915e-13
21;167;5;-2.4492075639121843e-17
21;167;6;-2.4492075639121843e-17
21;167;7;-2.4492075639121843e-17
21;167;8;-2.4492075639121843e-17
22;167;1;-4.9309687639248606e-17
22;167;2;-4.9309687639248606e-17
22;167;3;-1.3152453276855802e-16
22;167;4;-5.3290705182007514e-14
22;167;5;-4.9309687639248606e-17
22;167;6;-4.9309687639248606e-17
22;167;7;-4.9309687639248606e-17
22;167;8;-4.9309687639248606e-17
23;167;1;0.0
23;167;2;0.0
23;167;3;0.0
23;167;4;0.0
23;167;5;0.0
23;167;6;0.0
23;167;7;0.0
23;167;8;0.0
24;167;1;0.0
24;167;2;0.0
24;167;3;0.0
24;167;4;0.0
24;167;5;0.0
24;167;6;0.0
24;167;7;0.0
24;167;8;0.0
25;167;1;0.0
25;167;2;0.0
25;167;3;0.0
25;167;4;0.0
25;167;5;0.0
25;167;6;0.0
25;167;7;0.0
25;167;8;0.0
26;167;1;0.0
26;167;2;0.0
26;167;3;0.0
26;167;4;0.0
26;167;5;0.0
26;167;6;0.0
26;167;7;0.0
26;167;8;0.0
27;167;1;0.0
27;167;2;0.0
27;167;3;0.0
27;167;4;0.0
27;167;5;0.0
27;167;6;0.0
27;167;7;0.0
27;167;8;0.0
28;167;1;0.0
28;167;2;0.0
28;167;3;0.0
28;167;4;0.0
28;167;5;0.0
28;167;6;0.0
28;167;7;0.0
28;167;8;0.0
29;167;1;0.0
29;167;2;0.0
29;167;3;0.0
29;167;4;0.0
29;167;5;0.0
29;167;6;0.0
29;167;7;0.0
29;167;8;0.0
30;167;1;0.0
30;167;2;0.0
30;167;3;0.0
30;167;4;0.0
30;167;5;0.0
30;167;6;0.0
30;167;7;0.0
30;167;8;0.0
31;167;1;0.0
31;167;2;0.0
31;167;3;0.0
31;167;4;0.0
31;167;5;0.0
31;167;6;0.0
31;167;7;0.0
31;167;8;0.0
32;167;1;0.0
32;167;2;0.0
32;167;3;0.0
32;167;4;0.0
32;167;5;0.0
32;167;6;0.0
32;167;7;0.0
32;167;8;0.0
33;167;1;0.0
33;167;2;0.0
33;167;3;0.0
33;167;4;0.0
33;167;5;0.0
33;167;6;0.0
33;167;7;0.0
33;167;8;0.0
34;167;1;0.0
34;167;2;0.0
34;167;3;0.0
34;167;4;0.0
34;167;5;0.0
34;167;6;0.0
34;167;7;0.0
34;167;8;0.0
35;167;1;0.0
35;167;2;0.0
35;167;3;0.0
35;167;4;0.0
35;167;5;0.0
35;167;6;0.0
35;167;7;0.0
35;167;8;0.0
36;167;1;0.0
36;167;2;0.0
36;167;3;0.0
36;167;4;0.0
36;167;5;0.0
36;167;6;0.0
36;167;7;0.0
36;167;8;0.0
37;167;1;0.0
37;167;2;0.0
37;167;3;0.0
37;167;4;0.0
37;167;5;0.0
37;167;6;0.0
37;167;7;0.0
37;167;8;0.0
38;167;1;0.0
38;167;2;0.0
38;167;3;0.0
38;167;4;0.0
38;167;5;0.0
38;167;6;0.0
38;167;7;0.0
38;167;8;0.0
39;167;1;0.0
39;167;2;0.0
39;167;3;0.0
39;167;4;0.0
39;167;5;0.0
39;167;6;0.0
39;167;7;0.0
39;167;8;0.0
40;167;1;0.0
40;167;2;0.0
40;167;3;0.0
40;167;4;0.0
40;167;5;0.0
40;167;6;0.0
40;167;7;0.0
40;167;8;0.0
41;167;1;0.0
41;167;2;0.0
41;167;3;0.0
41;167;4;0.0
41;167;5;0.0
41;167;6;0.0
41;167;7;0.0
41;167;8;0.0
42;167;1;0.0
42;167;2;0.0
42;167;3;0.0
42;167;4;0.0
42;167;5;0.0
42;167;6;0.0
42;167;7;0.0
42;167;8;0.0
43;167;1;0.0
43;167;2;0.0
43;167;3;0.0
43;167;4;0.0
43;167;5;0.0
43;167;6;0.0
43;167;7;0.0
43;167;8;0.0
44;167;1;0.0
44;167;2;0.0
44;167;3;0.0
44;167;4;0.0
44;167;5;0.0
44;167;6;0.0
44;167;7;0.0
44;167;8;0.0
45;167;1;0.0
45;167;2;0.0
45;167;3;0.0
45;167;4;0.0
45;167;5;0.0
45;167;6;0.0
45;167;7;0.0
45;167;8;0.0
46;167;1;0.0
46;167;2;0.0
46;167;3;0.0
46;167;4;0.0
46;167;5;0.0
46;167;6;0.0
46;167;7;0.0
46;167;8;0.0
47;167;1;-4.6318611878235794e-17
47;167;2;-4.6318611878235794e-17
47;167;3;-1.480777668819439e-16
47;167;4;-1.9759513613858243e-12
47;167;5;-4.6318611878235794e-17
47;167;6;-4.6318611878235794e-17
47;167;7;-4.6318611878235794e-17
47;167;8;-4.6318611878235794e-17
48;167;1;0.0
48;167;2;0.0
48;167;3;0.0
48;167;4;0.0
48;167;5;0.0
48;167;6;0.0
48;167;7;0.0
48;167;8;0.0
49;167;1;0.0
49;167;2;0.0
49;167;3;0.0
49;167;4;0.0
49;167;5;0.0
49;167;6;0.0
49;167;7;0.0
49;167;8;0.0
50;167;1;0.0
50;167;2;0.0
50;167;3;0.0
50;167;4;0.0
50;167;5;0.0
50;167;6;0.0
50;167;7;0.0
50;167;8;0.0
51;167;1;0.0
51;167;2;0.0
51;167;3;0.0
51;167;4;0.0
51;167;5;0.0
51;167;6;0.0
51;167;7;0.0
51;167;8;0.0
52;167;1;0.0
52;167;2;0.0
52;167;3;0.0
52;167;4;-3.2614561637387065e-13
52;167;5;0.0
52;167;6;0.0
52;167;7;0.0
52;167;8;0.0
53;167;1;0.0
53;167;2;0.0
53;167;3;0.0
53;167;4;0.0
53;167;5;0.0
53;167;6;0.0
53;167;7;0.0
53;167;8;0.0
54;167;1;0.0
54;167;2;0.0
54;167;3;0.0
54;167;4;-7.832593850885804e-15
54;167;5;0.0
54;167;6;0.0
54;167;7;0.0
54;167;8;0.0
55;167;1;0.0
55;167;2;0.0
55;167;3;0.0
55;167;4;0.0
55;167;5;0.0
55;167;6;0.0
55;167;7;0.0
55;167;8;0.0
56;167;1;0.0
56;167;2;0.0
56;167;3;0.0
56;167;4;0.0
56;167;5;0.0
56;167;6;0.0
56;167;7;0.0
56;167;8;0.0
57;167;1;0.0
57;167;2;0.0
57;167;3;0.0
57;167;4;0.0
57;167;5;0.0
57;167;6;0.0
57;167;7;0.0
57;167;8;0.0
58;167;1;0.0
58;167;2;0.0
58;167;3;0.0
58;167;4;0.0
58;167;5;0.0
58;167;6;0.0
58;167;7;0.0
58;167;8;0.0
59;167;1;0.0
59;167;2;0.0
59;167;3;0.0
59;167;4;0.0
59;167;5;0.0
59;167;6;0.0
59;167;7;0.0
59;167;8;0.0
1;168;1;0.0
1;168;2;0.0
1;168;3;0.0
1;168;4;0.0
1;168;5;0.0
1;168;6;0.0
1;168;7;0.0
1;168;8;0.0
2;168;1;0.0
2;168;2;0.0
2;168;3;0.0
2;168;4;0.0
2;168;5;0.0
2;168;6;0.0
2;168;7;0.0
2;168;8;0.0
3;168;1;0.0
3;168;2;0.0
3;168;3;0.0
3;168;4;0.0
3;168;5;0.0
3;168;6;0.0
3;168;7;0.0
3;168;8;0.0
4;168;1;0.0
4;168;2;0.0
4;168;3;0.0
4;168;4;0.0
4;168;5;0.0
4;168;6;0.0
4;168;7;0.0
4;168;8;0.0
5;168;1;0.0
5;168;2;0.0
5;168;3;0.0
5;168;4;0.0
5;168;5;0.0
5;168;6;0.0
5;168;7;0.0
5;168;8;0.0
6;168;1;0.0
6;168;2;0.0
6;168;3;0.0
6;168;4;0.0
6;168;5;0.0
6;168;6;0.0
6;168;7;0.0
6;168;8;0.0
7;168;1;0.0
7;168;2;0.0
7;168;3;0.0
7;168;4;0.0
7;168;5;0.0
7;168;6;0.0
7;168;7;0.0
7;168;8;0.0
8;168;1;0.0
8;168;2;0.0
8;168;3;0.0
8;168;4;0.0
8;168;5;0.0
8;168;6;0.0
8;168;7;0.0
8;168;8;0.0
9;168;1;0.0
9;168;2;0.0
9;168;3;0.0
9;168;4;0.0
9;168;5;0.0
9;168;6;0.0
9;168;7;0.0
9;168;8;0.0
10;168;1;0.0
10;168;2;0.0
10;168;3;0.0
10;168;4;0.0
10;168;5;0.0
10;168;6;0.0
10;168;7;0.0
10;168;8;0.0
11;168;1;0.0
11;168;2;0.0
11;168;3;0.0
11;168;4;0.0
11;168;5;0.0
11;168;6;0.0
11;168;7;0.0
11;168;8;0.0
12;168;1;0.0
12;168;2;0.0
12;168;3;0.0
12;168;4;0.0
12;168;5;0.0
12;168;6;0.0
12;168;7;0.0
12;168;8;0.0
13;168;1;0.0
13;168;2;0.0
13;168;3;0.0
13;168;4;0.0
13;168;5;0.0
13;168;6;0.0
13;168;7;0.0
13;168;8;0.0
14;168;1;0.0
14;168;2;0.0
14;168;3;0.0
14;168;4;0.0
14;168;5;0.0
14;168;6;0.0
14;168;7;0.0
14;168;8;0.0
15;168;1;0.0
15;168;2;0.0
15;168;3;0.0
15;168;4;0.0
15;168;5;0.0
15;168;6;0.0
15;168;7;0.0
15;168;8;0.0
16;168;1;0.0
16;168;2;0.0
16;168;3;0.0
16;168;4;0.0
16;168;5;0.0
16;168;6;0.0
16;168;7;0.0
16;168;8;0.0
17;168;1;-2.8221140066405606e-17
17;168;2;-2.8221140066405606e-17
17;168;3;-9.387362239507896e-17
17;168;4;-1.0000000000141216
17;168;5;-2.8221140066405606e-17
17;168;6;-2.8221140066405606e-17
17;168;7;-2.8221140066405606e-17
17;168;8;-2.8221140066405606e-17
18;168;1;0.0
18;168;2;0.0
18;168;3;0.0
18;168;4;0.0
18;168;5;0.0
18;168;6;0.0
18;168;7;0.0
18;168;8;0.0
19;168;1;0.0
19;168;2;0.0
19;168;3;0.0
19;168;4;0.0
19;168;5;0.0
19;168;6;0.0
19;168;7;0.0
19;168;8;0.0
20;168;1;0.0
20;168;2;0.0
20;168;3;1.6687982182340238e-16
20;168;4;0.0
20;168;5;0.0
20;168;6;0.0
20;168;7;0.0
20;168;8;0.0
21;168;1;-4.018048537471574e-17
21;168;2;-4.018048537471574e-17
21;168;3;-1.2611569778169528e-16
21;168;4;-6.061039068816272e-13
21;168;5;-4.018048537471574e-17
21;168;6;-4.018048537471574e-17
21;168;7;-4.018048537471574e-17
21;168;8;-4.018048537471574e-17
22;168;1;-7.220204816596732e-17
22;168;2;-7.220204816596732e-17
22;168;3;-1.6668446462933375e-16
22;168;4;-1.652011860642233e-13
22;168;5;-7.220204816596732e-17
22;168;6;-7.220204816596732e-17
22;168;7;-7.220204816596732e-17
22;168;8;-7.220204816596732e-17
23;168;1;0.0
23;168;2;0.0
23;168;3;0.0
23;168;4;0.0
23;168;5;0.0
23;168;6;0.0
23;168;7;0.0
23;168;8;0.0
24;168;1;0.0
24;168;2;0.0
24;168;3;0.0
24;168;4;0.0
24;168;5;0.0
24;168;6;0.0
24;168;7;0.0
24;168;8;0.0
25;168;1;0.0
25;168;2;0.0
25;168;3;0.0
25;168;4;0.0
25;168;5;0.0
25;168;6;0.0
25;168;7;0.0
25;168;8;0.0
26;168;1;0.0
26;168;2;0.0
26;168;3;0.0
26;168;4;0.0
26;168;5;0.0
26;168;6;0.0
26;168;7;0.0
26;168;8;0.0
27;168;1;0.0
27;168;2;0.0
27;168;3;0.0
27;168;4;0.0
27;168;5;0.0
27;168;6;0.0
27;168;7;0.0
27;168;8;0.0
28;168;1;0.0
28;168;2;0.0
28;168;3;0.0
28;168;4;0.0
28;168;5;0.0
28;168;6;0.0
28;168;7;0.0
28;168;8;0.0
29;168;1;0.0
29;168;2;0.0
29;168;3;0.0
29;168;4;0.0
29;168;5;0.0
29;168;6;0.0
29;168;7;0.0
29;168;8;0.0
30;168;1;0.0
30;168;2;0.0
30;168;3;0.0
30;168;4;0.0
30;168;5;0.0
30;168;6;0.0
30;168;7;0.0
30;168;8;0.0
31;168;1;0.0
31;168;2;0.0
31;168;3;0.0
31;168;4;0.0
31;168;5;0.0
31;168;6;0.0
31;168;7;0.0
31;168;8;0.0
32;168;1;0.0
32;168;2;0.0
32;168;3;0.0
32;168;4;0.0
32;168;5;0.0
32;168;6;0.0
32;168;7;0.0
32;168;8;0.0
33;168;1;0.0
33;168;2;0.0
33;168;3;0.0
33;168;4;0.0
33;168;5;0.0
33;168;6;0.0
33;168;7;0.0
33;168;8;0.0
34;168;1;0.0
34;168;2;0.0
34;168;3;0.0
34;168;4;0.0
34;168;5;0.0
34;168;6;0.0
34;168;7;0.0
34;168;8;0.0
35;168;1;0.0
35;168;2;0.0
35;168;3;0.0
35;168;4;0.0
35;168;5;0.0
35;168;6;0.0
35;168;7;0.0
35;168;8;0.0
36;168;1;0.0
36;168;2;0.0
36;168;3;0.0
36;168;4;0.0
36;168;5;0.0
36;168;6;0.0
36;168;7;0.0
36;168;8;0.0
37;168;1;0.0
37;168;2;0.0
37;168;3;0.0
37;168;4;0.0
37;168;5;0.0
37;168;6;0.0
37;168;7;0.0
37;168;8;0.0
38;168;1;0.0
38;168;2;0.0
38;168;3;0.0
38;168;4;0.0
38;168;5;0.0
38;168;6;0.0
38;168;7;0.0
38;168;8;0.0
39;168;1;0.0
39;168;2;0.0
39;168;3;0.0
39;168;4;0.0
39;168;5;0.0
39;168;6;0.0
39;168;7;0.0
39;168;8;0.0
40;168;1;0.0
40;168;2;0.0
40;168;3;0.0
40;168;4;0.0
40;168;5;0.0
40;168;6;0.0
40;168;7;0.0
40;168;8;0.0
41;168;1;0.0
41;168;2;0.0
41;168;3;0.0
41;168;4;0.0
41;168;5;0.0
41;168;6;0.0
41;168;7;0.0
41;168;8;0.0
42;168;1;0.0
42;168;2;0.0
42;168;3;0.0
42;168;4;0.0
42;168;5;0.0
42;168;6;0.0
42;168;7;0.0
42;168;8;0.0
43;168;1;0.0
43;168;2;0.0
43;168;3;0.0
43;168;4;0.0
43;168;5;0.0
43;168;6;0.0
43;168;7;0.0
43;168;8;0.0
44;168;1;0.0
44;168;2;0.0
44;168;3;0.0
44;168;4;0.0
44;168;5;0.0
44;168;6;0.0
44;168;7;0.0
44;168;8;0.0
45;168;1;0.0
45;168;2;0.0
45;168;3;0.0
45;168;4;0.0
45;168;5;0.0
45;168;6;0.0
45;168;7;0.0
45;168;8;0.0
46;168;1;0.0
46;168;2;0.0
46;168;3;0.0
46;168;4;0.0
46;168;5;0.0
46;168;6;0.0
46;168;7;0.0
46;168;8;0.0
47;168;1;-6.97405660699653e-17
47;168;2;-6.97405660699653e-17
47;168;3;-2.395952226187542e-16
47;168;4;-6.030300601035969e-13
47;168;5;-6.97405660699653e-17
47;168;6;-6.97405660699653e-17
47;168;7;-6.97405660699653e-17
47;168;8;-6.97405660699653e-17
48;168;1;0.0
48;168;2;0.0
48;168;3;0.0
48;168;4;0.0
48;168;5;0.0
48;168;6;0.0
48;168;7;0.0
48;168;8;0.0
49;168;1;0.0
49;168;2;0.0
49;168;3;0.0
49;168;4;0.0
49;168;5;0.0
49;168;6;0.0
49;168;7;0.0
49;168;8;0.0
50;168;1;0.0
50;168;2;0.0
50;168;3;0.0
50;168;4;0.0
50;168;5;0.0
50;168;6;0.0
50;168;7;0.0
50;168;8;0.0
51;168;1;0.0
51;168;2;0.0
51;168;3;0.0
51;168;4;0.0
51;168;5;0.0
51;168;6;0.0
51;168;7;0.0
51;168;8;0.0
52;168;1;0.0
52;168;2;0.0
52;168;3;0.0
52;168;4;-2.9020418819831826e-13
52;168;5;0.0
52;168;6;0.0
52;168;7;0.0
52;168;8;0.0
53;168;1;0.0
53;168;2;0.0
53;168;3;0.0
53;168;4;0.0
53;168;5;0.0
53;168;6;0.0
53;168;7;0.0
53;168;8;0.0
54;168;1;0.0
54;168;2;0.0
54;168;3;0.0
54;168;4;-2.036593116372387e-12
54;168;5;0.0
54;168;6;0.0
54;168;7;0.0
54;168;8;0.0
55;168;1;0.0
55;168;2;0.0
55;168;3;0.0
55;168;4;0.0
55;168;5;0.0
55;168;6;0.0
55;168;7;0.0
55;168;8;0.0
56;168;1;0.0
56;168;2;0.0
56;168;3;0.0
56;168;4;0.0
56;168;5;0.0
56;168;6;0.0
56;168;7;0.0
56;168;8;0.0
57;168;1;0.0
57;168;2;0.0
57;168;3;0.0
57;168;4;0.0
57;168;5;0.0
57;168;6;0.0
57;168;7;0.0
57;168;8;0.0
58;168;1;0.0
58;168;2;0.0
58;168;3;0.0
58;168;4;0.0
58;168;5;0.0
58;168;6;0.0
58;168;7;0.0
58;168;8;0.0
59;168;1;0.0
59;168;2;0.0
59;168;3;0.0
59;168;4;0.0
59;168;5;0.0
59;168;6;0.0
59;168;7;0.0
59;168;8;0.0
